356
411
603
355
395
691
404
512
634
408
435
585
370
531
636
476
432
604
432
431
652
408
428
777
396
506
642
459
541
689
502
634
673
334
616
835
463
680
742
358
592
829
298
590
631
251
510
729
307
607
679
268
564
640
257
640
618
297
609
596
248
621
668
313
542
739
363
456
747
319
540
796
401
468
777
467
540
902
297
655
819
339
584
768
236
623
816
538
538
815
521
667
723
413
525
912
267
652
815
500
537
768
516
604
684
422
526
649
403
453
737
362
528
836
497
632
618
392
547
686
445
603
623
562
546
700
420
648
675
368
413
680
226
448
650
326
488
705
419
525
571
257
501
678
366
557
574
305
510
664
266
526
619
237
453
722
306
582
745
273
478
738
301
594
718
250
517
730
414
504
651
520
486
883
372
561
855
514
476
896
466
540
736
471
453
856
477
607
795
341
461
827
416
629
868
478
565
800
418
554
820
467
402
869
365
680
757
550
529
651
440
543
610
544
490
688
376
695
643
484
518
674
503
587
674
527
608
774
531
481
642
352
508
670
433
548
712
409
579
652
353
707
634
331
614
820
453
555
729
511
510
644
396
592
680
369
496
700
397
588
629
367
532
705
301
633
726
313
556
744
439
702
634
320
489
716
350
700
717
261
527
691
337
542
656
318
559
719
378
716
859
313
561
722
390
545
806
405
404
654
432
498
820
391
464
815
366
644
818
287
486
699
253
463
716
499
515
760
379
398
910
320
468
693
439
590
790
490
476
652
420
611
739
560
504
879
458
683
714
473
482
827
410
461
705
478
546
813
449
512
765
425
435
845
420
535
706
353
609
711
296
631
807
324
495
844
304
662
798
402
611
754
427
651
805
501
569
856
454
634
736
451
622
755
322
566
733
454
641
733
363
693
837
366
591
826
398
482
901
391
526
891
374
480
863
370
496
837
360
621
879
360
469
790
263
522
899
465
494
811
407
542
830
476
561
938
353
606
764
423
579
909
431
596
736
414
456
699
349
490
741
355
534
740
442
642
825
492
535
764
450
634
765
469
569
746
405
508
760
479
721
785
319
463
814
392
550
741
291
457
719
398
496
725
343
510
641
339
574
601
371
598
764
317
534
817
363
566
726
373
532
820
283
576
841
496
631
711
290
540
863
410
690
862
300
566
887
404
596
891
321
535
887
425
510
813
303
514
894
275
504
734
330
489
811
375
450
932
333
429
931
436
517
837
282
508
692
342
516
654
391
514
692
342
416
626
439
587
758
490
534
727
397
558
814
434
600
715
421
485
739
456
553
796
385
533
822
468
631
664
600
560
755
481
517
812
459
587
817
303
637
791
324
624
727
384
558
703
404
596
816
331
629
832
309
675
778
446
689
722
328
585
820
573
585
847
275
652
790
291
722
760
365
575
753
330
744
824
312
621
808
397
539
795
309
510
783
371
509
812
322
501
818
351
460
842
314
440
737
278
474
833
358
590
839
478
550
837
378
494
838
278
688
857
261
499
813
514
524
682
344
654
718
530
638
657
325
606
728
427
645
738
364
636
743
494
575
876
469
525
830
431
614
864
350
656
790
404
573
733
475
715
739
314
574
741
343
844
801
391
836
815
269
636
814
404
685
820
293
596
818
440
785
816
359
654
695
308
550
650
309
636
817
368
616
839
339
652
760
281
620
653
312
572
770
426
590
846
287
522
904
427
610
819
345
543
846
493
557
945
402
593
949
436
560
841
354
581
856
272
571
797
367
653
917
511
712
1037
396
519
879
378
595
724
357
585
795
381
629
759
556
438
680
497
546
810
414
657
751
365
674
759
395
677
843
591
675
801
460
458
693
510
545
725
387
582
691
316
565
685
248
545
705
405
592
730
243
735
702
440
633
843
294
725
737
348
589
744
259
560
740
345
535
787
287
712
752
414
640
799
297
511
992
324
509
885
275
567
988
363
585
726
312
508
758
458
530
872
310
562
863
369
470
817
418
617
788
379
537
846
322
598
753
301
565
683
291
525
763
339
623
731
487
627
853
483
633
759
640
616
831
530
572
822
437
640
998
537
541
669
579
638
800
493
515
705
503
525
642
457
593
695
338
598
714
484
638
756
297
543
724
379
656
825
304
603
742
332
648
695
353
551
854
490
625
776
229
573
790
366
607
785
374
614
750
308
573
776
348
756
846
495
645
747
311
540
801
514
626
836
414
601
770
267
610
834
293
574
850
340
552
763
291
539
826
369
497
831
309
599
1050
358
445
790
311
540
896
478
551
866
389
693
803
322
575
685
370
523
683
328
486
716
345
566
747
423
542
722
578
489
742
499
657
767
405
566
749
516
548
733
357
570
736
603
548
710
497
566
692
400
583
810
495
768
837
283
549
764
246
618
676
299
575
772
234
567
763
392
601
772
225
673
717
330
537
777
267
670
869
293
726
903
413
613
800
379
554
887
428
575
836
382
577
1003
377
670
948
451
592
891
436
495
942
475
565
945
474
666
951
332
609
843
408
539
938
467
666
990
538
596
950
452
520
792
473
623
803
467
530
728
359
562
656
383
514
806
411
669
824
429
660
936
427
481
784
385
468
670
313
500
737
397
494
687
417
501
762
533
541
768
444
545
686
380
541
716
310
563
754
286
686
834
321
547
777
331
686
832
414
703
840
503
641
701
409
736
762
430
581
730
436
637
972
459
765
877
433
713
856
357
678
817
360
578
810
268
517
843
553
536
946
449
488
858
362
636
867
318
646
811
360
623
866
515
560
802
392
411
824
338
597
873
311
670
656
432
436
689
307
437
735
384
563
639
510
665
809
496
673
845
433
633
845
485
647
757
427
679
833
519
657
778
343
515
800
293
654
809
294
584
799
363
671
791
371
732
702
323
650
734
307
706
680
282
596
743
291
564
774
305
617
792
269
607
756
346
649
788
333
613
746
446
480
752
445
513
783
475
671
822
503
590
792
417
600
861
359
659
879
269
545
844
252
598
967
485
665
945
396
551
807
376
655
919
401
521
886
388
567
783
490
673
894
494
561
705
429
636
831
406
582
742
569
634
790
548
634
800
454
560
739
458
491
712
419
710
866
461
626
815
568
670
837
613
747
883
504
515
721
320
600
841
292
534
735
260
605
758
380
627
783
294
543
701
266
693
759
415
659
757
320
614
750
260
571
803
331
595
767
274
675
757
327
618
836
359
635
756
353
719
780
367
538
762
356
531
733
313
596
780
432
585
770
330
556
860
405
611
884
316
624
891
364
555
864
543
737
1100
593
705
1062
525
656
976
411
647
875
472
646
734
462
599
741
514
657
707
500
698
778
532
673
707
459
568
713
512
559
739
539
536
770
388
567
777
471
531
764
424
571
755
487
546
709
448
722
748
475
736
844
334
706
690
440
647
838
320
674
775
363
653
773
369
725
904
478
810
753
371
637
800
320
653
717
388
673
808
368
680
846
371
782
767
450
682
780
383
764
736
418
601
913
417
560
857
422
534
770
465
633
860
498
473
871
403
632
939
477
689
852
416
555
822
379
490
762
437
603
850
392
463
902
416
592
774
490
558
725
397
504
697
483
653
752
481
542
802
437
596
780
480
676
854
542
620
694
434
658
837
466
569
785
450
615
862
349
564
730
480
699
675
499
655
832
478
593
877
356
573
822
315
730
785
370
630
779
434
722
882
434
687
854
466
750
912
416
754
818
457
656
713
414
590
888
540
747
739
385
737
920
341
755
846
351
682
848
449
670
810
477
506
787
380
557
841
361
464
885
453
637
874
377
476
840
415
520
940
328
638
1021
454
637
821
453
552
1064
441
577
883
383
573
838
516
560
827
282
564
938
400
652
875
554
661
718
436
554
743
410
738
972
452
571
851
474
687
756
557
684
961
576
591
782
523
643
861
556
703
819
584
621
854
490
616
845
434
589
453
469
658
849
546
693
890
491
588
870
358
715
848
325
588
854
458
758
736
326
731
858
482
806
827
449
684
874
331
689
970
460
648
335
307
840
787
431
696
767
370
750
403
351
670
883
457
607
379
348
642
431
523
647
342
481
628
879
337
588
943
396
589
875
396
650
390
478
619
512
605
670
578
496
624
463
429
627
474
451
625
493
557
656
458
546
655
505
434
633
299
406
660
413
615
645
416
554
669
326
670
659
486
582
619
339
479
655
463
518
631
468
447
623
379
511
635
413
470
676
456
546
679
399
597
657
464
499
573
356
444
611
386
393
683
369
412
779
380
267
706
350
403
799
386
482
807
484
474
713
373
391
650
482
313
575
394
427
651
336
403
676
364
406
572
485
460
525
528
457
590
487
306
624
498
425
626
440
393
654
447
461
544
390
423
756
360
432
672
458
480
579
388
389
621
488
477
676
447
424
624
471
453
646
414
497
664
308
465
685
347
594
579
272
468
646
413
521
603
327
503
646
392
448
531
559
528
630
393
427
731
467
522
645
440
593
660
431
451
608
432
572
638
374
517
766
426
306
661
369
346
681
462
376
779
431
436
670
454
433
796
448
401
621
327
450
615
361
510
698
434
401
850
526
495
924
671
540
695
509
597
807
446
399
628
543
467
637
468
456
611
440
521
575
663
537
785
536
568
762
566
555
824
598
370
761
473
421
769
592
593
739
477
543
636
557
589
664
449
508
778
392
684
752
433
542
639
265
468
620
352
489
789
359
497
666
376
557
691
437
561
745
339
416
546
382
456
515
380
467
596
297
469
628
312
436
701
295
437
670
277
413
713
390
408
680
447
331
634
491
445
665
332
439
711
442
482
633
397
376
625
430
486
808
327
510
603
320
454
729
389
463
787
520
324
761
261
471
626
494
455
580
536
540
559
476
507
567
378
382
622
459
401
566
507
545
651
471
491
653
460
468
549
490
412
713
493
350
589
372
385
678
459
490
564
459
412
630
441
514
648
377
362
588
271
544
630
444
510
665
386
445
658
481
530
678
522
432
637
375
448
740
468
528
526
461
427
707
444
424
702
454
422
648
371
380
605
353
399
747
323
428
729
503
456
773
441
470
732
415
419
778
455
431
707
431
450
748
530
443
732
359
444
713
337
468
532
499
392
682
595
454
529
474
404
607
391
413
619
456
549
663
484
476
673
563
485
667
489
432
617
585
507
669
584
484
677
404
528
645
317
501
702
293
490
794
346
534
630
362
485
640
347
542
588
439
433
618
384
489
581
393
491
540
382
581
591
374
470
605
389
380
742
377
480
707
470
404
587
436
432
704
470
378
676
424
306
748
409
397
761
410
398
747
373
413
685
422
485
672
481
451
654
491
420
798
382
402
697
441
455
816
479
482
766
409
425
687
412
377
574
448
458
602
398
452
640
530
482
636
561
450
569
531
417
598
454
412
659
447
489
672
356
432
646
503
383
621
536
396
653
409
418
593
453
450
646
444
461
645
479
320
666
444
359
652
474
446
676
407
510
738
404
459
606
360
507
656
377
561
661
369
434
632
336
495
611
473
464
590
409
583
561
456
464
599
290
428
631
362
460
656
496
498
585
453
510
759
483
524
658
296
363
752
392
439
706
422
386
866
446
403
752
435
426
761
440
480
679
421
388
669
363
425
663
475
498
762
437
416
714
419
472
735
351
456
619
354
477
744
540
450
561
361
299
561
454
456
639
446
516
550
700
452
597
517
512
638
566
457
683
555
489
719
497
445
624
469
582
710
474
316
696
451
360
667
423
436
681
484
421
701
301
473
618
377
566
597
354
407
662
454
544
676
391
580
710
384
526
709
397
518
682
427
513
687
430
558
663
338
438
602
413
399
561
445
376
763
423
333
650
418
321
694
386
363
692
394
453
739
398
467
741
429
466
708
441
456
658
397
476
735
429
445
761
382
491
617
381
440
580
524
390
699
422
457
602
440
437
583
498
479
657
477
410
669
452
401
666
492
522
632
392
479
602
554
386
686
397
450
593
469
399
637
396
428
585
368
455
630
356
476
492
362
483
737
448
523
790
372
468
691
364
453
654
452
471
648
351
530
628
377
434
605
306
469
586
390
460
637
354
598
740
362
425
650
391
439
701
361
377
668
364
398
709
352
326
704
272
339
710
355
338
646
295
318
622
349
324
640
349
335
721
350
330
661
347
407
661
392
359
690
296
437
721
443
426
582
392
449
555
398
429
569
436
374
548
421
431
553
476
451
508
405
372
616
444
299
584
366
369
528
375
450
584
431
381
583
491
396
611
409
471
630
376
409
550
355
468
552
288
412
559
253
473
706
385
590
617
376
451
717
427
576
552
403
478
772
443
476
626
444
429
704
253
512
713
431
589
664
342
481
710
444
361
776
446
472
702
325
468
751
377
428
654
420
427
741
421
505
745
413
486
812
304
447
702
483
505
638
352
393
647
416
414
804
431
481
670
300
521
714
398
367
674
450
420
669
480
478
565
464
447
551
440
485
549
383
492
662
481
497
700
481
368
596
433
488
676
441
405
703
464
511
622
401
507
699
564
482
694
384
582
734
456
597
654
377
607
713
370
553
540
403
383
650
332
406
660
400
389
629
322
431
564
397
415
561
254
522
597
403
515
615
363
566
696
405
532
672
431
426
631
452
483
792
446
424
715
355
476
711
386
394
620
485
317
712
342
456
685
351
491
724
290
545
667
324
410
786
359
395
796
339
429
708
358
468
671
409
565
693
538
456
579
472
500
621
460
513
552
457
436
600
361
433
635
404
435
731
399
432
558
390
371
608
426
402
601
402
477
630
298
485
540
419
393
725
386
535
592
405
515
730
268
574
622
351
518
617
332
453
607
352
420
781
331
487
667
330
430
767
320
464
576
319
508
598
344
572
603
256
409
674
253
385
608
327
382
588
332
428
695
354
338
692
347
430
727
301
517
763
277
361
623
446
577
738
424
456
788
247
386
795
427
574
750
437
423
799
517
540
732
380
419
787
486
481
595
525
501
617
446
397
582
453
424
615
374
453
661
495
513
664
382
559
584
420
366
654
369
456
646
403
364
628
419
359
607
437
421
556
394
391
555
267
468
635
285
480
767
263
531
650
309
510
746
480
547
719
442
651
616
308
523
746
375
508
603
243
521
703
331
655
608
326
454
682
349
435
798
365
358
684
336
330
668
319
354
600
301
437
710
390
377
707
302
484
755
310
509
719
454
542
711
324
551
747
364
592
743
361
368
809
385
552
692
478
535
819
504
532
602
464
480
766
530
533
714
472
488
650
485
535
632
439
524
722
450
496
674
472
526
684
469
502
676
517
409
687
296
477
666
407
528
719
301
601
705
306
519
724
346
531
668
319
517
738
353
602
685
435
616
715
286
474
654
322
527
628
362
598
738
447
546
852
447
542
760
367
554
696
453
608
623
425
383
821
346
354
706
307
360
694
287
460
742
314
538
712
353
410
657
435
531
782
455
396
687
282
452
781
422
524
708
364
422
693
336
386
570
586
392
556
324
371
563
534
527
547
426
412
578
415
395
624
357
424
604
306
455
620
521
518
596
506
416
650
432
330
611
424
404
643
357
594
874
361
506
637
299
549
636
262
495
679
247
507
553
398
514
554
446
539
592
311
506
665
353
511
701
347
479
675
258
449
616
449
565
653
363
442
624
357
405
691
437
466
601
438
452
758
345
363
620
378
383
736
378
403
630
251
406
655
261
423
663
465
383
648
547
433
729
334
353
691
455
414
665
343
413
758
455
397
637
507
440
636
513
420
597
369
428
627
404
438
547
511
455
591
492
409
737
452
370
709
627
444
641
529
396
724
650
441
584
399
477
680
478
489
698
539
577
646
375
555
577
355
566
729
418
529
775
370
593
793
360
630
768
410
568
653
486
565
587
344
516
724
428
528
844
458
578
766
379
493
743
441
566
752
394
424
616
293
374
714
293
475
636
287
373
651
355
365
734
449
443
651
369
454
730
442
469
760
284
359
719
460
670
830
352
448
730
322
354
739
291
337
739
381
409
575
376
368
573
388
424
567
358
382
558
411
446
639
406
492
838
460
464
717
475
433
734
540
472
732
486
553
793
486
565
755
453
558
615
521
523
689
433
569
796
391
595
724
300
636
796
416
536
751
257
507
606
470
525
650
237
562
628
370
527
643
297
520
539
354
475
614
343
484
593
371
470
694
286
433
590
300
477
592
426
447
906
424
367
747
453
431
811
394
428
734
355
521
741
455
489
873
392
563
766
343
374
697
296
461
827
432
479
694
390
483
857
451
377
733
314
388
569
403
527
620
498
553
618
327
406
568
360
450
676
321
566
790
464
482
713
428
525
775
390
569
682
473
542
741
446
558
691
350
454
718
300
552
597
387
541
575
321
523
773
433
511
720
327
641
732
239
428
667
284
499
711
418
482
788
287
477
674
367
450
620
325
522
710
400
499
766
431
591
722
334
448
665
311
436
752
488
403
740
263
427
754
367
504
706
361
535
796
408
444
783
391
513
865
294
455
779
425
513
863
407
399
804
328
464
722
420
416
825
403
532
771
449
486
764
384
605
695
417
488
683
434
599
727
459
507
726
466
537
658
441
426
635
529
517
764
425
451
700
529
442
670
403
423
658
502
609
743
374
638
748
373
588
730
354
546
748
337
524
804
302
721
744
272
606
779
307
573
701
432
548
754
405
458
624
325
645
768
334
553
654
417
660
717
460
531
782
360
537
751
416
468
773
302
450
809
329
404
737
402
557
719
443
567
843
347
599
844
355
434
730
386
548
807
445
521
863
453
513
830
421
549
740
355
539
658
458
548
621
525
557
718
442
432
695
508
527
723
422
636
729
564
550
714
463
445
827
486
472
658
390
450
811
354
538
675
372
563
736
283
511
666
343
485
813
290
663
778
279
603
684
348
572
668
303
591
760
399
574
703
319
601
743
371
520
620
442
556
661
412
592
755
356
593
798
282
541
660
333
520
715
429
552
582
439
503
800
415
517
718
402
493
786
345
383
707
421
445
722
482
512
908
417
417
805
459
546
723
364
550
834
305
533
652
448
556
753
463
458
728
350
446
826
313
612
771
361
500
690
519
540
595
397
418
654
437
605
742
353
488
572
533
602
590
539
535
698
471
437
663
431
538
765
476
602
668
451
548
644
452
463
693
484
444
726
412
493
660
246
490
708
367
604
568
403
533
653
356
595
611
266
580
634
256
565
638
253
707
667
367
477
694
405
581
753
367
573
599
368
567
528
310
491
627
292
629
565
235
438
577
259
539
581
251
364
584
386
424
740
397
445
655
352
400
799
303
331
641
296
339
649
216
369
634
250
459
601
421
421
695
369
477
629
329
489
649
347
438
794
252
360
622
382
413
569
335
436
577
372
463
602
357
481
559
449
511
659
545
505
554
365
430
705
309
436
566
458
446
628
318
401
572
312
461
736
275
476
647
270
479
585
241
399
541
328
526
561
356
454
577
252
539
624
271
423
561
184
482
523
235
435
565
198
462
548
219
407
565
200
480
535
354
632
665
408
550
806
332
530
612
340
453
647
263
468
700
312
410
716
397
452
722
327
458
749
363
416
729
307
469
655
330
431
701
342
487
662
344
484
655
349
543
806
253
495
716
333
415
845
457
516
720
390
503
698
403
463
584
366
469
629
439
483
653
422
396
616
476
541
591
451
550
757
466
591
617
521
634
751
501
640
647
468
513
744
478
585
679
304
539
759
324
609
577
362
582
710
392
547
725
405
555
673
444
599
656
404
595
796
330
545
674
450
606
747
396
572
621
338
559
659
482
567
730
420
557
744
361
532
635
399
551
877
476
417
748
407
428
683
495
604
680
348
471
769
283
510
774
404
492
720
305
448
673
337
622
685
434
587
746
294
476
722
378
477
750
370
506
643
475
444
614
401
459
619
514
593
644
431
579
800
481
530
621
409
486
762
486
499
603
439
411
781
450
530
653
470
494
670
457
541
610
377
550
733
449
694
633
445
538
890
370
707
679
461
572
780
284
572
749
444
501
769
418
598
754
351
582
833
443
676
694
355
543
844
434
709
690
528
462
695
339
404
683
455
467
725
451
528
919
409
577
784
539
539
933
303
487
722
389
498
789
388
490
810
398
555
799
399
516
728
530
580
748
510
494
587
544
721
654
538
506
721
501
686
768
661
529
873
549
680
705
558
491
889
564
580
773
436
548
759
358
769
731
322
541
655
320
644
767
227
574
761
280
556
827
283
494
713
261
518
701
379
514
770
282
477
901
442
614
687
432
540
844
427
644
849
424
590
928
426
502
805
399
524
810
493
517
831
368
538
843
489
490
881
443
505
866
403
400
864
393
510
791
363
421
759
410
564
842
308
455
735
413
586
885
377
465
795
444
649
752
396
482
820
460
571
753
396
522
679
411
544
745
544
453
714
428
561
675
494
490
702
515
587
675
514
437
660
438
607
710
402
486
820
455
559
708
521
525
653
458
530
759
307
455
754
361
555
783
399
571
750
355
580
830
434
577
764
363
523
804
323
543
715
389
585
728
391
604
755
350
544
714
418
724
811
258
555
656
308
553
847
357
420
716
414
431
839
405
507
915
411
476
862
374
505
901
434
487
814
388
596
802
305
594
720
354
602
850
409
472
733
367
530
760
399
499
796
377
586
749
431
482
677
376
520
627
345
430
655
369
493
642
448
483
592
431
513
619
354
382
751
449
505
692
463
555
691
370
510
704
526
573
740
369
604
756
421
557
684
311
557
740
276
585
778
428
672
916
420
595
828
419
686
759
480
563
684
320
470
705
319
536
652
313
604
762
442
504
709
276
572
644
297
579
644
262
550
790
352
431
759
345
558
817
315
411
867
367
550
814
491
412
812
371
656
830
445
659
726
347
583
801
480
489
800
450
579
806
315
558
803
494
581
884
382
566
707
369
472
753
474
506
649
477
595
652
397
577
626
350
512
692
545
560
748
398
627
720
387
473
764
393
609
786
501
723
800
369
482
781
437
540
762
363
614
777
433
742
589
354
559
713
347
590
781
326
664
736
295
532
701
370
511
798
417
537
733
329
536
794
465
775
702
360
662
766
404
489
653
325
606
766
443
606
723
304
598
780
283
428
846
311
600
814
428
582
760
334
593
793
420
649
802
323
401
724
403
520
751
282
479
731
415
503
800
340
553
874
418
478
839
371
578
832
360
476
1017
368
591
818
432
637
814
336
597
757
396
539
624
402
579
759
514
523
701
376
614
726
423
553
711
472
595
745
400
558
804
398
559
744
449
477
795
465
584
720
457
566
760
443
561
767
413
549
831
285
670
798
415
587
722
317
691
668
361
631
726
289
529
719
402
568
822
284
603
804
317
547
760
362
671
734
344
614
596
309
546
919
421
524
860
249
474
758
348
462
759
359
521
756
399
502
904
245
499
809
241
511
759
319
603
764
484
447
834
330
605
878
394
492
855
321
603
845
348
523
688
415
576
766
496
551
723
371
513
669
510
608
666
464
588
657
481
581
895
397
578
639
330
474
676
348
439
631
318
620
750
463
567
686
396
498
668
407
517
697
393
570
748
328
481
684
301
484
669
241
528
644
238
532
625
271
553
653
295
518
675
250
515
647
294
529
700
232
614
775
414
570
754
274
636
702
402
624
788
253
485
717
226
585
720
415
437
723
315
483
703
265
409
743
246
403
748
252
426
731
309
411
776
255
432
723
261
451
717
327
394
728
261
532
795
325
505
903
281
444
723
332
600
832
344
463
751
479
578
657
364
479
615
327
528
684
407
449
600
368
488
699
448
461
620
351
524
614
341
475
682
385
503
627
396
441
660
436
489
652
247
529
684
364
525
620
307
590
603
332
526
621
237
523
670
265
639
645
255
492
609
315
495
681
310
519
693
216
582
623
284
500
694
230
649
613
279
562
637
310
497
653
294
436
666
289
482
774
228
487
650
236
402
784
234
426
784
273
388
740
339
414
729
303
485
704
323
414
728
285
487
745
218
412
717
343
465
844
312
482
803
442
602
754
244
506
689
296
394
698
412
430
642
350
421
675
295
468
672
258
485
646
357
452
662
329
579
755
385
556
698
346
531
706
387
622
678
381
445
694
338
537
585
308
478
651
317
493
621
346
607
622
409
539
675
255
495
643
301
538
611
217
611
746
235
528
740
262
546
682
325
526
666
258
617
636
386
702
789
440
603
850
427
660
868
397
549
727
438
497
863
420
454
712
355
605
895
490
449
855
369
613
829
397
595
794
391
550
781
416
571
884
399
609
933
401
554
855
503
607
849
414
615
776
405
573
866
463
582
1051
391
698
761
482
581
690
324
563
657
484
658
741
314
628
609
507
541
712
465
685
801
451
647
756
563
584
827
465
574
762
499
747
868
454
554
771
475
613
815
486
731
762
435
632
750
317
648
772
310
670
747
366
592
791
398
739
772
418
629
816
418
788
789
390
578
751
334
584
812
355
685
842
414
580
795
422
710
972
325
547
777
333
550
1013
505
596
839
500
460
984
488
460
919
431
705
1069
555
687
1112
520
649
947
533
692
1059
493
688
874
504
668
857
475
561
839
329
565
661
530
666
823
499
632
801
445
598
864
526
636
644
442
604
703
387
627
833
449
579
753
451
555
780
514
584
793
502
495
726
547
632
860
400
643
793
281
593
746
446
581
705
338
586
883
378
707
840
303
734
806
379
658
789
313
589
755
420
652
832
375
697
900
427
617
835
376
580
765
364
715
828
423
615
839
437
702
809
331
463
833
444
516
907
357
563
915
441
478
857
393
544
791
428
593
744
461
602
851
254
643
795
482
595
926
358
484
836
335
573
736
489
578
919
436
590
912
340
519
672
342
459
698
399
505
668
424
551
693
483
551
836
367
506
807
335
1203
708
470
548
888
424
655
759
510
550
861
445
486
788
290
567
844
346
1438
837
365
489
765
268
626
713
550
592
890
325
631
1278
374
662
823
360
594
930
289
560
805
341
650
713
997
540
807
281
571
1340
443
499
917
366
475
805
488
684
790
324
526
850
997
441
779
258
498
1579
266
557
855
275
557
875
298
779
769
280
517
835
1151
545
915
275
607
1571
458
647
787
369
726
689
460
915
706
389
594
651
266
532
744
337
593
761
480
510
814
322
538
686
380
1053
644
304
581
706
360
487
663
541
548
831
400
590
707
289
560
695
280
1203
595
260
584
791
297
647
820
510
664
778
337
576
863
328
596
719
343
1456
846
427
737
788
434
613
819
711
563
871
399
518
1213
478
477
825
360
467
799
363
545
813
419
605
829
438
624
841
587
507
708
357
560
719
528
689
802
435
635
662
525
464
669
1061
493
730
313
543
1449
291
570
727
367
511
682
382
630
716
475
655
799
1115
659
773
322
618
1557
403
462
855
446
561
695
241
746
652
350
515
703
1081
503
677
268
557
669
266
579
676
386
577
824
319
1049
682
336
537
716
527
740
796
425
472
841
381
472
846
358
461
841
336
1073
806
322
527
789
361
649
744
332
483
687
401
557
778
369
567
856
435
542
819
517
608
711
400
674
708
633
631
813
509
587
911
342
502
788
250
1319
712
397
513
715
1082
494
751
435
650
749
490
561
773
415
564
735
283
658
806
411
644
834
277
765
788
465
685
820
373
714
833
396
731
933
279
676
841
429
723
758
425
669
738
354
569
739
336
623
777
291
509
752
327
846
662
430
543
880
424
504
902
412
457
834
342
493
955
335
555
870
408
515
872
384
536
849
399
553
845
324
600
824
342
667
768
307
498
902
365
593
830
340
622
796
290
1097
1023
393
688
738
471
586
806
468
615
713
436
551
637
501
616
761
541
659
765
458
595
704
461
482
809
435
523
884
425
486
813
484
582
771
385
515
805
319
562
735
422
524
786
292
523
700
343
545
687
312
590
735
450
768
707
384
726
843
474
601
812
541
690
769
442
664
895
418
819
809
397
604
805
411
593
848
363
493
726
331
540
844
450
563
844
432
564
877
412
578
929
281
539
840
409
601
783
434
593
779
369
466
800
426
650
936
334
642
698
497
568
742
500
603
861
474
541
771
441
578
833
518
684
811
431
737
797
498
670
838
397
578
785
481
477
884
383
643
837
500
653
789
448
645
822
350
606
803
398
569
839
412
708
895
430
653
662
377
587
736
289
561
767
406
780
895
344
611
837
420
698
752
376
747
834
482
700
833
423
791
950
411
611
929
378
591
881
426
628
1047
469
680
924
443
583
919
348
569
844
309
634
848
476
693
917
519
488
800
299
509
934
386
712
804
337
632
805
417
591
772
399
505
840
391
683
810
444
643
667
396
607
740
545
640
830
350
628
797
410
562
916
394
609
873
374
547
836
404
578
832
420
737
826
623
708
943
260
572
785
411
710
928
315
659
778
508
635
988
403
736
770
498
679
918
355
698
906
476
579
660
284
543
695
289
577
705
240
548
687
256
619
765
313
607
642
363
574
831
367
553
729
362
484
807
245
490
691
399
449
836
308
473
803
353
561
740
279
544
730
343
526
743
251
533
753
317
457
781
277
484
820
322
517
838
317
553
821
297
532
814
289
539
843
301
444
772
314
563
659
419
552
728
306
507
638
354
576
669
300
477
703
328
519
679
325
476
657
349
522
782
362
533
691
397
541
770
442
591
726
436
509
678
462
563
322
321
609
857
375
621
740
319
639
783
269
643
682
414
551
654
245
544
258
337
549
688
370
663
657
303
598
679
322
589
660
337
547
761
267
550
747
254
520
340
312
688
322
475
568
746
250
602
736
410
444
371
303
490
741
260
485
777
276
515
374
336
543
394
329
473
884
394
536
1022
533
633
466
531
533
843
361
479
750
263
477
503
270
546
310
382
523
738
328
592
653
376
527
690
341
712
651
463
557
781
375
471
684
381
506
238
363
580
766
459
636
787
349
534
725
475
522
658
362
554
729
280
512
752
294
657
660
386
519
733
265
549
674
375
555
688
245
605
360
358
775
812
492
793
387
462
653
877
297
782
892
522
653
526
409
705
866
481
589
761
452
835
825
433
514
922
397
590
973
387
621
901
447
685
832
321
504
789
452
682
862
325
629
786
399
617
795
434
588
854
355
698
867
459
754
922
390
624
700
494
616
292
473
746
373
481
657
397
565
692
321
585
583
411
476
603
414
398
621
337
550
663
414
563
673
433
410
509
463
625
664
394
484
778
426
438
733
398
279
676
409
339
773
429
351
792
368
387
704
502
370
704
493
304
707
358
435
627
454
442
777
343
308
668
427
382
739
421
432
645
453
461
701
439
406
572
413
385
616
434
432
525
459
509
464
490
389
605
412
416
603
474
329
672
422
410
669
493
450
565
466
433
688
516
365
598
512
437
658
448
544
685
369
493
644
545
453
525
470
475
620
448
542
655
467
508
640
317
567
707
429
482
650
443
576
694
515
448
602
431
370
634
396
401
603
439
425
638
454
300
757
453
426
686
454
411
634
483
480
689
441
344
719
469
396
660
417
373
715
443
397
643
419
428
598
510
365
621
359
435
620
529
391
668
455
494
634
475
505
654
397
424
640
476
409
829
443
420
653
417
371
616
524
485
657
525
353
649
400
448
693
448
468
810
290
575
578
386
557
812
333
474
675
364
442
616
449
456
695
469
474
672
359
478
615
409
488
666
436
468
682
476
444
666
421
427
609
320
320
833
308
340
725
327
312
674
394
459
748
389
313
673
451
318
636
416
413
718
480
441
691
445
408
654
388
433
677
413
377
717
418
489
785
489
412
743
338
477
721
399
487
720
285
394
566
573
315
539
455
454
546
454
456
642
403
491
489
502
458
657
497
473
664
550
475
570
504
503
661
491
396
669
432
465
671
500
452
671
430
332
634
449
518
625
310
549
587
383
544
644
384
496
613
460
362
609
320
506
517
412
532
572
460
647
580
450
595
708
375
552
598
415
584
703
462
576
620
307
503
668
445
538
604
424
448
689
423
374
676
449
426
770
439
397
613
476
411
683
466
516
779
472
527
741
357
486
685
382
438
649
437
401
709
462
482
646
472
500
725
419
491
699
462
589
550
493
455
574
528
549
568
555
393
586
467
475
723
580
599
608
413
555
602
485
474
653
473
428
679
486
457
645
507
602
594
504
365
621
372
530
693
557
397
629
423
454
735
532
439
576
515
431
621
296
443
638
262
485
646
314
491
687
304
516
760
375
456
691
324
494
663
437
551
676
405
514
630
449
437
725
413
546
699
457
528
724
461
595
692
391
500
716
357
424
716
437
315
569
400
452
620
465
292
711
409
472
713
405
469
694
340
444
863
557
410
782
434
477
673
417
454
624
364
408
736
372
466
684
454
484
645
450
446
623
354
397
648
526
510
568
531
470
572
510
454
594
585
340
544
417
323
596
476
508
663
426
391
599
478
413
596
416
468
708
402
458
689
559
495
612
458
486
651
513
356
675
345
457
773
339
560
648
295
600
603
369
465
577
242
543
761
440
567
734
398
498
668
396
508
604
339
467
673
475
463
736
352
582
633
291
355
695
341
458
615
480
402
675
370
465
743
398
424
768
387
489
676
400
441
713
388
560
680
340
455
688
324
365
742
393
449
722
331
356
632
483
426
569
441
482
566
464
463
588
375
653
556
694
382
635
391
493
665
500
468
571
380
467
596
434
486
729
370
389
661
543
368
638
427
535
616
435
462
598
366
611
597
260
567
633
335
520
516
454
424
604
385
569
630
454
482
736
367
512
547
508
472
730
524
442
612
427
401
610
225
471
541
396
307
691
297
358
616
528
374
618
322
402
622
252
369
750
254
379
720
282
301
605
339
439
584
400
295
641
266
318
670
360
441
659
461
407
530
563
363
523
471
379
590
353
449
687
388
674
592
451
411
531
406
512
666
575
314
552
330
545
588
410
497
569
412
399
531
488
342
591
460
455
530
447
503
600
251
524
531
288
369
684
257
494
599
339
529
697
406
507
612
418
426
588
291
569
614
521
481
565
229
395
590
316
381
603
282
403
514
311
427
609
315
518
525
309
350
568
345
356
581
229
310
732
381
338
646
332
334
616
204
323
671
310
331
618
246
319
608
381
276
622
331
422
578
383
345
628
252
332
695
466
471
701
263
403
648
374
304
529
336
374
503
382
352
621
403
384
520
424
333
522
327
427
506
355
362
656
420
356
586
393
418
532
326
345
504
385
339
563
311
374
565
444
359
586
353
435
560
266
375
625
264
448
589
343
538
692
255
510
617
412
590
638
337
570
623
369
479
617
417
533
569
384
436
650
349
573
616
394
423
610
317
475
606
400
475
643
303
514
625
338
347
628
340
365
592
344
285
798
287
355
652
315
476
752
344
426
679
497
535
739
273
513
715
478
475
698
374
506
723
346
416
632
266
403
520
413
381
705
384
338
553
437
398
516
424
520
678
452
411
563
370
473
557
484
510
591
407
516
781
448
474
690
404
443
685
450
430
629
239
408
619
288
387
516
241
425
597
333
502
524
211
419
638
299
468
618
401
466
719
291
506
770
279
506
594
246
432
525
209
558
593
300
451
554
272
446
560
313
364
688
285
513
805
356
382
647
353
513
722
416
492
881
341
489
690
416
390
628
372
456
809
306
383
787
306
409
683
313
397
787
323
396
768
362
385
680
296
491
626
352
458
617
442
380
525
366
403
502
468
478
578
438
402
585
420
408
508
278
413
532
426
410
585
391
373
528
361
320
600
655
402
533
331
383
521
292
452
561
238
478
627
342
493
583
338
531
530
290
456
535
211
519
513
265
489
576
298
527
735
321
488
501
284
438
559
308
429
521
301
482
625
297
315
628
221
294
598
251
399
602
262
427
636
336
277
650
303
390
699
362
332
613
275
407
702
325
369
594
261
351
645
316
374
697
343
382
649
323
295
587
256
382
490
288
374
537
350
406
581
357
320
633
290
323
469
606
379
505
387
460
494
447
383
545
383
459
500
334
340
533
285
436
534
264
424
591
340
473
495
280
512
571
223
450
575
299
414
500
278
495
593
318
473
558
281
496
559
310
443
522
279
462
594
287
495
519
285
433
651
308
346
585
309
381
568
249
426
603
293
428
674
309
311
630
240
388
698
336
417
627
338
443
629
373
347
630
347
344
784
452
512
814
484
446
551
393
379
548
377
387
507
359
376
528
322
464
612
422
370
514
411
389
588
429
391
561
490
473
629
419
533
667
468
466
488
387
491
520
264
479
556
240
404
617
291
478
606
278
507
562
293
479
548
313
412
573
289
487
633
438
415
617
278
439
601
304
471
540
290
469
600
329
567
546
297
563
562
323
313
651
346
361
653
253
313
639
277
403
611
252
315
690
273
425
658
294
359
631
280
406
634
272
372
744
305
386
693
333
337
622
335
336
631
356
363
581
295
378
575
366
487
566
361
323
593
327
417
536
371
373
592
390
400
554
432
638
632
323
391
565
397
413
597
359
535
691
446
361
575
432
511
666
342
423
592
280
415
568
246
440
679
345
491
545
314
460
576
245
410
532
240
541
680
422
540
707
420
521
619
444
675
642
506
596
575
341
485
697
234
403
670
449
415
761
337
462
845
586
378
740
453
478
740
439
525
740
352
457
705
313
377
604
293
427
634
445
544
842
422
521
662
387
537
865
470
439
642
386
395
580
465
444
681
454
417
503
297
439
509
425
518
669
335
448
615
451
553
585
436
410
640
444
493
635
446
477
582
384
514
637
259
441
533
275
525
545
310
448
545
229
499
523
307
454
538
320
479
584
245
505
604
306
468
642
239
475
562
310
582
532
295
494
653
262
506
660
327
354
597
297
354
873
455
465
771
452
510
650
303
393
627
322
357
700
260
364
687
318
450
671
246
449
638
284
358
616
259
471
637
251
499
596
397
382
545
343
397
532
392
425
517
349
435
556
333
531
578
569
332
592
340
594
538
520
425
510
395
420
507
428
492
613
541
506
649
445
558
689
304
462
638
382
532
752
356
557
632
383
522
694
324
574
543
425
514
681
325
608
618
403
567
730
370
571
593
471
589
715
407
491
737
371
562
656
359
498
903
405
451
649
460
413
697
409
462
779
434
451
708
428
488
667
279
517
739
483
531
854
567
471
643
364
459
661
378
439
674
391
507
683
438
531
706
417
480
604
540
447
601
473
585
642
470
517
681
472
474
597
456
501
631
448
479
582
433
479
640
469
547
680
441
484
593
490
509
687
561
455
689
534
481
699
464
545
554
293
494
688
283
509
718
317
624
678
356
522
581
414
594
692
442
560
757
402
595
810
419
559
733
253
546
691
385
493
738
343
471
524
304
437
524
242
453
575
322
380
675
239
444
569
316
403
581
301
509
592
285
442
756
392
507
983
393
509
682
401
475
675
357
423
629
366
401
560
416
342
563
338
473
598
399
379
762
394
398
685
380
318
592
328
428
708
436
408
500
429
405
642
514
474
594
402
491
649
360
494
578
376
488
698
405
484
610
444
423
739
471
614
634
352
516
852
350
666
662
387
428
603
349
404
595
340
423
629
310
453
519
252
445
560
322
491
640
269
455
640
230
445
535
341
441
596
309
522
646
317
397
644
269
404
609
217
349
651
269
434
779
463
349
629
376
365
654
349
455
859
330
363
662
247
423
790
440
509
744
340
329
616
358
582
660
344
422
583
318
376
756
504
434
584
369
518
525
422
323
546
399
528
561
390
407
729
371
464
570
368
351
614
479
627
611
504
446
716
402
446
564
399
398
720
342
529
596
360
408
714
350
496
642
362
535
653
369
621
652
395
464
641
410
546
681
341
454
721
370
639
647
362
596
671
273
678
682
321
445
775
310
420
622
354
346
608
269
417
617
323
404
778
277
333
694
219
430
689
238
399
734
299
309
723
398
427
675
292
315
710
313
442
746
264
391
734
279
401
636
340
380
609
283
358
598
360
343
621
308
375
553
364
335
711
453
507
699
420
383
631
443
442
602
386
462
658
363
456
637
401
391
691
445
407
613
471
428
638
379
472
650
247
494
646
266
461
604
310
396
691
250
528
608
325
481
563
306
446
597
319
451
612
332
468
609
324
407
624
217
417
575
367
478
611
296
407
716
258
349
684
393
341
645
260
334
708
235
388
657
339
358
671
240
373
648
329
343
660
209
343
689
334
369
656
246
343
697
332
395
641
301
367
582
351
399
579
345
356
595
336
348
586
313
336
610
362
346
684
343
405
652
346
446
865
377
573
668
532
528
577
422
493
790
326
604
728
249
555
574
296
474
724
242
450
687
328
486
726
232
483
707
312
465
714
302
519
667
326
514
656
260
400
736
263
325
694
240
547
619
355
586
771
424
563
965
402
426
1015
384
454
699
268
326
720
240
348
661
322
342
758
231
353
708
382
335
749
217
378
755
364
377
670
286
532
676
359
354
625
311
416
579
334
358
738
429
535
606
410
351
719
393
491
656
437
394
585
272
479
685
461
393
540
339
430
578
402
341
589
298
477
597
258
460
580
325
430
697
315
436
677
277
448
709
336
498
547
205
464
583
267
466
553
238
460
629
255
476
608
222
496
685
344
613
732
228
589
605
302
370
827
281
516
794
319
468
856
269
562
752
315
378
704
353
503
802
402
376
836
227
583
663
290
407
716
210
363
654
246
342
673
214
367
692
282
437
732
246
410
635
318
358
651
301
534
692
333
410
711
281
570
607
364
442
593
418
379
542
365
364
568
313
417
571
318
412
577
293
538
585
442
560
657
454
544
759
318
367
797
413
487
746
379
545
730
343
613
729
373
411
705
331
550
595
293
448
603
210
475
583
301
527
728
269
432
581
300
465
586
245
450
597
212
571
544
197
503
635
274
486
642
257
399
745
353
428
783
215
390
777
302
402
663
259
367
636
272
361
668
211
392
643
287
373
642
296
505
796
293
390
807
226
512
836
304
438
686
334
525
655
364
413
611
354
506
598
403
435
601
324
520
604
400
425
669
301
499
661
406
373
594
320
451
637
384
437
637
397
422
573
322
486
589
363
412
595
264
477
552
250
510
552
230
448
578
207
446
599
273
444
634
314
589
757
409
532
709
368
667
801
319
472
674
346
612
745
346
625
689
377
607
792
372
685
687
344
524
678
333
619
768
309
501
764
268
615
640
196
450
705
272
394
627
260
374
765
301
542
695
228
460
703
405
404
681
267
497
695
338
450
788
271
404
666
288
470
771
261
490
704
396
518
607
292
558
636
355
541
593
255
511
671
367
423
686
318
540
597
393
456
688
323
496
633
315
469
716
405
508
643
394
480
767
456
377
692
329
450
766
267
498
625
230
507
757
265
538
612
332
445
687
299
515
621
344
487
593
336
497
765
300
639
593
198
455
597
232
481
616
271
496
656
264
447
667
283
442
664
243
417
812
254
401
667
274
394
732
232
429
668
362
493
666
269
444
712
353
528
710
230
404
798
246
414
678
326
525
702
322
519
614
383
468
614
300
534
623
296
364
634
332
384
615
368
376
548
354
369
572
254
380
563
306
396
643
420
462
600
399
384
659
337
408
559
289
538
812
366
544
768
321
617
623
231
455
733
311
482
698
343
550
773
326
519
622
367
635
616
429
511
711
414
554
617
364
617
637
297
485
630
268
466
674
204
412
685
388
398
712
198
450
732
228
476
671
278
446
697
298
411
665
245
364
724
408
390
765
288
509
798
491
433
718
356
408
620
305
408
590
299
490
696
402
572
687
443
459
651
365
453
846
471
473
659
326
447
813
380
447
741
458
459
595
468
459
609
366
496
903
369
600
737
275
531
768
325
663
699
316
530
765
429
579
673
337
544
761
286
517
770
334
529
656
261
486
676
266
532
653
211
443
655
291
540
607
272
513
615
236
405
756
328
456
775
278
460
762
416
505
690
348
372
759
416
447
760
241
389
688
217
368
693
227
555
774
323
478
787
256
373
719
255
472
751
387
558
633
340
430
610
309
387
686
315
544
664
377
395
698
414
545
711
378
491
662
418
556
652
422
485
789
419
495
676
364
470
754
318
538
597
316
566
717
362
608
641
348
543
723
244
545
592
293
483
573
281
470
560
257
564
718
321
536
689
305
538
582
254
503
618
293
552
597
324
530
613
226
501
810
259
507
713
325
432
717
281
483
732
274
415
744
286
553
822
337
453
661
307
457
747
367
547
692
267
472
757
238
401
693
214
443
675
276
464
702
329
454
687
348
452
683
312
458
612
378
449
560
339
425
579
397
408
569
300
414
585
360
392
619
350
475
662
324
468
649
365
554
624
368
531
625
357
457
619
298
512
674
265
514
635
223
551
568
303
560
614
208
531
696
241
510
645
302
470
691
324
485
593
280
452
673
290
458
591
291
564
700
285
588
644
252
583
601
339
463
678
379
411
734
333
462
697
315
482
732
251
420
684
230
360
768
239
473
681
317
467
780
309
500
705
331
426
756
305
397
709
252
446
769
318
471
708
343
474
786
369
491
615
357
472
756
293
497
570
309
422
691
301
440
581
319
685
620
419
510
596
341
420
686
408
526
619
336
444
724
281
557
630
325
575
771
448
576
796
427
650
730
282
645
708
342
674
761
387
507
729
390
564
772
343
550
813
436
519
702
391
527
674
309
497
806
391
607
790
345
450
784
414
451
752
341
552
823
495
529
742
386
507
784
330
552
746
336
599
733
377
514
709
397
498
734
386
542
797
308
533
699
400
638
786
538
558
742
385
676
722
376
527
799
356
427
817
470
445
767
449
544
674
523
486
782
672
519
666
358
554
813
291
664
642
371
626
739
307
544
763
314
493
784
318
628
644
339
677
740
