530
315
318
481
272
316
505
326
354
487
274
367
602
265
310
661
365
361
549
367
368
543
295
284
524
302
347
589
321
286
550
311
351
614
306
355
661
327
322
456
334
300
508
244
299
549
281
297
565
313
347
541
322
323
543
307
343
610
308
323
547
331
404
558
382
357
572
430
322
555
349
297
502
347
346
524
313
339
563
337
343
557
405
300
556
417
292
665
344
386
653
415
350
538
324
389
577
274
360
496
345
370
621
365
421
583
460
399
641
387
405
642
402
414
682
455
454
660
432
388
649
424
511
651
404
473
641
415
412
667
469
408
665
522
576
683
373
389
597
463
455
643
443
389
597
515
438
654
485
468
581
448
443
633
379
381
510
259
343
542
303
408
560
292
328
555
382
341
543
223
334
536
295
351
535
299
358
560
288
334
585
422
443
508
461
444
637
417
417
636
377
424
631
471
441
628
390
380
607
231
353
649
368
307
535
265
350
474
358
440
561
300
343
531
406
458
642
238
363
545
247
352
600
254
384
580
272
291
562
296
355
697
392
393
671
413
353
552
318
343
547
377
372
558
285
329
555
300
280
583
378
343
580
241
468
529
311
364
557
313
360
547
296
358
633
283
364
701
410
469
702
413
359
669
419
451
692
404
381
550
287
348
570
268
338
545
296
339
557
423
377
558
412
468
656
411
384
489
238
372
589
419
426
518
308
285
571
279
439
651
374
457
656
354
454
659
379
479
654
377
342
678
325
465
683
279
311
503
302
380
554
314
299
529
236
383
572
305
372
592
303
367
517
303
369
567
292
466
575
277
352
576
318
383
583
314
402
573
313
390
577
322
363
580
285
381
559
314
451
575
264
318
504
263
399
578
302
372
550
293
395
790
393
430
579
382
401
572
305
367
524
299
459
697
379
547
671
393
421
563
325
454
758
260
524
601
306
456
593
298
382
637
306
387
495
310
374
592
303
362
602
260
351
522
323
379
565
298
360
576
309
441
589
262
397
496
287
459
585
304
374
572
310
308
700
283
350
564
365
401
497
330
430
578
299
372
582
275
455
582
302
361
561
313
365
571
300
366
571
298
373
563
321
388
623
306
360
576
308
373
579
424
322
598
296
381
579
400
528
609
403
435
784
276
413
688
414
498
679
405
493
714
527
378
528
270
402
538
305
346
681
415
477
685
317
357
636
324
382
588
308
370
519
321
367
580
312
389
593
314
328
579
310
329
601
306
370
567
322
386
571
311
380
582
313
389
570
307
368
573
260
360
582
474
387
602
447
391
568
330
376
586
293
417
560
208
359
578
281
370
574
314
323
514
312
374
553
309
379
680
297
375
585
307
374
531
251
351
585
282
379
682
223
379
539
316
372
567
412
493
665
357
553
563
383
442
597
294
451
640
373
452
653
366
490
626
365
463
656
364
454
663
334
371
592
244
314
577
306
382
576
304
391
567
303
394
563
241
385
570
287
395
563
316
385
574
312
425
583
306
375
581
228
388
573
310
394
521
313
335
564
430
479
755
391
473
649
399
490
681
405
476
685
365
412
683
314
382
589
310
369
498
296
387
581
289
375
572
273
386
597
306
380
517
296
332
559
315
376
672
335
461
732
256
382
581
314
390
502
442
384
578
293
299
586
311
361
581
305
377
581
305
395
494
278
380
566
313
369
593
317
361
563
301
397
609
319
373
572
300
381
592
300
412
572
295
389
582
418
378
572
316
382
588
304
372
582
418
388
588
420
378
605
314
363
595
290
309
592
304
368
579
414
397
522
304
381
581
314
383
567
309
374
597
297
388
598
414
379
608
302
399
580
334
356
596
334
373
567
305
407
701
431
368
621
328
428
624
304
355
601
327
387
595
311
407
539
248
389
581
391
375
675
315
371
623
316
484
667
322
380
579
246
391
599
306
379
606
407
323
589
313
393
581
299
377
594
292
379
571
305
380
586
303
545
608
303
429
573
330
381
505
284
380
602
299
409
579
439
458
616
423
489
692
290
372
583
433
518
688
406
489
608
285
588
696
395
516
597
304
489
625
413
502
701
418
492
535
385
474
799
341
620
570
366
494
742
427
498
663
399
487
711
324
471
720
392
501
693
333
504
716
348
496
670
419
456
675
402
504
672
418
480
721
411
488
688
394
489
703
398
499
681
421
473
685
409
470
680
397
506
715
388
503
700
287
582
709
412
490
686
401
482
688
412
504
704
390
509
671
428
504
692
423
494
641
408
507
686
417
469
712
414
601
699
410
494
729
325
376
705
393
498
711
405
592
706
407
493
563
300
445
914
402
471
659
374
485
697
395
582
694
321
498
661
349
401
545
313
410
611
276
484
560
240
405
568
340
476
686
386
459
665
403
488
697
388
521
681
404
494
641
375
510
697
388
489
686
392
503
739
408
493
685
390
509
704
399
511
714
407
499
722
338
501
686
381
503
680
400
504
697
390
442
832
404
508
656
436
512
671
428
496
733
342
487
639
397
496
695
377
436
810
393
500
703
448
505
684
412
457
707
624
491
709
391
488
683
377
474
665
390
488
657
400
345
635
278
594
702
308
394
590
279
374
722
280
379
593
419
486
704
330
377
587
291
398
820
311
383
594
271
385
583
292
384
620
285
391
726
324
392
589
302
389
732
307
394
601
410
420
676
315
397
689
431
494
716
304
378
576
277
612
704
398
497
693
399
484
689
390
497
613
281
403
656
436
397
674
395
491
670
373
382
692
375
489
687
410
479
636
436
514
693
393
501
666
307
492
696
377
490
687
385
470
705
404
334
509
216
396
649
284
330
590
291
400
709
308
392
587
289
385
589
294
385
587
302
393
595
299
389
593
198
431
578
278
389
577
286
424
599
392
511
721
403
513
718
396
516
705
409
497
647
407
495
688
431
499
699
399
494
560
393
474
721
398
487
680
298
491
666
416
442
672
325
485
759
369
493
673
368
466
680
383
473
679
379
527
714
337
473
759
208
533
644
379
488
670
400
484
704
400
505
694
347
491
703
417
500
633
551
484
722
409
506
688
421
506
706
405
514
715
413
512
708
389
498
692
386
509
716
408
508
698
407
498
705
405
426
694
405
496
708
358
504
692
306
388
532
292
410
639
306
394
607
380
396
597
302
395
585
443
404
608
295
416
595
301
443
594
361
429
596
287
432
684
4063
546
713
423
520
691
265
499
634
344
522
648
516
440
753
475
423
675
443
513
710
407
446
692
413
442
579
564
450
724
414
462
718
324
417
555
292
408
599
297
354
601
315
404
653
300
468
715
263
433
581
243
355
581
315
394
626
289
384
611
251
418
593
335
493
620
304
410
606
300
394
638
259
407
606
376
364
575
242
418
518
289
389
590
283
391
596
348
364
567
359
420
615
304
409
618
309
532
634
309
355
624
213
518
536
336
368
611
288
542
729
392
528
672
361
627
598
410
503
726
389
418
626
305
487
723
391
516
729
396
513
716
414
502
650
328
443
626
362
467
765
405
529
727
413
501
727
408
518
788
385
506
633
408
522
720
399
504
726
339
516
665
424
529
711
408
505
724
420
524
721
420
530
659
407
525
720
397
532
717
396
498
719
380
613
724
414
512
670
473
629
720
403
489
791
387
385
671
416
518
630
370
363
591
391
543
714
421
537
722
414
536
741
332
564
762
364
419
748
408
509
716
406
529
621
415
528
741
401
637
729
384
556
666
426
534
728
277
414
613
229
552
718
419
533
728
407
538
726
413
534
731
378
549
621
330
614
677
394
541
640
338
531
730
373
551
726
398
616
773
342
540
733
398
349
745
418
549
715
426
537
721
432
551
660
407
514
721
381
456
728
402
534
716
407
552
612
414
538
724
404
543
710
399
441
631
292
370
628
354
528
693
452
523
723
366
373
615
291
435
608
276
402
608
292
389
609
316
410
617
288
433
573
277
421
610
291
417
613
288
417
617
293
434
577
288
413
615
285
497
615
285
416
615
288
414
609
304
413
605
284
418
617
303
370
660
319
404
566
311
448
631
309
440
628
287
405
617
330
424
617
281
444
550
307
441
611
294
408
593
234
430
623
281
409
615
291
364
635
318
419
614
296
437
648
321
432
711
292
454
637
293
462
652
345
574
635
283
409
576
260
464
759
383
430
707
334
539
750
307
376
615
334
462
672
380
404
815
442
368
549
287
427
531
267
408
672
280
401
605
279
409
603
265
399
617
262
407
594
279
405
669
279
417
591
320
453
630
258
419
594
323
445
640
275
416
588
320
445
625
323
435
633
310
425
628
315
439
628
308
451
631
404
456
611
312
453
727
404
458
729
416
541
812
413
440
638
305
452
742
419
526
657
409
627
690
387
529
692
368
441
706
397
495
706
362
509
704
384
518
710
379
515
640
391
523
715
390
505
707
397
494
691
397
427
607
270
418
610
284
446
610
326
411
606
385
533
739
388
519
697
377
461
641
305
431
721
408
538
616
288
448
611
282
411
611
279
408
607
271
397
620
303
414
603
310
419
602
289
405
650
411
554
644
281
428
611
312
410
611
375
454
621
416
546
569
282
420
624
425
525
683
401
439
698
530
511
635
311
445
620
315
421
635
309
427
635
306
415
633
352
416
622
272
532
665
319
477
717
344
567
714
339
451
746
305
381
627
211
432
559
287
417
608
304
422
646
380
522
641
267
418
619
384
530
651
266
426
640
283
423
614
277
410
607
364
529
702
308
421
614
396
544
689
353
434
616
303
409
620
304
443
617
288
408
622
283
439
617
288
418
621
280
430
628
285
417
630
271
414
621
475
557
682
393
534
575
422
548
714
385
512
653
304
434
631
282
426
621
295
447
646
302
381
639
820
355
622
290
458
585
287
445
647
291
427
627
306
431
645
291
444
635
296
427
634
291
448
654
392
546
663
304
651
757
360
448
642
320
445
635
296
528
638
292
434
647
298
425
626
294
438
742
410
560
642
326
428
656
364
467
629
303
510
628
293
377
657
322
547
592
313
436
635
300
440
627
286
369
632
300
412
633
279
486
649
255
467
753
324
564
669
365
461
762
440
470
654
443
537
681
413
549
649
399
536
652
415
581
747
417
549
651
381
432
752
423
542
758
400
486
611
310
444
615
291
458
652
286
435
643
289
438
636
221
436
657
314
438
684
287
438
636
287
403
789
410
470
641
285
393
760
311
514
556
297
430
646
387
615
782
419
626
662
245
518
640
297
451
641
290
451
653
258
362
630
277
470
659
301
414
636
287
555
717
648
429
662
463
460
624
292
421
644
281
434
676
341
426
633
277
499
651
294
445
681
280
517
574
253
436
609
223
442
633
328
437
650
195
438
636
287
385
625
280
501
617
282
434
629
274
525
562
290
375
659
287
508
626
283
419
630
270
450
644
284
424
634
287
523
566
209
424
566
292
377
586
298
379
635
287
421
597
275
419
645
281
393
627
293
371
628
279
399
575
294
420
626
259
427
635
275
431
625
358
558
629
291
375
591
295
397
563
273
386
617
279
385
549
280
378
641
272
435
634
288
440
616
241
396
639
290
440
632
288
394
580
281
448
627
283
431
630
204
432
551
213
437
571
292
444
643
304
433
637
273
439
638
285
442
637
280
437
638
288
409
625
278
436
626
310
427
547
285
445
636
292
423
641
306
422
629
280
439
635
276
370
627
277
418
639
260
428
630
280
422
633
288
465
631
272
427
628
291
489
705
286
468
622
286
446
630
293
437
654
288
427
634
286
448
643
287
413
637
275
397
642
296
394
669
425
541
741
387
557
676
360
452
637
293
437
627
287
449
644
281
454
654
305
431
623
253
433
641
287
443
642
288
434
580
264
457
639
303
404
677
280
455
641
294
446
633
271
427
633
298
423
655
268
442
616
220
444
646
274
438
635
269
429
643
288
454
622
279
447
633
280
439
649
282
437
639
280
468
669
410
380
638
292
456
577
233
378
653
291
431
585
276
466
619
259
526
779
325
441
706
228
407
605
225
445
617
234
444
645
289
449
641
283
434
643
294
435
640
281
435
642
283
451
646
307
435
654
292
445
646
291
478
632
277
435
653
330
439
653
273
439
636
277
452
652
291
431
642
285
439
655
282
462
631
275
419
646
288
435
764
253
457
609
242
441
606
315
469
659
250
374
648
272
469
656
225
478
658
868
689
713
401
576
759
220
593
781
414
586
784
421
493
758
383
559
772
411
663
772
411
584
781
353
509
781
395
618
757
413
548
776
385
518
582
304
442
647
286
447
755
346
447
669
302
457
644
291
457
644
288
451
675
274
450
596
274
408
648
308
382
651
290
444
645
291
446
634
362
460
639
279
481
667
305
470
644
275
442
662
303
458
644
302
457
653
292
461
654
286
446
645
279
460
655
292
460
670
299
500
875
236
437
657
278
442
648
265
459
638
285
445
634
278
454
670
266
465
653
279
434
663
302
451
663
233
544
665
300
446
659
277
445
641
218
356
661
277
447
641
281
444
635
285
379
580
197
361
660
275
446
669
237
465
630
287
471
562
274
452
710
294
466
655
221
489
660
284
454
659
273
452
672
308
435
661
285
458
647
283
450
655
211
458
652
234
444
659
275
451
654
288
441
653
277
448
662
291
450
720
442
459
610
223
451
641
234
479
681
287
452
656
285
453
647
294
444
688
282
456
651
227
452
606
296
448
663
246
446
653
224
458
661
313
403
615
278
449
651
291
437
658
271
447
669
277
453
658
283
456
653
266
410
664
286
455
643
221
398
660
269
396
661
281
447
673
301
462
671
286
451
654
281
453
653
278
457
609
281
390
794
249
458
667
291
502
692
293
461
602
302
458
657
271
461
677
391
475
676
317
602
700
235
487
665
317
459
650
296
613
879
437
600
821
462
406
797
395
579
603
422
582
924
411
579
763
389
572
770
351
584
798
403
578
789
403
578
586
401
577
735
463
593
789
340
573
787
413
584
788
350
570
849
445
624
872
314
469
654
292
489
670
283
469
784
283
471
695
302
742
849
396
568
736
427
583
786
415
603
798
328
611
762
383
609
787
411
571
799
397
569
784
393
585
781
418
581
806
451
672
910
496
516
731
477
603
774
424
573
827
414
581
794
417
612
779
341
595
786
402
580
813
383
420
768
409
562
795
382
588
784
395
565
785
420
595
777
409
544
798
475
590
782
421
581
690
479
581
674
291
478
662
332
528
788
398
570
791
474
594
746
520
602
805
477
582
794
494
500
699
296
488
838
483
554
805
506
591
737
408
506
582
374
507
673
355
482
712
359
506
727
411
611
731
434
584
781
392
566
824
396
594
781
392
618
793
456
502
688
297
487
713
376
474
713
299
489
626
301
497
645
419
506
782
329
481
828
420
530
799
409
622
812
397
626
723
321
492
693
301
483
804
414
560
773
408
527
809
339
579
906
446
609
624
219
404
601
297
622
700
340
634
792
328
509
733
464
590
721
399
590
788
394
583
771
410
589
789
405
597
778
445
567
725
402
575
769
399
562
655
408
587
773
381
698
788
394
591
754
381
648
644
392
575
796
409
565
793
391
588
773
399
591
788
393
574
762
367
517
811
309
487
692
310
487
690
313
489
737
314
497
714
312
510
706
308
495
712
318
496
731
281
529
716
301
487
692
310
480
716
313
484
696
291
427
634
273
528
704
332
523
620
257
489
713
252
488
652
282
462
688
280
476
681
284
471
680
272
485
658
252
421
683
276
460
647
257
431
715
245
456
668
297
557
796
400
598
809
361
580
936
292
617
726
291
587
797
396
652
816
403
500
781
401
520
680
349
597
740
444
530
610
260
576
708
409
545
791
425
531
712
281
467
673
276
489
787
417
582
803
383
600
808
399
583
814
384
585
767
403
583
805
398
598
817
390
585
799
399
617
918
396
574
790
390
603
808
401
600
823
388
606
813
393
617
793
381
582
806
365
666
808
383
547
718
395
564
819
378
580
825
256
543
909
364
594
733
400
664
847
399
571
752
406
588
803
389
640
811
403
599
817
402
613
823
402
614
815
405
614
714
412
604
826
323
613
788
334
612
820
394
617
810
381
625
826
451
609
804
296
610
749
378
606
797
432
608
804
398
591
815
403
616
795
383
600
711
406
589
690
301
535
845
417
613
799
396
614
797
397
592
810
408
511
734
324
595
823
397
606
817
401
610
818
402
560
807
397
587
811
384
590
731
378
601
802
390
636
813
453
646
795
380
599
795
376
548
800
389
601
782
408
551
856
377
599
731
259
479
646
318
539
696
336
480
701
320
488
700
324
486
705
296
500
698
271
490
693
314
492
697
321
495
681
302
448
699
301
482
692
264
433
684
246
472
592
302
439
639
441
598
1426
327
563
814
487
655
730
326
568
795
334
631
703
341
521
814
271
429
613
236
449
636
215
385
582
178
373
632
239
514
695
325
498
782
304
500
657
332
607
866
346
513
731
301
509
701
283
500
685
300
483
718
309
508
713
298
517
695
340
533
711
290
511
714
329
515
700
302
418
763
426
588
822
390
627
788
373
605
787
389
607
773
405
601
790
479
564
810
403
604
767
394
612
773
395
590
803
364
610
781
405
601
804
348
522
809
500
617
811
329
609
703
400
637
820
444
632
790
260
477
797
500
621
799
411
616
809
409
616
742
402
612
865
404
620
808
466
561
792
466
529
848
348
571
798
389
579
842
378
637
827
391
632
812
331
656
804
471
617
787
505
564
712
396
528
807
418
619
810
500
618
747
417
680
822
378
544
796
303
552
739
311
508
710
324
524
720
321
546
725
320
522
717
339
510
852
428
604
846
443
632
779
311
644
767
302
498
716
323
512
739
327
423
712
331
520
718
319
462
722
299
515
751
325
530
704
312
522
722
323
518
744
331
509
699
339
535
732
574
708
708
349
589
819
436
657
709
319
514
735
423
616
828
405
609
819
398
606
814
419
633
791
436
535
823
411
617
858
422
610
820
401
716
807
423
550
809
373
608
876
341
628
804
391
601
828
409
590
836
402
447
809
404
607
831
430
593
824
420
649
674
404
625
822
369
672
785
349
520
731
315
624
716
437
549
848
442
558
818
414
462
729
314
555
743
322
661
813
432
613
857
436
534
744
390
586
821
411
619
807
259
508
696
237
541
737
397
576
797
375
594
825
394
588
810
385
588
816
400
682
835
443
718
785
384
618
798
391
619
838
402
487
725
298
510
867
409
621
848
411
626
845
432
628
424
388
619
827
443
621
831
414
627
846
429
626
818
340
534
742
303
567
839
417
532
726
446
516
730
327
525
322
310
595
709
344
526
890
447
522
788
333
548
733
327
526
430
463
615
854
373
672
741
443
642
871
340
536
834
532
611
762
321
520
290
322
482
298
300
529
735
330
534
723
347
532
305
326
544
729
326
550
271
311
516
298
310
503
288
329
641
374
433
680
424
486
643
440
428
523
344
342
533
312
333
518
252
338
502
309
331
529
337
337
513
479
438
658
388
481
626
392
429
669
405
452
560
358
429
677
300
323
538
461
474
686
841
467
646
435
396
549
310
481
650
487
426
681
420
464
544
764
363
527
418
588
652
398
468
645
328
310
483
445
265
439
296
424
520
294
235
428
227
263
469
289
285
455
267
347
451
218
349
452
326
374
507
302
298
532
306
342
542
308
294
594
431
495
636
464
407
563
336
337
654
453
395
549
304
331
539
516
361
534
330
343
550
470
347
500
274
447
656
461
353
649
404
473
639
282
363
468
332
340
506
286
321
555
312
332
464
251
285
534
302
335
540
296
302
679
382
440
642
495
349
606
298
344
550
420
391
643
412
455
630
310
386
687
422
491
660
363
351
541
318
417
569
306
359
622
323
342
700
376
443
648
300
556
592
320
390
689
416
479
581
290
392
632
348
337
601
431
538
606
321
463
541
336
430
661
418
373
589
319
389
584
318
495
638
318
441
552
319
497
548
456
352
572
317
492
626
461
350
528
300
555
565
480
361
704
369
485
542
397
349
522
300
511
606
381
276
498
312
311
474
477
441
707
438
628
697
438
441
693
421
519
657
463
458
648
404
563
613
302
337
698
407
427
549
292
381
479
337
318
574
323
352
487
320
346
533
317
293
512
325
386
539
300
358
548
335
349
541
305
402
563
315
344
553
312
353
655
452
511
558
328
334
648
349
299
523
312
406
623
406
424
660
291
280
717
329
339
552
320
300
594
243
278
583
375
324
540
304
315
531
326
373
671
382
472
571
313
361
557
427
362
535
528
445
683
360
530
754
437
432
653
401
278
547
480
445
669
398
504
491
386
361
527
432
367
570
418
395
640
431
510
542
432
346
714
389
491
673
455
295
666
416
421
645
503
443
695
549
409
555
529
404
569
331
350
572
341
390
809
423
395
537
318
407
572
311
347
662
450
310
599
361
337
555
534
368
557
328
338
535
500
357
640
295
352
501
504
432
557
417
480
501
432
325
586
422
449
749
399
452
591
438
444
717
456
325
550
392
449
645
335
455
648
425
447
672
547
367
562
348
316
570
341
366
564
366
419
667
505
458
687
454
464
566
382
359
672
479
453
498
434
431
640
322
450
666
440
423
632
421
361
653
442
451
620
396
401
644
405
435
644
450
425
512
373
468
617
506
432
658
431
389
577
463
453
641
423
481
745
439
428
507
414
433
641
266
383
662
383
402
672
368
424
635
407
449
622
427
450
631
434
405
614
496
479
622
368
423
662
440
439
595
419
419
629
436
468
637
454
422
701
370
468
669
425
475
671
424
347
660
514
469
629
463
401
629
566
468
664
436
435
668
388
440
644
478
412
653
483
450
649
427
463
684
479
433
662
367
453
658
422
469
675
814
383
587
446
438
647
352
402
621
479
411
607
430
440
630
442
417
640
408
344
566
376
481
615
447
465
695
473
476
650
366
417
674
437
463
636
438
402
647
434
477
693
376
452
615
440
479
678
489
440
656
420
478
666
470
435
674
431
432
654
309
427
673
445
477
675
450
472
560
407
583
646
462
390
575
480
395
685
408
491
576
472
461
652
323
538
585
295
448
645
427
467
655
481
464
534
397
464
683
416
387
562
256
495
650
375
384
714
427
470
589
372
460
667
405
444
681
420
404
647
407
470
573
289
335
513
268
377
565
312
460
586
311
565
695
366
431
693
408
387
628
438
337
600
291
375
588
296
401
691
411
468
577
296
358
678
403
432
579
306
367
574
417
493
681
419
483
605
353
474
684
372
397
565
227
359
540
302
430
554
286
353
532
298
387
503
291
352
510
313
454
566
412
459
639
348
319
522
240
375
568
314
397
657
313
353
553
279
352
578
307
351
553
382
397
547
287
358
554
291
361
568
294
373
540
281
315
511
314
360
561
301
390
618
370
630
602
416
477
588
440
587
546
393
398
660
265
406
607
346
390
675
279
435
577
323
415
684
322
365
550
333
345
599
241
291
491
320
287
513
290
338
591
309
380
499
284
366
543
241
344
563
290
357
571
310
301
568
309
348
595
355
468
598
356
475
571
304
446
633
408
496
685
401
400
669
404
483
602
371
493
669
412
467
680
405
470
670
395
430
659
421
491
664
413
467
674
381
496
580
251
381
556
318
357
563
295
373
557
307
405
699
294
365
579
349
301
510
278
352
710
290
361
562
292
366
560
385
487
583
300
411
489
378
378
586
300
359
554
296
309
564
418
380
679
382
394
664
405
486
674
452
435
556
295
574
699
397
469
651
306
345
572
460
367
565
297
360
480
301
354
555
299
357
559
286
353
665
290
356
658
306
364
618
304
369
556
298
434
661
399
394
594
289
377
660
291
339
548
444
426
684
354
484
509
384
446
668
426
461
677
455
303
575
310
367
563
288
360
518
317
357
693
429
494
724
342
467
595
247
402
669
338
379
779
251
469
656
323
406
612
339
395
562
369
508
635
297
483
662
429
406
616
381
411
754
398
518
536
400
420
648
426
484
587
338
482
696
417
416
670
388
471
666
417
456
496
364
484
622
309
355
558
300
366
671
424
486
698
414
494
661
447
361
605
320
467
674
407
471
594
365
396
591
346
419
642
413
422
586
440
653
569
427
464
701
441
496
602
432
482
698
407
487
684
410
469
677
357
494
697
352
368
724
408
481
682
331
487
658
305
394
573
437
390
577
415
469
708
410
412
582
420
474
707
413
452
554
425
494
687
415
391
632
391
537
670
394
422
594
374
535
707
383
429
639
385
501
691
370
497
687
419
453
634
347
394
664
409
471
664
389
436
574
363
380
606
461
471
604
405
467
669
399
392
638
214
364
588
304
974
766
350
444
672
385
484
677
394
429
699
503
480
669
399
436
663
411
510
663
375
452
696
446
461
682
344
457
695
364
452
665
388
462
680
397
474
656
419
477
706
396
473
683
318
503
574
346
489
754
421
454
705
393
399
696
364
510
692
380
488
648
391
473
585
370
475
652
326
436
686
378
496
664
386
367
707
374
493
648
405
501
621
325
460
669
374
462
744
349
459
659
374
474
681
390
472
817
398
495
712
475
346
698
396
596
703
398
503
681
432
413
680
386
485
669
394
480
668
395
479
690
400
491
696
310
496
690
415
492
679
390
476
695
422
541
709
380
467
674
420
491
683
423
495
665
380
406
680
392
497
676
406
454
636
386
493
680
401
492
680
400
509
685
405
561
697
389
480
650
413
477
641
468
427
687
312
487
675
403
467
691
394
479
700
393
476
694
378
477
688
388
507
697
411
510
692
390
496
667
373
729
555
375
431
690
421
504
619
299
377
586
274
440
579
296
375
568
294
460
591
310
382
575
276
458
583
270
381
572
284
594
719
392
410
654
297
465
590
302
373
585
271
376
581
277
370
596
206
381
579
282
396
702
289
357
577
285
393
571
289
452
562
275
372
570
287
363
576
279
380
580
288
387
575
282
582
642
398
505
591
300
368
731
379
483
712
386
507
677
406
501
690
395
503
686
418
489
697
409
525
740
342
491
670
398
491
701
417
484
695
316
380
712
277
375
567
286
389
570
205
366
569
456
513
703
369
514
694
373
475
663
328
391
574
287
426
598
336
405
564
249
332
589
300
400
561
279
347
573
292
434
550
301
368
574
274
339
570
270
331
591
333
493
688
358
514
681
413
455
658
325
513
615
411
513
705
394
459
661
385
505
714
386
500
742
317
399
577
394
506
727
397
504
704
374
534
713
404
529
720
313
484
593
306
392
589
298
425
521
306
396
787
416
436
594
260
518
679
342
348
699
271
404
679
224
349
605
309
386
541
245
398
598
279
404
556
374
409
597
303
395
536
241
408
613
240
388
613
298
396
546
262
388
531
249
389
588
296
392
539
293
389
589
249
392
602
296
336
604
295
427
587
333
394
604
322
415
556
327
412
597
308
389
533
260
368
597
301
406
566
241
391
588
295
393
549
309
398
623
410
564
657
322
346
607
304
348
587
292
396
594
314
380
614
228
396
582
299
391
533
365
340
607
288
454
698
362
409
595
315
403
655
410
565
711
418
474
664
415
523
675
314
356
661
327
397
595
321
408
649
448
427
720
419
442
615
440
392
598
290
501
611
304
392
604
281
374
595
304
422
595
305
406
724
426
513
706
400
517
728
432
522
720
413
499
681
409
506
718
418
516
739
552
379
737
423
513
731
412
528
783
425
490
740
406
523
684
317
396
585
417
526
706
420
516
641
391
463
704
414
508
735
393
527
636
408
536
715
361
501
687
389
484
701
377
419
733
399
512
699
290
492
630
391
334
677
409
483
686
381
493
614
527
427
673
382
478
690
301
512
696
296
489
704
492
471
709
377
480
673
373
438
676
375
487
690
436
522
711
422
622
730
398
523
732
392
508
657
390
478
717
376
472
696
272
479
686
371
501
711
463
419
735
384
490
680
383
440
668
290
566
724
343
401
606
291
385
687
373
501
680
393
479
635
380
492
692
373
570
701
388
498
736
422
560
663
388
507
692
416
505
719
397
513
712
375
455
741
396
547
702
363
467
714
382
503
712
379
508
724
364
501
651
377
530
702
393
544
696
392
616
714
392
491
702
389
531
685
417
523
690
376
537
690
312
471
717
373
614
726
372
569
681
372
490
593
386
528
716
466
564
646
405
509
648
403
530
656
417
398
554
406
454
663
364
522
700
387
507
725
358
522
703
384
577
722
399
528
725
412
535
656
394
600
723
407
509
754
385
508
714
402
514
724
376
469
622
357
525
725
370
521
712
272
518
758
396
517
726
415
507
726
390
519
708
400
511
652
425
524
735
391
500
713
397
517
702
392
515
723
365
480
629
400
498
702
382
520
739
331
514
736
403
530
753
405
526
749
452
552
746
417
516
628
354
524
697
416
518
710
376
516
702
404
448
623
336
510
696
408
523
734
391
525
722
388
513
660
325
427
719
293
489
766
395
527
643
336
533
692
330
457
643
312
457
751
387
444
611
313
419
738
428
541
726
330
435
634
287
417
617
219
406
608
301
427
613
294
428
601
287
407
699
306
424
601
286
399
621
286
406
561
323
418
647
317
448
608
297
415
600
285
380
620
342
435
624
224
447
661
518
448
594
256
443
657
318
415
640
327
415
628
296
432
722
359
520
805
387
464
640
389
518
765
392
506
643
294
388
605
381
433
731
295
412
639
295
430
716
319
422
616
320
447
726
305
448
619
243
431
618
297
415
621
300
431
619
300
408
612
369
449
609
408
515
699
488
533
711
251
510
713
394
525
713
381
465
706
463
468
720
420
510
721
386
519
719
396
539
658
402
547
723
408
526
715
375
546
738
438
693
639
278
526
827
406
519
748
444
432
809
391
529
743
427
560
657
316
395
553
277
458
623
303
407
616
423
431
724
436
502
734
416
525
708
410
507
723
486
531
727
406
521
757
434
529
731
410
515
718
391
564
710
404
503
725
401
539
727
410
518
728
397
521
691
468
535
746
401
474
693
388
535
707
327
467
747
266
539
724
392
408
729
356
454
732
320
551
720
411
536
731
351
530
691
402
529
762
414
472
860
264
526
672
386
517
703
366
499
753
404
541
764
339
541
577
232
428
639
263
460
602
230
419
568
423
533
646
292
411
639
323
423
619
295
414
646
425
548
760
425
548
749
420
529
793
395
519
738
399
524
748
421
533
737
404
524
761
394
488
663
360
583
782
350
521
843
339
433
620
286
393
651
341
553
752
424
536
758
388
542
748
392
523
737
237
496
748
435
536
749
405
454
639
431
482
743
388
522
769
427
419
723
380
512
729
467
481
672
415
534
702
382
580
731
408
528
735
379
570
755
371
442
646
213
438
789
444
545
713
402
533
739
419
562
721
336
544
759
399
554
739
387
474
734
411
577
753
365
622
724
397
538
754
384
549
730
331
553
747
375
539
730
411
631
740
397
493
721
381
506
732
294
533
718
364
525
607
371
434
733
423
541
736
387
533
750
396
548
739
377
574
768
409
495
742
385
467
744
441
665
767
404
556
776
399
634
747
374
569
729
411
525
752
387
493
759
410
539
728
396
551
750
353
402
760
474
536
745
426
514
740
386
539
766
354
534
655
394
588
762
434
583
755
376
491
741
399
536
704
388
540
626
386
534
713
374
545
728
398
556
764
378
553
739
409
541
723
389
549
831
402
549
635
394
545
872
408
540
856
391
543
730
430
563
781
469
540
857
426
534
757
402
546
691
399
561
739
412
568
781
399
495
604
401
542
741
400
559
667
414
571
741
395
548
852
389
560
717
401
544
751
392
544
741
405
536
692
370
547
749
339
533
751
407
498
764
328
511
745
331
544
761
339
541
732
378
568
716
384
557
745
389
555
721
411
548
738
399
754
746
418
522
835
386
583
744
367
514
742
397
566
742
404
516
752
389
493
741
388
583
722
378
533
724
404
658
566
420
564
736
388
535
759
413
506
750
420
598
790
456
442
716
403
551
759
402
558
727
376
544
735
396
540
633
403
636
682
389
493
765
425
566
755
378
542
738
515
601
741
390
537
663
387
535
746
393
556
766
254
541
687
356
561
735
377
533
726
421
480
730
387
528
737
371
561
705
378
540
733
364
524
726
411
545
748
510
578
743
415
551
817
397
550
833
345
503
755
398
534
941
346
540
755
385
547
773
430
536
749
369
492
816
404
534
736
408
476
776
455
705
652
358
556
765
383
544
753
404
548
748
447
545
756
378
518
739
370
523
726
435
524
741
401
435
758
449
548
741
389
568
674
394
558
679
399
516
735
499
565
717
400
519
739
445
562
759
371
549
710
377
545
718
380
483
742
448
509
702
389
464
723
404
549
779
386
528
691
336
544
729
380
541
731
362
535
684
360
529
740
447
551
763
318
485
767
430
554
730
374
523
736
461
567
725
364
557
732
348
494
866
295
462
629
312
456
706
399
537
780
438
483
750
423
554
752
414
555
741
416
571
766
412
576
676
304
447
642
476
581
724
376
477
599
429
562
766
418
522
661
380
578
783
416
573
697
417
540
682
405
552
772
387
592
769
281
571
766
408
575
793
316
448
593
441
482
753
412
537
765
417
577
769
396
571
706
410
582
757
411
593
755
399
563
747
378
573
763
409
487
656
291
460
794
402
581
769
424
461
695
523
487
770
428
611
749
399
547
772
405
550
769
395
483
654
293
445
651
390
596
718
418
568
762
411
577
748
337
591
772
423
562
770
413
427
670
314
469
665
299
482
650
286
445
653
286
451
671
318
464
645
290
483
663
309
484
630
315
490
649
329
457
660
342
553
770
395
572
763
421
583
794
392
584
763
410
551
755
366
587
717
411
550
760
327
1022
809
444
617
863
516
679
828
468
639
776
410
496
713
406
760
701
319
477
656
309
498
660
230
409
612
307
471
671
295
400
599
322
406
604
313
398
702
407
425
767
326
539
727
423
564
755
390
556
862
383
584
781
389
649
876
323
474
634
279
467
883
328
538
653
263
449
659
309
524
669
329
423
607
285
454
648
297
471
674
249
462
661
297
457
753
292
454
654
315
443
644
319
473
614
292
462
687
288
507
669
269
463
660
298
460
680
277
473
714
296
465
644
321
549
824
310
474
618
318
485
650
291
457
656
295
460
659
294
456
656
292
468
649
290
453
654
254
467
710
295
488
668
290
367
668
303
469
661
289
484
672
294
475
665
282
475
771
277
456
661
284
468
670
290
468
654
295
463
662
312
468
659
250
466
1300
311
483
655
285
586
677
299
463
663
405
589
771
415
582
770
411
588
763
389
583
793
419
588
775
427
573
783
410
580
798
415
593
876
358
596
763
413
620
704
476
441
613
312
466
665
284
479
661
286
481
656
301
479
743
235
472
771
287
511
713
243
424
667
237
507
655
299
482
649
257
474
681
305
472
682
291
415
829
347
503
669
289
473
686
328
482
600
297
484
658
312
431
671
285
493
669
300
468
612
286
475
657
303
468
658
303
479
653
305
468
673
305
470
687
287
480
773
289
473
656
268
503
666
293
463
653
300
437
656
285
472
743
298
468
647
293
477
654
353
603
675
337
608
744
405
619
695
308
467
626
284
512
664
236
466
683
306
496
683
300
476
684
302
495
665
282
467
658
302
464
659
280
468
666
285
476
701
298
426
685
310
507
629
307
482
690
305
485
685
364
494
683
378
424
680
388
494
686
263
486
774
370
465
665
358
513
792
473
601
787
418
590
787
399
587
720
402
564
703
456
592
779
413
605
797
469
600
768
401
570
818
456
580
775
413
607
813
483
594
878
284
506
805
430
583
771
432
603
795
387
666
789
411
575
782
352
599
790
342
521
655
246
505
686
292
435
635
322
490
670
286
431
681
286
407
657
322
617
726
416
588
789
400
594
798
396
581
799
409
569
795
346
584
754
409
598
799
411
699
778
328
571
784
397
597
793
408
550
795
405
589
766
401
609
735
397
462
710
336
516
733
331
492
719
319
517
691
304
490
612
237
490
679
396
612
776
229
604
787
479
481
812
429
577
786
410
701
796
414
578
786
410
594
787
403
518
700
300
554
813
419
586
804
278
587
669
413
587
811
317
532
791
296
587
743
416
611
739
305
565
777
398
595
717
316
582
713
413
626
694
346
579
718
404
606
803
424
600
803
391
599
733
328
602
802
387
600
808
428
595
807
411
597
785
378
576
804
399
606
704
351
575
803
390
608
796
404
611
788
384
474
789
405
538
801
313
539
807
415
643
773
391
615
792
407
553
803
402
611
789
381
517
678
299
495
728
434
595
811
405
514
815
426
568
823
412
527
794
402
571
720
387
598
794
434
583
807
434
678
820
267
576
825
411
481
741
328
511
711
303
483
700
326
546
685
290
597
788
601
665
807
422
570
810
442
510
798
382
587
764
400
569
928
387
594
792
409
562
796
401
596
773
409
560
809
383
579
784
435
595
812
390
606
786
404
653
787
379
543
873
257
611
713
377
583
699
405
568
770
358
586
836
422
587
810
404
580
837
380
587
776
377
571
862
434
590
832
318
592
812
404
591
808
410
559
776
412
591
793
402
593
762
390
589
788
413
586
784
300
591
777
392
585
929
404
612
789
401
574
789
354
580
777
371
578
803
359
578
768
415
466
784
384
564
759
374
535
771
267
785
901
382
589
802
342
600
809
381
561
786
379
613
772
406
590
771
413
608
821
477
589
726
427
585
657
363
420
688
297
627
710
286
500
789
258
542
701
292
517
696
236
447
677
370
434
662
231
491
764
294
513
698
436
500
784
319
497
693
257
496
703
293
447
829
263
481
709
289
489
622
260
491
674
305
478
676
265
486
708
270
472
671
298
467
694
325
420
724
268
520
800
299
517
703
241
475
598
278
484
755
319
479
754
303
462
664
300
475
685
283
473
673
302
405
681
386
632
824
505
683
647
316
443
688
339
583
812
387
628
807
404
614
809
424
585
807
403
613
816
418
592
792
425
521
817
407
613
792
395
487
686
298
484
678
283
483
681
281
480
686
294
669
794
489
606
704
435
595
810
403
473
630
344
590
815
312
500
678
288
589
666
371
481
674
361
482
675
309
530
710
262
555
622
390
525
701
249
530
723
294
455
691
253
522
753
410
512
706
402
505
713
347
502
690
292
529
691
310
551
765
307
464
689
294
473
674
288
614
821
398
604
804
418
604
809
384
636
722
312
630
807
384
576
719
411
608
807
393
618
803
412
594
723
424
616
802
426
510
713
329
507
684
295
487
729
334
552
759
301
496
684
275
592
670
270
443
651
402
524
820
429
594
824
409
620
802
425
611
833
430
605
731
422
554
812
394
617
732
421
621
730
308
486
696
313
624
831
429
607
821
422
606
875
399
605
825
411
618
835
533
588
822
282
590
807
386
592
804
406
464
799
387
573
781
413
590
777
427
618
837
373
602
789
409
595
800
399
608
776
373
557
706
359
610
764
408
575
807
296
508
839
391
535
817
408
631
832
422
604
807
412
577
729
475
600
830
315
500
700
297
498
708
317
495
701
420
622
752
419
610
828
419
645
824
440
644
840
432
649
826
403
528
755
317
635
831
309
631
807
416
693
838
426
615
831
402
615
828
394
730
827
322
504
731
300
585
713
310
494
707
375
681
828
388
633
833
403
610
801
408
715
790
502
605
819
393
624
804
328
578
838
415
638
823
430
694
837
416
626
788
439
634
853
420
507
808
372
628
776
429
629
830
410
609
816
399
614
734
286
505
748
396
625
837
422
615
870
418
624
869
410
698
765
417
632
757
365
621
801
437
625
831
396
611
767
429
638
814
440
604
758
411
632
831
423
593
760
503
684
947
286
596
844
400
628
807
421
608
839
428
600
816
427
600
819
398
614
803
366
981
855
460
619
812
432
606
789
433
634
817
408
600
788
545
674
795
558
593
839
422
625
818
429
615
425
405
616
764
430
623
422
435
637
832
302
622
808
412
641
798
452
631
863
431
637
823
351
548
798
425
620
821
432
753
392
535
535
856
368
569
328
574
627
756
444
618
423
420
677
813
267
543
278
349
477
767
320
540
328
354
505
769
449
528
245
333
545
737
349
527
306
346
458
754
358
677
378
477
553
348
348
531
351
439
559
757
307
568
365
421
574
399
422
624
416
481
646
394
471
616
830
430
645
833
438
611
843
401
471
831
532
618
846
424
627
774
448
616
748
430
471
732
344
590
849
447
539
754
294
655
839
435
641
854
450
612
842
392
608
879
433
626
411
426
636
832
440
633
426
428
643
398
442
633
823
431
633
849
377
758
241
324
581
841
447
633
739
404
660
839
447
572
786
394
637
390
437
628
426
452
581
406
463
640
415
435
628
401
448
640
421
433
625
310
387
543
408
417
671
405
423
664
314
339
547
323
471
641
549
381
639
406
537
644
459
470
632
810
450
604
422
503
627
406
272
519
289
290
488
233
261
511
205
311
519
278
315
517
274
416
545
289
318
513
303
338
510
291
318
509
296
315
527
235
284
522
286
332
582
444
320
512
315
331
516
294
315
557
312
248
574
311
317
539
283
271
507
253
296
456
262
253
612
236
272
512
242
332
520
312
330
555
405
440
643
399
469
642
369
294
518
325
330
553
419
429
523
443
449
668
437
433
648
340
446
647
451
451
641
304
330
661
405
436
640
359
355
532
302
324
532
380
445
678
524
432
548
313
345
523
314
339
645
310
306
522
326
325
524
301
343
547
335
330
543
336
453
640
493
339
678
352
357
748
450
348
640
421
440
628
327
325
544
318
359
639
416
466
644
426
375
631
440
363
646
338
394
660
412
408
735
396
396
613
400
389
610
484
430
599
410
430
585
427
439
630
426
427
648
398
447
567
501
429
644
393
439
620
336
453
635
381
416
609
496
400
611
318
276
539
265
540
634
323
423
663
436
448
646
389
443
633
423
417
557
250
296
652
419
427
734
424
467
585
389
427
700
522
426
771
414
364
634
325
470
638
439
433
654
415
436
626
436
432
623
403
466
560
303
367
542
374
450
531
429
433
665
422
464
665
450
457
544
356
348
508
316
321
529
313
329
544
330
320
548
313
316
547
504
454
644
445
449
651
498
432
644
418
450
627
443
448
654
436
455
715
355
404
614
406
395
617
349
329
671
423
382
654
409
495
662
439
459
652
417
439
699
428
458
654
443
455
627
367
462
531
436
480
664
591
426
655
316
405
644
418
412
637
453
504
646
380
527
568
349
335
543
339
455
577
320
458
669
424
481
652
448
448
653
415
494
513
445
445
649
437
454
654
342
469
664
435
450
667
472
445
653
442
466
651
352
442
668
432
458
570
311
321
530
304
321
530
341
478
557
349
342
660
455
443
658
451
371
542
237
341
549
292
596
766
449
422
668
419
445
634
408
530
618
344
424
629
399
484
668
452
559
677
363
637
651
429
457
655
418
439
650
381
468
628
358
439
658
410
463
641
431
444
572
393
454
631
354
464
662
435
571
656
436
459
648
391
444
645
452
564
671
425
450
636
430
545
645
405
452
641
416
443
658
466
443
618
391
449
615
428
422
617
398
341
553
322
340
548
457
468
659
442
315
612
437
467
613
413
353
550
382
346
697
445
486
644
374
446
672
390
470
658
430
452
628
289
346
545
433
456
668
348
431
693
308
348
555
317
384
627
419
352
653
404
484
673
395
454
577
333
361
504
318
440
589
409
461
585
404
460
658
395
557
661
420
458
680
371
379
591
354
493
673
419
556
662
360
546
571
409
477
637
400
362
690
401
536
645
441
547
665
380
453
642
405
458
625
371
563
676
396
439
657
314
450
575
307
339
653
323
287
560
319
362
513
292
420
551
293
348
535
407
558
670
358
522
690
392
447
575
378
453
661
462
429
669
383
443
682
331
460
674
412
476
571
399
414
668
303
357
628
364
365
546
299
336
492
286
352
550
259
369
551
452
362
677
403
400
554
276
338
568
288
412
654
322
428
620
374
446
641
406
423
617
373
421
639
429
478
670
395
447
660
407
463
649
423
444
668
396
464
699
353
461
647
448
465
660
353
448
533
238
280
568
301
470
555
281
359
554
316
345
580
294
349
564
308
356
497
312
360
627
492
473
673
305
406
672
417
452
659
410
470
661
398
479
693
398
464
663
422
461
692
382
475
663
330
359
596
309
472
667
434
454
688
416
376
582
317
359
607
418
469
675
426
484
548
415
480
638
543
457
608
397
485
570
306
352
718
422
410
611
417
458
697
403
467
651
403
460
767
394
460
731
395
374
652
394
462
656
398
475
723
396
388
657
400
471
673
415
459
637
390
457
606
378
398
635
526
460
677
412
503
804
277
440
774
415
460
681
416
432
647
277
355
621
307
359
538
391
458
649
321
654
638
343
473
523
232
358
566
284
352
572
293
379
522
288
356
633
289
380
515
295
452
576
428
460
674
394
552
696
355
420
763
395
383
613
321
364
604
384
472
690
397
459
696
394
466
799
397
458
671
381
466
719
354
411
623
381
431
657
367
488
581
383
363
583
299
384
519
293
354
566
438
474
688
381
466
672
525
471
705
557
355
670
410
471
688
399
506
675
449
444
686
383
519
681
389
430
677
385
489
661
399
451
656
279
465
659
398
444
668
367
457
655
403
468
664
375
448
672
398
452
687
330
466
661
221
316
524
299
361
586
235
378
613
304
387
596
268
366
545
309
366
539
244
357
566
316
392
587
249
379
579
398
398
590
411
398
585
383
375
558
298
362
600
311
412
574
435
441
695
482
488
656
417
433
690
335
491
