671
254
278
498
285
404
568
363
371
519
348
361
585
380
346
521
331
358
601
362
290
535
311
418
552
463
438
607
451
423
617
438
381
590
363
281
574
323
378
535
338
325
552
467
404
513
392
529
590
270
431
544
264
465
602
271
387
531
341
372
664
319
435
582
353
507
549
365
402
520
351
437
622
321
503
538
324
456
627
326
332
590
266
311
603
325
307
693
263
420
651
296
308
629
314
225
583
323
342
589
268
334
560
354
433
664
317
443
750
307
417
697
295
352
692
292
375
535
300
341
581
386
272
501
372
319
517
351
291
509
448
341
621
414
468
453
422
331
478
389
367
527
360
290
539
400
309
520
338
346
536
368
349
481
472
333
521
309
359
480
369
331
497
343
384
631
388
384
748
330
434
687
419
568
626
379
334
474
353
417
600
466
428
686
485
520
557
323
415
560
265
343
534
244
555
500
312
335
550
276
457
550
361
562
602
255
395
655
362
324
640
329
339
695
376
382
669
369
390
677
305
335
570
334
276
645
349
332
612
337
388
693
250
335
609
383
334
496
369
339
510
401
300
533
389
367
495
346
450
535
413
403
532
435
292
525
459
406
605
410
399
529
449
421
623
462
424
570
562
439
615
455
398
571
421
443
598
265
370
549
365
421
550
373
395
519
381
321
499
275
388
542
342
471
590
409
414
632
388
363
594
390
365
613
415
451
619
417
387
583
362
413
562
450
411
690
433
521
587
343
319
570
323
281
620
253
296
608
343
268
588
343
320
631
376
332
626
312
451
647
346
330
633
315
369
652
348
290
663
443
462
597
344
420
666
418
470
635
445
531
585
522
354
546
376
360
574
420
382
582
490
401
592
522
336
660
375
337
545
358
355
665
362
399
538
373
314
542
340
478
538
261
350
635
280
419
483
232
387
550
250
366
489
324
378
513
358
394
579
456
449
551
279
446
556
430
395
571
322
540
580
377
428
666
441
477
585
426
469
646
392
383
628
426
354
592
392
306
584
337
381
589
292
374
550
293
343
550
228
350
520
288
323
657
332
267
537
332
384
618
450
449
559
357
317
656
413
394
643
349
285
694
443
444
634
524
399
578
468
465
678
520
365
644
400
433
573
490
387
549
427
470
495
359
318
567
442
377
521
472
372
656
356
495
579
412
494
649
315
388
714
357
384
762
327
493
550
389
417
775
307
409
572
304
413
582
387
348
537
347
384
581
375
502
569
318
512
645
515
539
584
335
348
626
317
382
675
388
317
640
464
428
662
438
470
762
339
314
624
399
494
679
361
400
615
420
416
661
377
396
657
345
395
609
278
368
717
246
374
727
319
371
693
395
380
516
465
370
550
438
397
607
471
434
586
428
481
602
414
443
571
429
407
655
417
443
648
349
465
620
407
470
560
475
387
768
361
470
730
409
336
571
342
465
651
333
484
601
303
550
671
325
500
643
433
624
807
415
578
609
454
526
650
348
501
679
410
493
717
322
507
627
386
459
602
348
467
616
432
387
601
419
318
849
385
496
827
398
468
661
408
454
707
362
440
719
374
464
778
272
437
734
256
399
711
366
448
711
412
360
656
384
371
664
346
491
573
473
478
675
346
418
546
448
494
602
513
477
626
499
484
624
505
431
684
388
520
589
521
407
696
410
450
622
393
439
657
419
484
530
350
486
638
372
470
663
479
466
705
446
491
619
403
537
700
422
520
620
375
514
580
445
497
662
418
516
637
467
479
690
494
394
642
386
385
753
353
418
687
316
448
708
342
382
620
432
494
722
443
481
713
495
484
659
541
367
726
341
546
637
425
356
734
481
449
594
566
437
570
396
476
584
487
415
553
418
492
637
591
318
665
412
432
603
401
371
691
441
534
614
490
415
513
431
452
699
566
509
722
454
506
627
393
395
632
305
597
594
281
525
703
345
551
629
345
503
682
317
611
642
339
420
635
313
437
598
496
499
677
352
493
759
321
533
626
282
652
540
405
422
625
357
523
701
464
347
674
292
469
721
398
400
727
386
449
713
455
319
736
361
493
702
354
396
658
419
519
631
391
405
679
369
386
759
392
443
739
349
552
757
462
476
755
439
428
634
415
332
668
391
690
633
548
428
640
532
541
587
562
464
727
528
467
511
399
425
719
415
440
621
443
421
551
398
336
579
376
394
550
466
538
635
503
562
723
423
596
530
329
450
728
316
482
605
373
605
717
419
570
572
459
579
774
335
551
593
369
507
763
493
661
586
360
496
666
307
490
602
412
627
725
474
453
642
457
471
747
301
529
589
505
387
656
423
443
546
466
377
810
499
476
717
468
407
652
432
506
717
386
567
822
367
432
666
412
587
723
281
439
765
418
363
735
400
458
743
403
427
704
375
552
696
422
612
589
311
516
620
453
396
548
350
482
580
414
521
707
503
500
686
441
318
594
412
500
597
402
365
598
411
409
641
436
436
582
340
461
620
444
395
698
297
551
635
338
656
639
259
514
545
436
614
694
307
576
679
384
535
768
438
590
713
414
503
729
404
418
826
391
356
644
215
407
597
304
376
740
245
346
613
228
370
598
244
327
687
427
502
811
422
487
755
325
350
769
414
484
666
350
321
608
342
428
533
459
446
592
374
493
700
500
389
671
381
448
728
507
496
702
380
336
581
422
473
705
353
443
540
363
379
602
429
364
546
369
347
540
279
370
589
285
389
546
268
410
754
363
572
654
249
447
700
419
550
595
240
439
570
367
470
719
412
431
613
223
395
563
238
557
549
321
482
513
323
428
493
245
298
556
220
353
546
220
279
567
297
380
640
260
315
664
273
339
600
360
381
704
354
501
653
429
365
717
319
485
604
250
326
625
251
326
776
368
464
636
284
398
590
348
436
561
309
431
562
465
397
545
300
428
522
348
365
580
337
345
580
363
369
524
355
412
589
322
342
590
301
355
518
332
326
584
400
350
545
380
448
591
248
387
583
343
464
571
229
405
503
235
398
615
230
366
491
201
368
513
185
381
564
211
399
517
229
402
506
228
427
596
319
437
533
238
328
580
255
433
638
235
332
553
260
321
593
394
407
633
323
395
667
306
374
655
243
441
621
356
443
740
985
468
775
422
488
803
424
522
740
566
433
728
488
474
638
555
519
566
467
480
665
430
487
584
442
477
676
635
481
697
447
539
684
493
450
631
446
492
687
504
447
677
469
490
628
471
466
702
297
548
655
389
541
745
320
549
630
333
537
727
332
497
596
322
531
688
408
598
664
395
522
687
386
660
669
423
427
712
520
458
681
377
507
704
325
462
649
335
435
775
379
338
719
430
491
748
352
426
788
431
493
709
402
478
673
421
401
803
406
485
674
416
518
753
273
352
635
333
384
679
335
353
651
461
495
710
468
444
612
476
488
599
347
412
566
404
432
555
345
424
606
433
488
707
392
434
622
482
441
713
359
545
707
401
446
708
304
432
648
431
494
686
317
512
651
278
625
707
420
623
702
429
542
635
300
488
632
358
437
658
242
513
622
303
511
642
207
459
775
314
363
751
399
414
765
357
427
695
374
535
716
391
489
805
413
485
670
420
501
686
314
511
691
410
446
684
416
492
748
445
504
742
347
495
562
461
480
633
411
504
592
466
561
568
499
446
675
418
515
639
420
521
694
478
579
711
510
495
710
458
417
676
442
417
708
436
435
629
368
514
557
390
388
697
411
570
652
322
576
723
379
684
646
312
610
777
298
582
663
429
609
877
441
683
879
229
425
638
265
449
541
294
499
589
226
413
561
334
415
655
231
375
577
241
402
647
240
417
607
298
296
701
279
356
654
291
368
714
259
477
810
388
386
709
307
395
647
226
272
626
213
343
611
269
339
686
317
405
752
267
384
586
298
449
591
271
365
590
366
426
525
301
398
549
313
418
619
348
337
617
399
401
602
394
425
617
304
342
532
354
444
660
328
454
594
260
512
608
248
450
580
304
394
625
232
442
627
258
497
622
291
530
555
301
461
625
298
453
604
260
481
597
274
529
619
249
360
613
240
419
589
235
378
584
231
356
611
241
323
656
302
402
732
311
408
651
255
337
663
302
335
669
303
519
667
252
377
751
293
349
696
337
358
643
369
384
573
351
461
658
290
355
517
263
318
519
411
435
587
380
418
556
354
360
553
308
370
589
342
347
579
324
394
610
345
398
631
477
457
652
287
427
588
273
482
567
210
580
649
254
499
623
323
490
626
255
473
566
224
578
641
283
559
805
373
669
747
279
523
819
322
551
695
343
360
598
257
450
796
324
350
764
302
477
766
284
473
739
241
410
758
462
526
868
330
481
685
349
517
784
275
441
714
405
542
692
442
438
642
394
454
713
429
417
591
354
518
716
483
450
636
348
377
645
367
400
724
423
527
687
337
493
646
358
553
717
444
537
661
481
486
638
362
554
700
391
530
729
274
472
704
430
550
639
325
499
706
318
545
673
328
509
740
395
459
578
296
530
575
245
507
659
327
460
660
279
489
633
310
691
615
383
578
673
380
548
739
376
361
648
254
427
722
412
409
629
434
509
641
283
418
684
359
591
716
276
406
619
319
537
757
444
622
811
538
542
823
620
505
704
540
526
725
564
536
677
431
555
714
483
467
633
387
574
716
384
607
624
371
558
704
410
442
567
500
423
726
409
358
607
430
505
688
417
583
607
294
446
695
315
580
709
332
635
717
255
666
640
420
601
677
274
671
671
386
513
735
388
543
697
388
561
675
368
513
701
386
602
808
287
490
747
433
533
782
304
514
677
393
420
720
388
444
791
396
452
805
358
405
723
349
544
819
416
459
725
393
497
794
322
546
759
374
563
782
327
503
608
386
472
765
470
505
784
426
548
761
330
517
681
486
430
571
319
457
669
482
500
693
440
509
609
465
543
731
442
569
690
487
518
722
391
413
753
443
413
745
376
559
726
430
690
673
262
563
742
283
470
795
316
573
850
389
470
788
314
668
633
404
639
751
404
561
601
394
514
759
312
650
754
426
498
734
343
664
609
365
481
754
444
394
793
437
410
785
299
432
714
390
462
851
460
571
690
425
387
866
412
525
808
395
530
781
438
575
721
414
511
718
400
477
778
392
553
667
371
567
639
488
545
661
381
642
629
536
484
747
460
548
622
425
598
741
550
568
655
373
563
726
449
618
688
374
462
844
408
595
745
292
589
729
325
505
706
310
604
754
345
658
711
343
642
856
406
601
714
416
531
744
442
556
804
297
606
768
355
628
766
396
611
686
383
517
784
473
560
793
394
535
761
429
497
780
355
551
784
482
490
783
394
489
778
415
553
858
354
472
721
276
555
835
395
487
735
372
418
907
299
446
783
444
515
719
467
573
697
530
549
795
453
539
726
508
500
737
492
539
715
507
597
764
414
465
876
530
497
739
369
538
685
437
490
713
480
549
701
439
462
834
323
585
726
267
592
848
319
562
638
364
591
783
407
583
699
403
574
776
330
687
715
335
579
660
362
620
875
367
619
784
365
690
815
473
572
835
374
559
784
407
428
881
420
446
779
425
474
835
406
466
779
421
561
794
403
534
896
394
551
815
426
581
866
420
459
770
421
656
788
440
641
751
623
622
725
584
642
786
409
642
685
482
582
666
477
511
632
498
514
671
409
572
792
492
504
756
475
514
866
402
572
798
283
543
768
310
471
722
310
558
795
282
640
759
278
656
753
406
526
706
422
510
690
406
650
770
336
595
729
314
592
750
344
518
747
415
537
758
429
415
785
342
541
789
469
519
848
399
405
822
450
497
837
370
573
801
449
541
747
331
571
777
448
570
778
315
529
749
407
526
877
465
532
603
485
558
796
382
543
718
462
581
704
459
579
840
433
484
734
426
575
695
487
509
584
497
520
668
461
556
689
351
621
662
391
569
627
344
443
653
460
444
731
267
535
721
289
582
740
330
522
756
270
525
704
247
568
670
441
596
634
348
584
715
341
513
729
391
577
649
312
601
770
440
451
691
408
543
729
461
608
712
341
495
811
336
436
797
421
497
668
408
394
808
367
577
733
318
552
753
427
684
726
258
552
807
349
515
755
406
483
765
440
509
718
384
544
832
395
598
775
374
695
595
416
403
732
510
570
704
437
568
774
458
580
695
435
514
704
459
600
752
531
512
729
470
573
748
484
497
719
441
617
615
441
549
706
304
475
634
300
530
765
279
525
707
359
651
741
378
673
762
427
531
786
272
593
703
421
577
728
397
552
602
419
584
767
413
513
709
268
593
799
500
438
844
305
466
768
453
553
876
464
581
816
440
551
869
416
593
818
330
555
749
376
570
797
394
495
778
398
571
728
431
566
651
527
474
627
404
563
619
455
473
698
390
507
682
444
397
684
373
516
605
486
520
623
401
534
671
480
541
752
521
514
618
408
563
772
394
635
810
413
632
798
394
683
844
397
584
779
380
680
811
432
721
638
458
547
782
412
597
743
384
747
786
449
654
773
347
558
779
404
516
805
313
502
780
469
455
850
408
586
814
456
476
849
337
579
776
454
488
749
282
526
770
405
480
779
352
495
747
415
587
823
394
694
790
373
481
810
294
583
695
423
509
716
398
593
644
412
433
805
398
596
730
455
568
793
407
534
758
489
464
808
438
509
749
434
486
733
307
596
628
288
494
770
315
566
671
336
560
813
283
625
697
269
576
763
248
649
753
361
582
675
340
641
727
395
585
697
298
663
751
444
619
738
299
544
748
434
561
775
285
454
806
367
505
766
308
511
870
433
397
789
292
419
825
413
420
800
325
538
802
448
456
882
328
569
808
476
459
911
285
515
871
315
522
751
375
536
677
495
468
674
427
598
653
472
444
913
393
607
725
511
452
820
421
615
673
545
458
731
572
458
642
449
540
818
298
570
769
370
493
662
244
525
678
345
481
642
278
521
614
286
543
730
332
631
648
396
561
820
393
646
662
297
579
856
384
481
1081
373
420
724
392
440
818
318
476
736
319
469
700
194
457
885
476
584
756
462
474
825
408
592
834
357
465
773
419
577
772
486
528
650
303
406
640
381
499
663
312
487
555
358
470
659
322
443
556
307
413
656
392
458
551
314
456
661
326
574
576
390
480
679
289
438
583
312
574
785
347
544
570
293
566
676
302
583
663
301
617
836
420
661
660
380
577
735
301
622
686
334
495
679
324
534
592
309
573
695
297
557
673
317
621
739
309
518
636
356
430
663
243
418
717
232
407
722
243
391
709
358
615
655
270
403
667
320
406
777
317
547
699
364
580
702
333
538
772
347
384
706
342
550
791
344
418
623
360
479
633
390
564
667
310
566
694
437
583
795
373
613
762
428
407
746
342
685
687
550
452
813
392
575
743
442
667
793
226
633
732
337
509
775
232
553
666
298
581
749
298
612
772
407
633
765
394
763
780
401
523
734
386
550
767
313
574
656
227
520
609
251
402
757
243
419
684
359
426
830
340
622
752
346
532
720
319
533
764
286
464
702
246
504
760
349
410
730
246
502
689
325
504
749
414
515
701
393
589
641
283
542
573
427
595
674
431
578
598
406
503
710
413
597
804
431
561
721
421
544
626
424
444
671
339
548
623
479
464
682
321
565
720
317
563
703
277
525
681
363
580
750
238
465
576
265
538
603
271
538
613
259
483
685
283
611
780
248
566
770
425
699
745
370
545
749
409
484
751
348
493
820
334
472
753
344
525
759
270
411
706
365
481
685
329
495
725
235
431
788
272
497
756
324
418
764
311
520
625
260
400
693
338
565
642
281
441
774
453
512
688
384
466
718
399
437
624
438
441
813
323
517
721
339
591
689
373
496
666
315
482
770
269
593
668
315
555
680
338
522
696
320
468
682
304
478
698
293
546
666
235
573
688
259
505
741
292
496
689
304
483
698
275
502
673
297
524
751
243
473
696
242
394
879
289
420
757
354
399
811
384
501
738
263
449
690
317
528
703
247
527
738
347
499
724
287
464
827
291
469
762
251
474
843
337
557
750
439
456
692
420
570
599
354
479
606
408
452
732
394
558
793
334
528
704
414
430
693
302
564
693
424
461
734
421
546
578
416
497
739
371
518
624
248
436
582
277
451
720
211
487
757
206
579
669
322
545
744
364
673
662
437
539
785
396
599
692
362
547
648
296
552
693
302
528
747
343
504
714
345
434
691
282
427
674
263
394
706
245
414
731
277
488
679
328
453
699
225
375
693
203
396
801
368
472
864
324
554
715
385
414
649
310
571
675
383
492
625
332
558
689
400
562
725
394
526
671
416
567
736
379
564
605
399
508
715
311
571
692
395
520
760
354
692
813
311
637
814
327
584
787
352
551
841
386
632
780
375
657
847
244
600
727
422
638
839
362
666
725
377
613
730
348
546
749
335
485
707
225
449
655
288
415
770
287
446
733
319
404
830
227
454
813
430
646
852
449
616
814
359
574
853
297
492
714
314
503
788
245
474
723
355
482
814
306
439
724
384
425
712
273
553
650
332
478
649
352
605
640
336
492
613
300
394
627
284
454
649
405
443
625
428
443
784
431
595
725
370
498
662
375
531
712
417
526
647
307
487
613
386
546
692
317
604
729
244
488
626
227
548
696
311
518
600
234
528
705
363
511
645
218
522
736
337
500
621
257
690
759
405
576
692
451
665
849
422
633
743
281
520
776
387
451
783
357
425
777
347
525
733
237
534
767
368
556
711
363
439
743
369
511
828
340
423
713
225
510
754
295
427
769
305
478
791
357
590
827
473
554
726
392
549
862
366
572
796
405
466
637
306
473
719
333
657
725
360
690
668
303
460
630
317
504
720
390
563
658
355
482
644
329
643
623
317
543
678
346
589
624
264
640
680
257
522
675
339
589
757
279
524
739
248
624
768
360
609
669
410
636
741
329
651
787
283
563
711
278
633
659
240
525
719
325
544
725
313
429
798
435
559
724
317
592
893
424
556
859
287
613
840
294
482
718
388
551
706
341
582
693
251
425
759
284
544
916
421
581
785
452
529
760
489
584
642
364
646
741
293
479
651
288
561
603
389
437
595
338
469
689
390
457
646
363
437
655
327
432
611
300
435
650
338
464
625
359
512
624
345
571
618
210
485
640
234
491
598
238
439
604
235
455
637
234
485
613
193
536
600
197
531
622
365
638
781
366
514
791
233
505
765
340
504
685
307
430
695
373
473
739
248
478
823
293
436
789
284
493
807
350
542
882
340
445
757
235
400
747
302
532
793
252
524
832
218
553
834
371
486
713
544
611
813
394
589
668
402
667
707
375
693
823
434
636
788
385
613
849
402
535
845
462
611
863
437
637
859
402
609
877
583
667
805
475
606
694
350
702
878
392
665
786
371
595
823
331
621
850
342
587
761
348
604
743
436
613
774
496
725
843
508
613
1001
554
642
1237
519
662
891
351
551
859
482
663
858
441
658
813
410
553
763
332
525
826
363
656
798
373
511
788
451
614
853
465
602
841
285
519
823
328
570
859
494
534
799
425
619
734
364
681
680
474
592
777
525
642
716
391
512
670
296
513
794
391
651
813
315
457
838
367
495
670
397
514
731
424
479
728
459
687
762
295
623
833
289
613
812
367
734
881
398
681
826
423
730
863
350
742
740
463
696
828
280
598
723
424
739
840
532
727
797
421
737
767
386
746
868
452
661
847
392
779
808
476
618
915
362
569
880
461
491
1138
339
653
788
371
644
946
375
677
851
341
540
879
443
616
842
517
649
791
475
658
847
584
460
698
359
544
778
420
609
748
335
537
801
508
675
873
357
630
863
503
729
839
419
647
823
394
693
883
451
635
776
463
684
883
279
702
809
320
634
823
240
661
817
431
760
1103
425
746
888
445
670
785
335
614
831
346
658
833
540
726
808
432
764
842
443
652
871
444
487
795
356
562
839
345
491
817
290
457
916
352
514
866
312
664
1026
474
572
910
300
637
892
406
629
934
359
555
900
422
611
790
479
662
908
384
642
1109
330
665
763
435
584
744
363
551
683
358
484
700
347
485
670
380
486
689
339
459
745
455
510
820
432
618
813
552
546
863
481
582
741
429
572
779
282
668
876
299
598
747
337
652
802
454
670
866
433
772
936
460
679
855
364
712
752
454
610
817
419
639
868
524
600
872
435
560
753
421
600
866
453
652
1040
479
638
975
469
641
871
472
541
793
445
694
1012
471
637
1008
281
700
829
407
649
835
365
529
793
431
593
1018
441
552
754
346
488
682
389
535
783
398
522
725
397
559
680
421
517
317
362
526
739
454
595
716
381
630
828
439
548
371
443
599
766
380
660
813
360
680
728
272
631
744
274
689
820
287
720
745
267
526
669
226
477
660
288
529
620
222
517
309
267
623
370
335
528
638
269
583
288
321
633
656
323
523
651
225
471
280
236
504
661
224
462
298
230
460
682
285
542
787
259
457
750
246
462
724
279
455
780
374
479
743
334
517
732
382
541
717
320
485
675
259
457
680
295
547
681
379
535
348
329
512
694
323
444
278
381
515
240
376
536
727
370
551
671
472
490
301
372
550
668
358
573
743
276
547
724
284
500
718
286
468
705
259
475
712
289
625
783
317
510
633
223
534
772
343
556
331
402
608
356
309
581
319
362
565
304
359
746
316
355
551
727
333
671
327
386
582
326
368
529
318
419
541
379
382
532
408
376
521
348
332
566
314
237
412
322
354
444
348
273
489
391
338
548
348
275
617
365
331
442
285
240
445
338
352
477
346
316
536
386
355
475
294
361
466
267
358
548
239
353
496
373
362
539
246
377
513
279
360
494
310
350
529
317
419
473
341
378
490
395
397
465
361
367
567
350
365
508
317
477
610
357
489
752
501
400
672
414
405
667
378
383
677
366
411
593
391
359
651
375
317
682
465
470
691
301
475
724
319
471
584
385
417
660
480
352
678
457
404
679
392
366
602
434
390
510
311
393
508
429
325
570
419
291
568
473
378
534
379
341
566
414
304
503
414
386
535
428
446
584
400
445
679
508
544
688
381
524
616
312
457
752
347
551
696
334
593
704
435
481
687
411
513
651
329
410
705
360
503
636
481
464
638
336
474
652
412
328
747
372
306
665
466
282
681
333
269
692
454
298
647
287
279
632
324
292
635
358
288
578
428
467
692
350
369
741
393
376
784
452
408
831
452
461
575
505
411
547
464
479
612
486
434
660
500
510
655
551
425
736
487
521
646
533
325
608
535
398
598
535
397
665
501
432
733
568
486
662
389
437
646
457
479
679
367
367
640
426
502
646
287
520
660
491
539
624
392
505
655
444
476
675
373
526
530
374
541
545
472
490
697
502
333
646
420
320
662
434
424
756
418
454
738
424
456
742
446
501
662
382
431
719
483
383
779
444
321
680
443
325
789
413
493
709
488
367
620
466
410
582
343
336
641
437
412
629
457
484
528
471
575
595
564
562
562
497
309
611
459
450
699
410
393
476
472
420
566
432
351
513
388
412
615
585
438
633
328
408
700
429
465
627
386
479
503
385
472
615
358
425
521
294
549
599
297
564
570
453
448
683
358
517
613
427
561
614
259
438
909
459
440
610
364
332
669
423
382
745
392
340
652
392
407
784
339
471
716
432
331
787
320
459
709
388
445
768
394
501
692
468
399
679
344
481
736
467
348
715
497
428
509
405
408
674
388
390
516
672
355
667
356
430
603
353
362
707
520
483
672
451
385
695
502
416
614
505
463
705
559
510
553
560
450
689
382
400
612
377
486
683
281
493
577
460
587
671
337
502
727
491
451
746
418
485
566
398
524
589
465
486
566
457
509
684
395
487
624
501
371
738
367
361
885
379
312
707
453
367
597
470
337
694
390
447
902
272
297
651
333
372
635
459
329
673
364
467
680
372
438
615
391
487
657
523
525
562
436
461
544
361
378
739
402
519
589
499
532
703
479
489
564
443
390
612
442
377
559
398
417
597
453
462
631
433
482
676
374
462
596
389
468
739
370
488
616
378
574
640
356
498
589
444
494
668
430
523
553
421
554
691
397
504
577
389
541
576
408
516
544
398
360
690
398
456
686
418
461
681
486
344
624
322
459
870
397
404
624
466
520
695
457
511
653
423
506
755
458
427
772
510
353
693
329
484
687
426
422
515
450
525
572
480
434
535
414
443
559
497
477
645
514
479
515
493
456
684
583
499
576
490
484
748
405
407
568
370
410
684
523
517
585
522
390
699
372
483
708
281
526
675
455
495
672
377
541
635
400
488
697
404
569
717
432
496
676
432
445
697
427
542
630
386
483
647
431
578
667
487
398
712
383
361
606
331
331
637
308
421
759
518
483
752
375
493
715
356
462
631
380
484
725
365
431
759
434
498
629
362
339
724
296
509
674
480
491
596
476
463
555
412
511
589
366
405
619
482
504
684
363
517
483
437
411
649
417
451
587
548
525
724
424
537
690
475
336
664
320
479
707
288
402
635
304
532
696
361
504
668
241
589
694
384
457
738
406
589
614
397
527
749
439
519
637
309
394
716
338
508
604
390
485
645
441
529
592
408
344
658
418
384
634
385
335
712
259
397
743
379
355
765
381
293
625
457
466
730
425
483
686
337
422
647
290
378
648
445
376
775
355
424
857
419
487
701
432
452
614
412
342
571
344
357
640
427
478
609
357
429
603
473
417
562
437
454
686
448
453
682
439
459
632
450
370
662
337
526
584
342
549
676
360
543
696
285
469
692
257
436
721
323
495
659
344
566
552
371
449
706
448
477
629
255
532
683
359
618
645
421
371
654
412
535
603
409
416
655
433
409
750
358
431
720
384
344
678
375
440
739
387
481
623
424
480
787
405
514
706
395
481
761
420
528
637
470
373
705
427
582
594
496
503
689
335
474
632
446
482
563
431
510
597
478
508
713
373
504
527
485
480
700
423
501
694
467
450
702
366
428
645
465
323
564
395
431
695
398
505
691
334
538
608
406
460
692
334
547
574
388
527
672
346
586
523
394
467
626
320
669
564
406
456
616
364
425
658
338
452
648
412
421
624
343
507
706
399
379
597
405
321
706
378
463
640
431
369
585
411
7698
619
401
570
737
392
414
626
341
305
664
251
440
691
341
503
754
312
385
699
386
482
641
396
399
609
352
423
537
356
444
551
452
391
542
450
478
641
440
521
712
441
424
594
397
497
665
430
420
574
501
499
582
425
434
665
286
401
609
329
443
575
320
371
637
287
488
899
251
401
674
361
422
641
336
490
615
412
430
707
423
550
732
388
600
692
389
520
679
437
547
724
429
481
774
424
372
763
592
340
740
240
474
572
436
376
707
408
507
832
370
436
732
464
509
769
395
523
682
433
426
682
381
363
626
393
475
688
449
512
731
460
474
607
454
532
755
441
391
605
449
507
707
490
493
636
506
515
678
425
447
698
353
442
752
410
528
731
467
399
673
481
583
730
531
404
746
369
502
699
393
496
570
257
366
562
262
480
707
394
518
535
340
511
632
404
408
608
340
545
713
439
551
526
337
535
622
285
451
586
348
416
583
226
365
574
289
322
549
334
370
695
439
542
680
463
562
694
464
539
839
407
545
715
476
396
634
345
390
646
289
324
657
271
375
754
247
333
706
336
353
534
411
364
591
456
390
496
342
335
555
326
467
573
432
483
661
341
334
591
367
365
579
302
347
521
401
383
652
370
545
612
458
516
615
283
385
685
372
551
725
560
519
666
299
489
614
240
415
534
291
463
620
287
451
618
353
534
725
414
507
600
435
453
679
432
567
592
306
589
793
456
635
791
460
466
700
452
578
842
485
402
787
437
541
783
401
541
688
320
395
675
412
414
731
364
397
727
355
495
887
424
490
616
385
522
770
482
494
637
413
488
604
422
523
511
458
520
613
396
433
598
414
373
592
418
404
608
388
365
527
400
446
576
381
319
597
440
465
711
372
458
646
440
414
530
340
369
533
226
385
531
233
394
553
265
437
591
254
516
631
366
402
617
281
552
599
358
522
734
311
521
681
436
585
647
379
535
583
373
539
593
337
473
599
250
466
696
250
423
652
324
408
548
306
322
660
298
363
807
456
562
857
436
578
774
415
571
682
479
490
807
436
423
772
270
419
750
298
392
754
288
338
607
265
408
616
321
476
666
340
350
614
273
386
638
287
417
584
391
420
613
323
394
580
369
374
615
382
378
595
343
439
536
328
388
588
509
518
738
660
504
724
457
549
631
412
598
718
263
531
718
312
509
631
246
498
596
260
530
598
403
461
614
341
682
777
350
581
817
267
482
660
395
586
695
308
547
631
354
628
547
307
452
717
341
392
683
267
350
648
341
416
601
341
360
750
437
378
816
332
422
669
364
351
646
210
391
650
322
357
675
361
415
686
325
379
631
264
416
809
348
332
671
278
400
807
368
352
666
353
424
633
415
433
636
366
496
713
367
386
742
365
343
573
364
379
605
400
449
568
386
476
768
406
418
570
314
336
558
306
373
564
260
467
546
357
590
729
427
601
738
325
463
549
231
407
615
252
435
528
317
415
600
386
649
585
347
460
569
245
483
584
306
491
632
274
481
585
306
465
596
259
341
599
334
394
718
330
322
623
255
464
644
258
473
677
269
396
653
320
374
672
303
373
616
253
432
634
300
390
694
246
386
691
249
460
696
246
423
623
347
421
533
375
404
503
298
443
591
320
424
630
424
353
529
410
366
508
340
336
558
361
354
520
461
358
541
348
447
563
314
387
628
413
448
586
392
381
664
263
559
564
372
536
611
253
537
561
320
483
708
397
428
585
311
553
606
299
502
644
419
544
608
242
499
526
320
497
716
266
489
577
282
456
591
295
366
654
290
339
625
310
387
629
274
395
712
205
375
657
230
327
704
264
336
689
307
412
698
285
390
729
278
395
658
300
393
641
292
413
626
258
332
697
247
396
564
294
448
703
344
353
648
296
408
669
334
381
610
344
372
522
339
444
628
364
406
618
445
450
648
413
439
566
514
450
644
491
349
696
412
498
797
269
350
563
295
372
567
206
449
572
234
397
527
269
411
560
302
441
520
268
422
670
298
408
605
242
453
540
322
458
677
399
590
595
297
419
681
434
503
635
526
534
670
256
394
605
231
408
716
337
381
691
308
394
608
299
432
633
221
369
612
423
551
738
362
534
746
344
443
782
365
515
910
413
496
700
412
504
837
391
498
874
388
534
749
335
521
796
537
518
682
431
496
564
424
436
741
405
445
706
463
514
580
459
556
717
481
549
753
420
497
727
453
482
768
502
643
821
409
503
685
283
464
675
346
677
849
295
557
750
378
715
803
302
675
635
367
575
750
354
565
687
373
573
698
355
488
697
369
444
733
472
545
669
374
491
719
462
403
815
335
461
761
336
427
618
369
439
750
433
456
750
332
509
707
412
579
737
319
506
781
462
545
699
408
428
718
378
439
738
329
614
863
464
531
775
423
536
760
406
487
639
400
478
636
401
637
624
510
683
724
492
495
758
526
558
619
397
522
627
457
518
685
542
568
769
474
531
661
461
449
716
435
487
676
391
465
723
425
596
693
500
460
630
393
545
706
393
642
752
344
639
766
332
531
733
309
498
651
397
671
720
343
647
856
364
522
757
346
536
709
410
624
677
352
481
692
417
519
745
353
449
762
395
455
665
454
474
819
443
462
841
415
460
775
442
603
803
392
507
779
457
493
841
388
508
764
405
459
812
420
560
811
418
536
717
462
503
702
385
471
767
365
565
688
408
591
721
403
527
709
422
540
640
497
530
746
407
481
722
429
602
785
381
506
699
513
562
609
499
499
681
396
546
806
344
489
758
370
606
714
602
599
618
402
534
802
297
617
782
330
558
710
315
597
743
355
592
601
361
461
788
429
566
756
349
544
672
369
511
671
313
481
673
232
461
589
300
494
649
243
491
694
332
398
619
244
431
694
235
403
620
245
397
778
222
394
658
280
398
624
277
378
631
343
393
653
306
364
669
214
387
733
309
471
733
373
536
638
374
399
726
304
518
826
314
490
730
327
456
670
349
369
597
294
396
614
306
375
587
397
421
576
356
393
584
344
400
616
348
440
636
414
427
674
399
375
605
321
429
663
342
368
538
378
497
701
281
516
672
335
448
576
332
498
692
376
646
697
377
512
692
375
551
678
351
620
786
343
595
680
447
612
612
349
521
668
380
579
759
383
759
823
429
623
749
344
443
774
423
462
791
434
571
876
423
529
760
353
413
835
436
570
765
413
570
909
524
564
883
410
508
787
376
505
750
418
590
686
400
534
736
392
541
681
330
507
795
374
529
690
465
562
705
481
558
591
458
558
768
403
575
650
467
506
729
410
578
619
420
492
676
353
588
784
406
507
753
468
562
671
349
545
584
250
501
690
348
560
762
324
691
814
262
574
739
404
598
676
448
640
778
380
493
744
426
601
789
360
566
690
373
719
710
378
560
743
351
406
735
396
426
809
283
452
668
299
582
667
403
455
832
361
519
813
428
541
719
342
536
679
317
446
773
362
561
771
382
512
800
377
524
799
387
554
876
405
512
747
382
491
651
485
496
671
469
568
682
361
523
691
483
519
715
464
576
695
394
481
758
400
558
711
516
589
716
449
605
560
330
495
708
357
505
675
392
584
715
246
637
686
356
544
678
353
481
605
406
504
774
380
638
618
285
566
715
260
583
581
353
500
776
296
540
698
379
505
766
315
573
749
413
599
592
328
535
826
351
517
736
354
473
727
417
457
715
367
455
744
379
516
754
368
679
924
366
402
794
302
532
703
427
475
713
275
586
704
432
487
744
253
559
817
407
482
783
377
579
738
392
459
625
334
429
763
417
434
649
417
607
652
429
500
608
351
442
605
389
439
616
364
554
761
396
416
761
404
501
695
406
480
788
514
483
669
393
398
717
433
535
676
411
512
657
310
610
767
405
675
794
285
660
760
393
684
741
252
451
701
372
529
762
376
544
789
410
640
722
310
537
708
402
820
634
369
752
775
431
602
763
272
537
710
424
510
738
343
583
823
433
529
757
436
476
830
432
436
911
389
559
784
471
499
768
427
549
804
394
522
852
416
586
747
328
431
825
518
561
628
454
421
690
363
449
662
498
460
707
467
629
690
540
435
693
436
502
668
537
505
757
467
560
651
412
547
835
460
599
705
342
531
790
298
493
725
323
627
801
377
663
640
429
672
606
425
610
684
382
592
741
293
614
764
468
696
787
422
617
693
377
531
791
414
651
740
424
622
772
390
643
647
445
467
669
422
454
792
420
465
882
449
480
882
417
572
777
294
530
841
396
580
919
417
426
769
367
476
739
353
567
940
407
499
657
528
591
703
384
416
741
432
605
634
398
616
736
491
547
662
559
508
844
335
419
750
441
567
893
459
609
671
512
709
667
361
541
792
367
481
813
313
643
749
416
523
699
396
597
749
415
539
776
236
670
633
400
633
767
357
642
770
381
545
616
339
561
767
346
656
761
408
734
646
200
481
616
337
620
645
309
411
716
327
481
746
357
445
841
372
569
855
416
510
694
258
451
643
274
447
690
289
454
774
264
611
716
287
481
646
246
447
775
262
406
664
243
413
749
377
451
615
301
625
617
382
429
687
398
487
644
443
493
724
327
505
646
381
501
581
401
486
795
399
509
715
445
581
760
317
630
758
351
509
703
438
503
818
334
513
768
391
615
750
380
543
779
242
623
589
493
609
817
382
600
814
525
698
842
400
608
709
393
570
713
425
581
646
401
555
797
397
670
730
354
463
751
392
696
725
420
569
841
370
413
723
460
603
809
385
511
754
444
651
831
393
638
722
445
517
837
435
588
827
343
455
902
455
608
716
505
547
854
466
592
680
447
512
696
331
530
731
474
568
772
522
634
611
542
470
832
385
620
746
448
518
805
400
592
600
517
552
858
482
626
709
387
602
793
438
614
699
404
577
703
433
593
639
397
523
815
291
676
592
433
729
780
344
635
669
374
580
806
483
693
813
377
589
809
290
608
697
374
548
754
425
551
716
387
595
777
271
591
660
411
644
765
331
604
669
418
571
814
407
563
850
315
478
730
401
569
806
433
524
886
504
667
736
459
517
872
340
590
722
359
503
802
353
605
843
423
502
793
400
458
720
308
617
788
431
601
615
564
533
775
508
591
709
489
438
815
471
627
711
408
514
803
446
630
663
414
462
781
446
507
700
453
614
819
387
613
756
425
622
679
282
582
712
290
475
815
351
661
672
277
624
700
333
770
647
428
617
845
304
597
883
420
687
787
296
624
800
411
647
699
389
698
665
418
711
785
389
630
811
288
627
826
327
509
785
399
487
848
297
522
772
513
641
768
353
463
818
448
646
912
438
630
844
470
499
907
406
640
727
263
494
821
481
587
739
367
509
894
377
444
730
420
517
826
406
581
693
418
603
846
378
589
683
420
468
799
415
632
767
470
654
813
478
613
613
485
609
780
493
517
818
385
532
732
437
629
856
507
493
804
429
559
742
369
468
798
369
669
801
404
658
794
344
616
610
350
570
846
445
663
693
394
634
806
359
617
727
365
643
736
283
738
737
423
657
793
417
683
824
287
690
740
399
717
828
430
531
817
334
535
813
406
519
862
265
527
722
422
633
888
347
535
804
341
434
890
466
532
871
302
427
795
312
589
904
439
451
770
400
442
842
433
446
836
298
582
824
432
633
740
515
615
750
459
429
812
402
641
825
609
530
713
469
615
793
466
485
731
473
477
780
367
574
783
446
582
696
418
570
687
265
588
842
379
603
877
253
624
657
284
629
868
353
634
781
282
601
794
366
656
881
412
609
758
348
645
747
456
558
799
439
610
720
480
606
836
344
636
761
276
541
776
420
491
727
333
486
883
464
585
838
372
568
919
247
540
857
434
468
864
439
563
776
361
441
924
318
621
841
324
572
849
437
523
641
399
508
679
587
475
760
340
648
776
443
572
680
522
552
722
398
631
883
527
460
663
349
584
816
411
581
810
503
594
617
393
544
752
535
492
794
455
612
815
576
556
688
608
550
798
545
560
705
344
473
661
342
689
738
296
606
711
309
610
699
404
545
895
434
820
711
421
612
879
361
551
693
412
579
700
401
617
721
364
628
760
402
608
758
280
576
789
335
533
778
352
413
794
358
534
758
509
521
910
317
500
741
564
516
895
590
535
812
404
597
856
435
633
750
262
495
761
466
538
777
334
544
924
406
521
772
367
557
805
361
564
674
436
550
816
336
666
699
477
454
730
410
624
746
478
631
825
598
591
745
481
633
767
566
491
823
509
511
812
400
633
792
556
526
755
445
602
848
290
524
775
257
657
762
306
667
811
280
732
694
344
670
803
427
707
667
290
715
821
246
629
765
370
622
776
434
676
843
316
536
770
420
710
770
281
504
843
339
523
759
305
460
905
390
542
819
327
487
814
422
542
851
334
738
829
357
660
741
410
454
828
376
591
904
313
621
816
414
693
781
332
513
899
358
553
764
265
694
765
277
480
651
376
663
696
464
596
737
408
460
799
448
572
754
506
553
796
423
601
679
449
544
820
413
529
706
445
544
822
395
507
729
441
545
830
412
560
767
286
544
806
434
598
808
272
635
858
472
593
781
275
646
804
393
653
887
354
734
834
276
681
824
344
750
815
397
677
777
315
746
834
368
668
870
320
441
753
337
475
880
348
442
864
385
629
830
297
512
867
253
465
795
389
737
875
494
642
906
427
662
883
361
472
794
270
562
787
351
556
866
394
489
983
365
542
712
304
540
696
347
489
635
390
550
882
634
556
879
418
594
806
486
553
847
462
532
850
546
545
744
410
619
781
542
522
778
507
516
786
401
511
716
378
604
787
383
609
844
373
618
849
392
667
809
347
757
713
389
720
662
342
657
787
471
587
828
383
658
812
341
764
778
419
680
768
374
594
765
370
714
1074
349
630
823
260
472
981
339
621
837
544
590
767
459
576
946
298
667
901
293
552
857
584
676
828
403
591
859
310
596
929
475
635
982
269
637
886
463
572
824
343
596
774
518
577
729
346
552
815
336
633
742
479
638
752
407
604
769
374
502
678
334
616
775
472
484
769
411
632
744
399
575
803
513
541
776
548
593
756
458
713
887
485
593
734
375
707
839
310
588
957
386
663
896
396
663
735
288
634
733
456
576
723
353
684
782
375
686
736
307
722
747
376
642
679
337
646
973
482
493
780
484
588
865
277
558
953
339
628
913
422
655
763
422
458
825
376
535
813
306
644
911
505
564
934
381
568
914
403
543
704
497
653
745
364
532
723
492
626
791
514
574
783
506
535
800
444
615
744
521
643
807
430
712
783
541
547
825
470
502
742
543
586
752
404
617
688
354
707
801
352
593
764
339
661
769
347
628
819
363
665
807
476
682
770
493
685
843
524
734
810
376
744
813
337
671
699
372
705
815
372
491
831
427
513
902
467
510
843
295
641
815
372
558
866
483
520
733
472
552
900
467
526
779
424
515
844
367
534
837
403
502
817
444
508
839
286
582
900
309
592
709
410
630
678
485
457
864
421
631
897
470
662
750
555
576
671
483
496
740
452
533
836
669
532
827
414
617
944
453
612
823
313
643
716
466
567
831
402
668
765
370
723
834
327
746
766
326
676
814
359
652
820
394
628
848
463
624
793
337
654
686
335
594
722
279
656
738
357
589
696
277
670
716
356
567
760
308
659
823
428
573
831
297
627
913
390
520
857
397
569
821
394
455
793
303
568
827
393
679
898
434
538
822
274
528
399
312
702
954
306
570
783
301
662
974
389
591
832
315
552
671
374
591
703
550
609
711
484
584
749
398
623
806
457
589
754
434
594
465
391
562
878
456
494
372
410
685
464
547
707
875
380
698
696
341
493
476
425
618
818
360
609
430
382
723
841
406
750
361
418
711
848
441
667
850
399
676
855
419
641
307
347
595
329
456
630
306
401
625
390
342
704
512
373
656
762
444
623
491
451
597
430
456
693
873
343
543
829
426
546
474
340
692
450
463
563
417
368
656
860
366
520
546
376
520
847
300
552
649
362
481
335
382
629
347
341
521
312
493
563
688
371
578
322
551
664
804
502
620
318
417
741
456
517
584
334
375
714
346
427
658
850
593
534
508
497
606
333
414
620
490
395
663
345
342
679
439
412
660
522
325
656
444
385
575
420
323
631
413
387
725
724
306
599
392
500
680
407
382
848
404
388
734
237
416
667
812
395
704
441
445
539
423
247
473
329
414
535
399
422
592
340
444
517
429
538
702
618
388
585
475
405
617
484
493
692
378
478
689
497
407
531
466
460
587
391
504
606
376
452
595
312
490
545
370
380
568
270
425
689
418
359
587
293
449
704
489
546
616
422
476
696
407
537
705
488
597
609
389
436
648
477
386
713
489
458
728
371
326
793
470
487
695
393
433
736
431
434
747
474
455
756
487
312
799
507
426
767
333
640
830
347
305
658
318
486
714
560
440
528
456
437
731
361
372
735
534
527
688
595
443
711
550
381
701
482
461
690
541
513
687
548
587
578
637
468
701
502
442
661
569
375
593
430
479
671
356
585
630
410
400
607
398
512
701
391
533
685
322
556
679
466
512
507
367
456
711
376
521
699
412
411
757
353
404
561
304
408
716
433
372
758
446
389
774
345
329
748
454
567
815
447
410
806
462
456
691
446
428
753
497
478
685
300
439
726
473
467
684
373
450
557
427
315
654
308
481
531
531
509
697
548
446
673
525
474
686
508
455
702
423
399
599
522
550
663
550
471
684
381
439
580
323
373
580
401
502
672
315
536
643
441
520
556
383
463
668
446
579
666
361
549
611
373
503
603
440
440
671
406
480
762
383
777
670
457
455
582
346
398
587
380
321
575
308
450
661
338
327
673
385
411
813
326
406
691
420
389
666
478
453
596
375
309
807
289
388
650
402
535
832
367
474
627
389
446
499
418
394
528
473
528
537
386
423
564
509
494
702
490
399
628
483
324
529
440
474
613
485
529
689
444
304
581
398
471
713
390
449
581
341
434
684
388
519
671
400
562
675
442
557
494
419
508
674
474
571
708
366
532
632
425
535
699
404
432
731
383
488
748
399
467
650
388
367
616
443
423
767
445
343
776
450
499
687
482
370
714
385
470
762
428
436
705
415
570
762
410
437
667
402
477
653
369
336
700
342
460
818
486
397
678
530
422
721
425
430
578
428
463
602
533
493
607
477
426
616
401
414
672
463
497
632
554
400
536
346
463
781
522
415
664
527
477
632
492
514
609
481
451
646
479
456
548
377
443
602
358
500
563
318
408
592
317
381
674
274
425
781
419
481
599
314
438
708
380
375
646
388
555
757
485
673
595
316
535
781
374
375
637
299
330
732
313
336
579
311
332
779
332
323
684
377
477
907
477
312
776
338
450
711
403
330
774
437
493
638
475
372
700
349
502
709
481
374
582
336
467
607
446
388
555
388
330
576
442
327
641
457
632
537
393
346
534
485
369
464
439
340
602
416
405
460
393
418
680
378
500
635
513
363
706
459
364
515
266
352
565
252
434
474
319
349
496
217
380
436
313
371
525
324
417
591
419
454
530
256
426
571
458
534
640
326
517
572
402
528
615
219
390
609
405
404
757
320
420
649
435
415
769
354
389
711
395
410
719
310
471
695
446
396
668
282
336
627
301
251
614
234
306
570
252
284
648
255
372
625
293
277
505
384
327
599
326
419
529
463
522
640
398
286
597
357
359
595
394
264
513
321
346
471
405
368
