2612
710
413
576
769
338
592
670
376
567
790
416
549
772
419
611
791
426
613
819
430
606
709
431
616
820
428
601
817
348
625
808
428
633
808
441
616
921
454
595
822
439
588
829
448
626
816
437
616
832
442
544
826
424
448
788
437
610
725
431
613
833
453
617
817
373
611
799
362
639
782
424
461
804
272
619
795
425
557
825
443
601
820
443
625
814
434
597
781
414
492
817
425
632
645
362
617
744
430
603
858
471
580
855
385
620
780
428
540
863
272
609
797
411
635
818
383
598
824
437
601
812
436
557
831
430
616
906
454
611
803
434
620
840
250
642
806
409
489
816
439
595
713
437
650
828
286
614
823
427
514
920
366
584
778
530
563
895
274
474
861
451
651
835
436
631
729
423
765
847
273
620
826
435
412
818
406
601
757
429
638
829
446
626
793
413
563
883
337
585
809
343
614
835
441
562
653
440
419
735
432
603
706
430
659
785
238
648
868
437
663
755
445
650
746
421
521
691
468
635
842
465
656
844
444
623
784
479
638
817
445
552
827
444
633
714
541
651
780
452
659
845
305
632
848
464
597
847
473
619
825
448
613
716
399
562
788
434
642
835
338
652
835
443
632
871
415
654
815
457
630
834
420
643
643
393
512
923
350
570
788
313
445
830
407
688
798
451
624
900
439
636
842
413
634
809
391
598
806
420
613
905
458
619
854
433
592
822
475
599
807
450
645
829
463
605
875
602
624
816
466
627
839
425
632
746
366
557
957
369
485
803
347
625
674
358
629
837
246
657
845
518
583
845
463
627
798
444
640
845
262
625
840
378
460
800
317
634
661
455
638
724
427
529
837
446
646
843
361
651
842
490
658
781
403
585
648
453
650
846
451
638
809
322
641
833
460
635
849
441
661
866
430
602
833
453
636
831
505
641
818
400
555
788
243
675
716
426
626
822
259
733
730
371
545
799
426
621
757
440
669
846
354
635
719
468
696
865
548
594
882
499
621
813
280
702
866
442
423
818
339
565
685
329
667
840
437
620
793
448
647
746
317
517
748
462
707
923
447
654
865
415
519
809
437
623
711
410
584
793
326
630
805
377
581
824
382
643
797
517
758
809
392
546
845
422
637
844
447
640
824
432
633
828
437
645
852
454
431
853
424
651
750
498
639
772
229
639
869
466
597
819
336
577
657
452
582
821
245
635
801
460
494
774
440
642
677
319
654
838
240
607
834
447
434
838
455
635
706
424
628
852
234
733
859
421
653
834
454
634
755
420
672
851
464
614
831
451
641
695
321
618
858
431
620
806
416
636
842
427
582
824
467
639
812
413
598
990
425
591
747
387
547
763
383
559
752
399
540
797
327
563
704
385
524
760
380
557
702
307
597
876
409
622
753
371
475
737
335
534
744
316
481
745
350
542
749
277
543
714
334
544
714
350
544
730
297
567
702
347
533
766
359
670
887
376
677
798
431
666
854
447
509
807
307
580
713
375
489
723
306
508
699
282
528
818
357
626
771
422
608
810
352
648
805
371
597
806
343
558
756
339
574
786
370
537
727
394
521
765
372
537
721
379
573
744
358
603
727
369
575
784
442
575
755
391
550
741
392
504
714
341
535
833
474
655
844
392
613
853
423
517
827
323
623
792
370
580
868
331
576
781
410
647
928
441
577
778
424
615
817
380
607
784
398
580
749
417
601
798
393
586
803
405
596
802
392
598
704
290
402
684
362
499
690
295
500
692
289
480
702
302
502
689
331
449
695
292
527
692
276
472
710
298
510
695
287
484
699
253
486
707
306
500
705
287
427
642
271
555
686
277
479
677
284
549
685
223
496
710
326
649
815
303
524
729
306
516
715
295
541
809
413
511
713
298
539
707
314
561
748
360
505
804
376
508
754
419
554
727
334
562
815
317
519
719
325
514
711
311
526
732
333
528
655
321
519
734
306
491
723
369
527
698
345
537
763
553
581
778
355
556
701
351
566
791
363
557
738
461
592
754
427
548
700
336
496
743
302
558
756
377
561
746
318
537
706
334
498
755
367
591
693
335
497
751
343
579
699
366
500
783
354
580
715
357
496
757
370
506
774
391
558
747
309
560
699
349
504
732
362
559
745
364
504
760
369
556
705
349
539
742
282
566
775
357
604
856
472
627
840
547
640
914
443
601
830
426
612
848
425
672
669
450
623
881
482
636
815
475
530
867
510
574
703
310
511
720
362
472
716
383
588
788
347
686
705
380
610
783
306
544
739
413
647
805
419
595
797
423
612
801
435
639
805
428
613
805
394
587
809
495
601
857
421
549
819
415
546
808
411
613
819
406
614
779
402
481
742
392
615
822
405
634
806
417
570
798
421
603
819
373
615
761
413
608
822
399
607
754
428
620
809
398
628
816
342
619
832
404
606
801
342
554
824
404
617
884
407
611
805
426
632
808
403
554
799
415
544
687
313
554
795
402
583
794
405
592
805
396
693
807
415
580
802
410
612
815
420
697
809
409
597
827
430
620
820
398
610
422
445
703
852
318
627
844
417
602
816
406
617
816
388
725
825
426
621
815
397
611
814
420
614
776
414
525
803
405
600
876
417
611
816
387
620
827
398
786
383
436
626
830
428
628
801
401
593
649
400
602
805
387
583
762
304
591
792
399
596
795
409
578
809
439
536
814
429
700
833
385
622
724
337
685
790
412
612
798
398
604
793
403
593
726
409
673
838
414
623
883
303
617
820
417
526
812
430
619
826
421
637
929
559
623
681
385
550
817
403
605
801
408
612
819
412
597
813
361
577
808
388
625
808
389
618
837
332
612
821
406
592
490
412
664
469
435
625
391
428
594
797
353
590
445
435
583
454
424
606
383
411
605
391
280
621
453
432
611
460
439
622
453
430
617
483
444
618
387
378
565
382
350
625
331
360
569
457
497
664
466
424
679
459
461
674
427
519
671
454
488
709
446
476
1127
452
388
704
506
434
672
490
560
699
467
461
663
432
461
648
482
462
674
462
491
658
467
468
647
450
433
637
438
475
675
488
481
668
381
389
702
469
451
687
468
371
662
475
449
679
479
473
683
492
471
687
457
486
672
494
412
661
459
479
721
481
448
557
464
478
678
483
495
643
488
473
685
482
471
686
318
425
700
468
492
481
323
320
471
368
329
581
390
379
588
322
364
586
364
389
438
354
385
617
374
365
566
374
377
568
232
411
656
444
425
593
327
383
576
332
461
544
349
333
559
345
307
545
335
320
542
320
322
545
306
436
533
332
314
545
302
346
543
422
377
535
321
347
533
330
303
555
339
343
538
220
332
554
326
332
542
437
441
640
304
348
622
427
473
661
507
494
691
509
495
584
462
505
717
486
362
701
493
478
766
458
533
572
366
300
570
503
499
643
478
438
701
405
495
675
295
528
699
451
470
646
467
509
701
423
496
650
427
428
619
393
424
776
336
440
643
415
325
800
299
362
696
386
407
615
359
402
548
410
484
637
399
434
611
430
290
623
401
419
690
444
374
647
405
417
617
402
435
630
404
421
613
341
451
630
429
419
551
428
414
650
282
431
654
411
419
646
428
439
563
443
437
661
447
442
680
488
436
639
425
460
640
700
550
680
494
671
727
539
541
727
506
553
760
541
546
667
568
486
735
489
563
626
444
448
675
523
649
651
602
466
750
545
418
568
299
424
785
466
428
673
315
465
666
469
422
689
400
464
611
435
383
647
401
460
651
439
447
605
437
449
608
441
384
690
378
464
629
418
442
565
359
460
628
437
372
665
423
449
653
292
437
656
411
441
538
437
693
664
389
437
659
310
434
639
335
463
641
434
384
693
362
466
625
387
324
747
375
461
649
408
386
653
343
451
591
436
455
660
342
461
667
426
333
611
369
469
675
440
454
644
346
480
678
435
335
728
402
449
650
427
512
631
415
467
724
400
420
738
431
468
726
426
442
668
436
449
556
431
461
602
313
456
612
391
442
641
403
458
631
439
387
659
360
439
648
412
439
658
406
450
640
447
442
653
430
420
634
423
448
642
415
473
651
413
390
605
361
353
627
402
403
660
421
461
579
395
316
544
392
362
536
329
349
540
411
371
553
322
360
658
441
322
611
416
446
666
528
526
672
435
329
669
400
341
658
438
461
643
483
471
652
456
450
644
481
462
636
487
450
649
376
458
649
392
443
649
489
459
646
482
422
669
476
455
539
405
397
591
567
450
553
433
474
660
379
454
657
389
457
655
326
464
649
406
457
624
369
457
644
484
461
637
451
450
650
378
446
650
343
469
544
400
287
638
510
456
662
390
510
582
353
454
605
481
376
648
394
459
637
472
380
669
404
470
602
408
645
857
422
474
682
479
617
685
431
612
673
437
578
808
461
616
774
471
580
707
459
515
766
418
718
688
285
478
649
462
468
772
484
636
766
476
603
763
465
548
684
472
618
694
323
493
800
468
602
666
442
543
786
470
482
742
478
477
631
469
465
732
421
528
626
428
508
674
478
499
751
398
459
705
443
484
740
419
493
698
427
497
704
440
498
663
461
528
686
463
578
688
501
470
611
405
468
594
432
477
671
428
465
683
372
621
682
468
501
676
469
437
659
413
445
740
451
503
672
422
436
703
450
638
796
491
498
679
473
519
738
493
621
538
443
519
731
315
395
683
350
474
661
413
438
676
343
321
583
404
372
730
396
462
689
328
416
682
378
456
600
418
488
781
391
497
615
292
461
536
374
472
657
258
501
682
397
498
663
418
425
569
431
475
672
421
393
613
407
457
644
417
432
683
389
506
709
453
499
606
315
485
607
312
376
577
328
397
605
323
349
577
302
361
551
297
355
564
290
359
555
303
363
603
280
358
557
282
360
592
277
378
563
298
338
564
308
373
687
275
369
577
322
355
560
290
364
597
295
359
562
289
358
582
305
310
572
277
603
608
316
397
565
293
352
569
312
357
594
286
307
568
283
385
616
298
362
559
284
401
593
312
375
569
255
365
560
278
325
542
294
389
582
302
350
563
298
365
575
258
561
576
308
378
573
300
369
566
301
326
575
294
363
558
313
364
568
245
377
512
285
369
569
314
383
573
285
374
561
226
386
570
299
385
563
309
372
587
316
328
589
300
433
648
313
368
559
298
368
538
295
499
671
249
423
664
330
467
668
384
455
733
342
476
681
390
483
647
398
461
674
365
445
669
361
469
655
386
301
639
413
459
658
388
490
551
374
457
646
526
525
608
421
540
723
452
527
821
449
543
641
389
444
655
324
486
654
410
447
787
253
467
594
351
426
654
345
433
626
354
415
570
253
444
628
358
438
612
296
448
727
344
416
712
355
416
526
337
426
615
345
445
598
288
420
648
331
446
603
345
398
703
346
315
631
366
436
702
375
432
651
343
451
617
341
439
612
286
423
680
354
432
617
355
430
631
373
444
634
345
440
597
375
423
607
362
344
641
343
447
620
361
436
572
374
375
595
333
425
623
437
512
689
390
532
734
473
586
614
655
783
738
609
513
799
435
514
739
554
534
703
363
457
771
505
547
765
454
590
723
444
563
820
495
490
782
410
519
767
484
541
722
360
510
705
430
610
814
418
583
738
472
570
569
472
504
763
441
524
759
474
537
777
436
570
753
617
432
811
466
603
790
448
535
794
505
574
720
483
525
719
450
544
822
549
609
773
338
560
714
498
509
779
456
558
719
405
524
750
449
673
775
295
546
669
488
485
724
477
511
731
439
513
737
464
553
701
445
499
753
448
539
734
472
572
746
466
534
696
436
568
696
454
563
732
456
549
742
386
557
724
428
499
744
449
610
729
428
525
721
400
563
593
454
505
748
392
576
691
425
598
1147
400
488
734
443
601
748
460
563
730
462
524
600
386
578
744
472
519
751
447
432
605
452
434
749
455
550
730
495
525
746
427
545
632
325
506
718
342
563
684
416
503
757
358
552
742
495
545
702
411
531
712
419
545
746
471
489
748
467
414
650
384
517
647
361
503
751
454
526
774
422
360
723
437
421
781
479
546
721
473
546
725
454
531
707
349
574
751
461
514
736
459
477
734
454
573
716
381
553
713
450
483
767
456
509
768
443
495
778
442
542
744
484
516
723
502
552
737
463
528
659
310
542
689
447
515
783
446
494
756
471
533
771
406
426
684
381
522
564
382
696
668
478
462
699
470
558
730
462
559
633
512
547
774
463
532
740
359
546
755
475
553
749
469
619
746
472
562
776
467
542
756
456
630
792
400
585
783
431
551
792
483
555
763
449
534
632
461
551
789
487
541
789
392
555
764
473
589
814
393
464
724
441
567
767
473
517
652
482
536
798
452
566
770
430
558
782
442
549
733
456
543
676
488
580
757
462
553
784
425
524
794
463
532
774
441
458
716
427
609
894
399
568
697
366
560
702
496
535
743
447
561
782
439
546
706
451
511
734
377
522
727
402
544
713
375
553
780
450
501
728
406
554
771
475
547
757
459
554
768
482
508
802
407
551
695
424
487
746
424
565
772
446
544
664
465
524
647
360
476
786
436
580
678
459
471
692
394
511
702
464
501
764
395
565
756
441
562
760
403
572
694
429
512
774
424
555
701
454
500
762
480
563
759
448
510
765
410
528
760
467
539
725
409
560
724
470
532
772
483
536
737
456
558
759
447
564
696
459
555
768
498
582
693
479
498
666
456
551
681
461
554
657
394
545
756
474
517
754
476
566
699
447
553
754
467
551
751
448
470
819
472
574
703
474
478
757
462
563
759
463
554
683
438
558
698
480
620
796
480
561
787
555
626
621
434
542
833
452
565
794
465
550
817
438
569
759
467
551
830
484
450
765
491
557
818
467
601
752
529
467
909
445
554
768
453
522
719
462
645
781
466
575
812
471
625
779
541
561
841
448
650
778
512
623
769
440
553
810
327
517
703
414
506
636
441
527
710
420
481
595
186
310
533
297
398
598
278
389
574
287
299
541
420
473
668
330
497
728
279
526
696
415
495
692
377
605
854
506
589
602
502
551
701
509
432
653
622
515
754
418
518
786
460
489
840
501
560
782
484
679
787
420
621
789
489
658
781
449
503
605
250
399
635
314
371
584
313
390
523
285
410
588
380
468
623
403
432
693
254
476
560
391
492
686
335
497
694
385
447
688
312
504
618
387
351
685
347
493
629
385
494
691
364
477
697
391
416
690
289
512
686
389
502
695
386
501
555
412
365
722
417
487
694
408
470
706
311
494
601
388
411
705
373
496
622
378
432
705
341
475
700
367
435
672
399
486
628
377
449
693
371
500
698
396
450
653
295
408
738
418
466
607
364
316
619
449
513
685
377
505
685
400
601
690
406
504
636
423
455
701
397
503
706
398
487
705
401
608
567
422
508
703
349
518
707
399
527
726
352
478
713
422
608
739
405
503
701
398
551
751
396
372
728
390
501
700
424
502
663
398
579
734
353
526
673
321
609
717
350
510
709
318
513
719
443
500
695
407
442
717
397
500
719
501
484
703
350
502
661
387
591
724
382
427
728
399
428
708
606
500
659
323
495
729
397
552
670
298
455
734
388
530
693
395
606
764
394
513
720
386
515
681
397
510
706
407
485
721
391
460
724
387
500
715
428
518
724
402
506
727
426
444
700
392
534
734
393
514
717
398
594
833
380
514
739
393
507
746
386
400
706
445
490
732
394
431
734
376
570
721
404
509
610
391
502
713
403
496
720
283
495
699
379
496
704
379
524
718
392
518
753
402
495
704
409
512
721
405
563
834
414
540
730
397
522
733
395
439
696
410
504
743
403
509
716
384
491
725
372
550
742
376
519
713
296
508
706
392
531
716
392
509
697
374
451
725
416
531
713
383
512
714
364
504
708
408
515
708
383
539
699
375
529
720
347
530
703
397
499
718
395
522
704
405
446
730
350
536
670
410
515
736
371
449
658
357
536
827
329
484
697
368
542
620
371
537
740
381
481
728
382
509
710
409
502
723
379
532
857
336
383
734
277
516
664
379
511
768
313
598
628
400
516
716
376
520
705
386
508
746
376
520
861
370
475
712
391
502
761
383
489
664
404
569
717
389
509
795
372
436
804
407
457
714
340
515
748
396
503
718
360
517
696
374
535
764
390
514
748
396
664
759
410
591
772
396
550
672
389
530
877
397
540
810
337
530
824
396
624
811
362
506
778
431
557
807
467
606
840
458
613
793
467
522
746
398
537
826
506
616
670
431
457
773
473
656
831
462
556
782
375
603
678
433
523
778
454
471
884
411
518
770
469
523
839
424
551
769
409
655
789
397
489
718
374
548
757
389
534
842
412
576
673
442
528
837
332
530
850
415
615
719
420
428
667
453
480
786
389
541
737
383
471
734
468
528
757
408
596
739
464
572
644
406
586
740
432
541
711
432
555
804
419
694
733
463
528
844
389
466
571
410
573
752
398
548
864
460
584
761
409
527
819
449
575
746
460
546
777
427
543
754
345
463
766
410
556
745
363
679
684
387
529
749
369
520
677
272
440
755
383
562
758
398
571
747
383
537
735
393
463
728
344
593
733
414
553
658
347
557
740
363
547
718
395
517
725
414
477
597
387
536
760
405
536
707
333
564
696
401
521
732
540
558
737
388
566
730
428
487
622
389
450
709
424
559
736
387
469
741
324
539
765
388
519
733
340
542
806
432
499
774
332
548
750
478
689
767
497
507
684
403
562
743
330
530
789
402
535
835
487
547
871
451
670
833
463
524
776
419
491
731
375
512
645
376
556
723
209
312
624
261
422
628
291
413
671
300
431
622
375
370
671
387
508
724
315
512
671
404
488
730
326
536
670
405
479
738
332
523
636
401
480
747
379
634
730
408
530
746
401
538
729
504
525
754
373
649
726
421
477
727
381
533
720
396
546
773
444
510
663
277
472
749
324
589
673
401
384
687
279
387
596
326
464
660
317
396
625
341
538
672
322
441
653
337
456
642
326
450
648
329
446
649
319
503
656
325
529
639
315
442
660
310
455
649
298
459
652
308
448
649
303
458
650
301
447
657
304
442
656
314
446
652
301
460
659
293
455
779
301
459
645
294
434
656
329
468
683
312
449
670
293
435
671
286
443
647
335
466
656
321
471
670
307
471
815
301
596
781
492
628
798
475
457
659
291
518
790
411
481
752
387
531
687
409
535
761
313
545
756
407
525
757
413
571
741
278
444
726
412
552
867
390
569
608
391
562
670
413
566
672
373
527
735
409
569
744
375
551
842
339
501
756
383
572
774
386
580
756
391
553
759
408
535
671
406
544
710
406
551
702
376
560
737
396
580
863
408
483
864
393
557
746
387
565
771
383
562
772
389
562
857
342
580
758
377
572
885
433
604
758
382
581
745
399
581
729
398
553
905
416
555
756
400
552
841
402
554
743
368
544
769
392
558
866
406
547
849
397
558
838
376
546
757
400
577
786
385
536
761
393
585
735
335
554
753
401
525
770
391
566
766
384
608
759
384
541
720
427
565
839
389
570
764
401
544
760
376
553
748
394
588
775
414
558
742
448
523
745
273
556
750
408
573
712
424
603
748
414
580
762
387
566
759
346
562
776
405
612
747
308
587
754
424
474
745
415
530
755
386
555
775
395
640
666
360
571
718
442
569
751
415
528
777
416
570
770
421
575
735
411
573
773
400
573
732
396
560
765
397
584
703
391
563
683
398
578
780
411
557
739
367
549
743
440
559
780
408
547
747
431
578
746
400
567
772
450
567
805
381
567
741
408
569
757
455
557
745
288
585
765
404
557
739
404
486
775
342
602
839
485
627
848
448
458
852
500
632
794
485
666
858
506
674
735
501
648
841
505
663
838
489
660
853
484
649
810
493
638
844
509
635
856
436
771
829
464
560
873
514
668
790
493
599
887
498
654
862
481
656
866
489
632
806
479
513
882
429
651
852
505
664
863
468
660
815
533
646
826
455
667
813
500
644
844
457
663
847
477
664
883
498
678
829
457
669
835
410
595
723
383
557
867
430
669
807
520
652
805
356
545
689
396
553
766
330
582
729
473
502
756
342
469
691
384
530
735
337
555
684
375
565
791
339
563
711
401
434
761
345
538
774
426
566
747
357
544
729
390
520
746
323
656
725
413
560
746
346
558
719
408
518
765
335
560
791
389
496
775
451
564
796
380
439
761
394
559
782
345
572
787
313
571
781
382
555
755
420
636
774
449
675
767
403
666
730
398
558
759
347
559
758
415
586
779
369
637
734
400
502
757
344
567
728
398
561
689
471
738
753
387
562
675
314
559
737
438
661
772
362
561
721
400
500
776
372
544
740
273
557
752
361
528
747
370
449
678
367
552
697
379
475
734
315
556
707
358
510
773
274
538
693
400
555
768
331
509
779
429
618
766
396
557
757
384
632
935
353
556
751
403
487
776
340
578
838
409
505
750
302
571
809
397
443
763
314
398
746
407
505
741
335
543
683
383
491
677
296
450
693
287
451
680
286
447
703
296
590
876
408
568
943
424
561
805
379
578
940
384
522
803
393
567
733
302
481
694
318
479
655
298
481
675
305
460
662
296
554
685
310
585
763
392
508
790
382
556
721
410
527
605
362
572
756
377
544
756
376
546
589
252
500
707
314
507
688
314
499
696
313
495
700
317
498
700
316
513
697
293
452
703
320
510
688
322
494
640
318
511
711
311
505
702
350
493
699
323
515
710
319
493
651
294
472
613
226
516
643
398
435
715
366
530
707
328
550
742
267
509
616
494
503
900
348
620
735
333
494
872
302
542
702
340
563
706
435
521
719
324
549
741
383
520
868
322
501
813
434
513
673
389
600
847
448
511
867
294
485
834
411
562
858
409
543
661
475
523
836
775
576
712
423
501
709
316
583
809
321
494
842
512
514
779
473
469
838
283
502
858
392
480
716
360
590
666
452
501
668
437
506
809
425
637
716
387
530
754
325
537
672
226
535
647
342
526
728
269
413
614
235
479
736
270
489
689
389
553
726
260
539
684
338
422
775
368
573
784
376
542
716
391
527
776
388
628
671
391
505
798
395
554
699
344
516
768
395
529
742
381
525
664
484
518
743
214
609
764
410
532
841
372
615
650
442
575
812
390
584
828
392
600
740
397
537
831
464
530
787
291
518
767
363
533
752
322
440
701
398
422
687
398
532
827
346
520
722
337
696
795
377
456
786
393
579
764
387
617
722
390
578
757
440
532
733
334
465
716
445
538
774
363
517
656
314
534
762
325
600
704
465
534
828
348
543
842
343
647
716
446
585
845
319
514
709
350
572
718
318
495
839
357
484
758
406
530
707
306
529
775
343
405
714
302
536
708
396
529
841
391
654
729
434
589
816
328
649
809
461
502
766
400
674
715
329
504
651
217
435
698
248
416
693
308
442
603
250
512
768
463
517
713
325
503
723
311
536
692
305
501
692
337
514
686
313
501
697
303
519
650
296
474
689
286
471
672
287
470
660
293
481
593
292
495
688
300
510
678
232
584
672
292
492
684
300
477
667
290
487
665
285
469
666
282
467
681
295
596
803
410
586
811
331
518
710
325
492
739
261
477
799
444
589
787
290
595
753
420
728
802
391
589
776
410
665
835
326
683
780
417
709
822
372
520
720
320
463
730
415
549
713
297
491
581
279
479
692
361
586
816
350
578
782
416
571
798
339
542
810
437
521
702
301
499
682
275
426
707
311
474
828
335
642
811
426
605
628
334
435
640
296
495
685
285
479
692
235
593
797
424
601
826
400
596
793
396
523
824
393
601
787
405
609
830
241
579
642
308
495
708
407
495
696
367
558
747
394
609
808
415
603
683
399
608
801
396
574
816
389
546
770
415
599
935
392
611
793
427
698
933
314
650
817
427
617
818
393
619
788
409
592
695
367
595
800
424
590
817
328
521
710
300
492
706
324
501
719
314
513
722
299
494
722
313
513
706
302
523
715
309
506
690
285
505
698
287
506
680
441
625
788
324
513
713
368
505
776
453
568
764
393
602
823
419
579
819
386
622
785
402
600
847
393
620
780
413
549
671
317
526
813
434
513
654
319
520
700
291
512
691
303
475
786
295
492
704
292
512
830
425
620
830
403
629
818
388
614
812
378
626
798
388
584
805
397
620
786
415
591
792
444
530
727
320
539
791
307
539
797
424
578
715
304
500
686
286
499
776
284
671
813
287
612
841
393
620
798
410
601
819
396
603
805
422
619
802
391
621
903
409
584
855
393
610
812
422
624
835
402
604
812
406
609
890
423
617
892
511
603
843
416
627
915
414
537
821
420
634
812
432
594
834
501
616
803
418
593
827
440
661
829
333
614
846
431
602
726
417
610
817
416
487
807
363
599
822
404
616
796
419
605
687
500
620
815
417
615
812
452
663
817
364
516
869
448
613
805
529
617
732
412
499
725
435
487
809
412
625
800
349
469
630
377
597
732
398
526
733
423
588
751
391
517
764
345
621
751
489
537
797
340
544
735
389
476
791
330
583
704
397
533
722
341
607
807
388
533
798
415
621
729
407
583
785
326
587
735
407
750
849
250
451
736
336
548
741
341
524
637
328
457
651
329
651
732
321
535
730
316
527
720
325
514
721
325
542
766
393
511
745
353
566
755
368
575
783
364
556
647
373
555
715
299
563
729
345
561
821
360
571
837
347
566
753
360
545
762
302
578
773
350
545
766
371
563
757
376
574
744
338
574
760
363
555
739
356
562
700
379
554
755
340
551
774
376
577
745
370
580
737
374
565
761
386
546
760
356
580
868
468
679
830
472
668
749
319
577
727
321
577
807
371
542
755
322
563
753
384
563
698
367
556
766
372
569
755
358
547
775
329
546
747
366
562
748
366
545
740
366
505
747
351
549
749
366
519
798
361
569
768
364
521
754
368
559
747
361
547
775
358
565
764
350
558
743
251
575
709
364
549
735
377
611
752
361
657
762
366
574
741
367
524
766
333
563
699
365
505
799
359
563
772
369
567
763
358
548
775
470
716
868
471
683
880
406
677
863
451
659
874
483
687
914
476
708
486
304
672
845
515
676
898
498
666
889
478
747
891
504
659
840
465
704
859
464
689
866
483
721
794
467
650
866
497
656
900
481
655
778
466
685
870
418
688
1010
472
675
974
488
557
878
493
740
861
503
666
457
447
699
885
459
712
451
491
663
895
451
697
921
478
689
408
425
616
840
449
641
385
384
642
819
428
636
431
424
533
397
448
670
478
427
620
856
437
635
858
411
633
422
401
631
410
460
642
380
439
633
404
410
653
414
428
635
839
427
626
402
432
649
410
409
632
835
421
608
429
414
618
391
429
629
394
417
634
832
429
668
842
430
653
320
357
667
798
432
644
407
435
630
897
387
569
407
469
644
431
467
599
430
434
634
400
482
684
417
459
685
322
473
645
371
455
636
429
429
654
415
437
629
454
478
649
440
445
638
433
421
598
459
526
678
411
454
618
396
454
636
415
423
615
413
424
645
418
423
646
405
418
651
342
436
662
436
415
645
383
476
660
409
442
659
421
428
652
394
445
658
420
452
630
393
447
632
427
466
653
401
443
626
433
431
668
388
441
633
420
451
651
402
450
657
420
460
640
432
448
648
418
442
642
402
456
695
412
431
632
401
440
647
290
465
648
324
289
535
340
340
532
332
330
526
317
342
541
312
312
533
255
414
610
331
350
544
320
441
539
305
320
505
332
342
519
293
337
524
309
315
524
334
317
535
303
332
514
447
316
502
328
330
535
296
317
471
272
324
535
294
318
538
320
418
522
283
339
529
296
444
514
327
309
515
292
324
517
315
318
505
326
352
546
316
299
536
271
320
598
418
362
553
305
329
576
275
322
521
282
437
534
286
318
551
307
335
540
274
325
529
325
327
520
316
326
547
291
329
530
287
360
560
504
333
544
308
307
536
271
316
534
317
301
517
305
326
525
311
321
532
308
368
528
327
330
533
338
286
537
289
348
541
283
321
544
258
335
542
295
324
652
288
312
531
289
298
536
308
339
541
289
344
645
318
309
483
292
317
517
280
337
530
299
338
535
258
290
535
331
329
532
299
342
507
296
312
548
322
335
524
449
358
622
360
444
612
414
371
625
401
423
612
404
390
633
354
400
580
428
384
673
425
389
627
424
372
631
324
424
592
422
375
617
307
424
556
396
371
623
344
412
539
388
375
618
373
446
598
406
370
623
325
438
527
303
318
549
298
322
537
290
400
647
306
338
677
299
401
531
375
416
605
353
339
472
391
331
612
476
385
619
393
344
624
371
399
584
336
394
695
448
523
653
424
374
636
516
439
734
398
460
647
438
378
660
361
428
559
497
389
639
362
422
597
401
393
644
418
422
592
420
456
776
272
377
557
401
413
747
472
435
564
430
364
528
345
420
577
418
369
633
347
463
698
493
372
657
351
423
696
416
363
725
342
448
615
418
355
628
315
449
604
412
365
655
404
436
590
399
362
625
352
409
554
499
410
762
372
449
596
513
370
577
421
483
631
482
388
738
413
453
713
493
458
634
372
397
657
491
423
652
431
434
637
420
425
651
419
447
659
431
413
662
411
457
647
416
387
656
487
477
750
449
537
554
411
366
570
339
340
546
405
339
545
392
350
555
339
338
548
379
312
567
389
371
545
345
371
572
374
372
578
351
369
550
358
366
580
357
349
558
379
370
557
355
352
566
334
338
539
369
362
537
387
314
565
354
348
549
337
345
538
358
375
602
272
343
530
267
330
540
360
337
539
448
562
698
499
591
639
519
444
579
337
382
547
457
354
558
340
325
542
362
384
552
293
350
493
329
474
562
506
444
513
320
414
556
307
382
551
316
371
526
304
362
550
304
358
549
208
366
564
294
359
559
310
366
547
303
355
557
307
352
555
293
383
559
337
339
555
259
358
670
319
359
548
308
347
546
304
361
567
308
342
562
322
336
572
295
383
578
214
347
561
307
471
642
366
356
633
269
301
663
346
318
615
307
402
558
369
424
645
410
409
506
301
379
631
369
362
620
260
417
616
400
435
544
406
399
645
389
510
653
387
406
611
347
444
630
384
407
500
355
352
609
351
418
594
373
345
652
386
356
619
370
444
637
294
357
625
371
428
637
365
450
651
364
406
626
385
404
623
388
423
656
383
518
651
365
377
573
383
414
649
360
434
637
374
419
631
368
354
690
390
519
636
345
542
726
300
355
645
304
386
519
373
442
553
376
403
656
402
526
542
293
421
649
397
442
616
298
470
502
383
427
644
368
444
623
363
438
713
374
441
572
379
358
523
382
517
632
386
434
652
297
383
565
366
432
638
374
455
673
400
366
653
378
408
646
373
442
551
291
488
558
383
433
638
285
452
481
357
442
668
332
429
676
369
333
641
362
467
668
372
431
647
369
467
568
370
448
632
373
366
576
393
419
639
387
482
558
359
359
667
378
370
559
399
451
563
379
374
1130
392
379
647
260
364
661
376
446
634
298
451
641
363
358
638
290
447
637
345
463
634
463
493
676
371
428
568
380
441
635
397
389
592
392
393
568
386
438
575
310
391
634
396
456
588
383
401
559
373
367
645
371
425
644
377
365
650
388
405
639
354
435
655
387
452
625
370
433
572
305
466
647
397
440
651
367
435
648
384
447
638
373
406
561
399
388
555
398
356
582
368
293
687
283
456
575
381
443
572
397
401
658
294
371
599
372
467
657
288
368
577
392
378
567
360
363
569
425
579
656
364
434
720
297
454
647
290
465
726
363
443
641
306
369
579
290
472
567
386
432
620
359
441
572
365
442
729
372
375
640
520
452
629
361
395
737
399
437
641
374
383
622
256
430
640
383
394
731
367
371
722
371
456
565
368
366
625
297
464
533
370
449
649
295
440
573
407
377
627
440
483
593
390
450
561
347
434
644
484
439
583
392
379
626
389
422
592
305
382
645
418
304
654
379
429
650
483
413
785
392
466
645
454
381
671
304
450
647
450
452
567
376
434
620
429
371
557
367
452
631
340
426
639
371
369
638
444
434
561
292
470
680
473
490
609
386
365
664
347
463
601
354
390
561
313
363
561
282
375
579
227
325
600
512
430
694
297
390
667
430
423
659
429
470
670
413
424
684
332
488
657
405
374
670
478
477
682
380
421
703
349
495
681
388
452
687
298
469
666
378
458
694
302
475
699
380
378
622
400
584
547
247
334
603
302
376
610
299
312
699
261
334
561
302
379
604
317
388
576
309
381
564
314
371
574
304
405
588
321
495
603
304
401
594
319
377
601
292
413
602
305
379
612
316
396
577
308
411
577
285
395
604
365
494
584
311
407
592
326
419
605
301
434
585
319
423
640
307
396
616
319
405
616
316
388
591
299
375
606
297
353
589
313
386
603
314
383
587
329
404
587
307
415
591
287
416
598
317
484
697
325
329
615
310
409
615
335
396
593
253
393
605
324
405
584
304
338
579
320
328
613
298
399
542
314
343
703
228
404
517
262
393
604
297
382
588
319
327
587
300
417
623
304
400
597
301
426
607
317
367
588
245
341
591
324
391
594
299
396
588
368
410
748
412
509
599
324
421
675
461
477
693
432
450
723
283
486
619
473
445
682
311
400
613
342
395
688
329
461
526
427
415
604
352
457
620
456
407
723
392
444
630
358
412
608
340
494
620
377
401
609
322
421
591
349
489
688
329
482
689
455
426
591
325
361
655
424
409
683
327
472
681
318
405
697
330
480
617
517
434
686
363
433
613
332
476
684
339
488
613
476
427
602
322
488
708
437
447
688
383
491
629
450
412
612
385
478
623
390
420
684
381
340
606
358
408
624
295
407
603
383
490
638
390
395
719
343
498
798
396
449
687
364
481
631
400
516
726
433
548
766
389
457
607
315
499
641
401
476
688
313
507
678
348
404
704
375
500
628
407
458
709
351
472
675
417
444
687
313
491
696
430
439
661
354
518
685
395
444
664
352
501
693
400
391
707
361
494
701
423
488
687
358
487
681
424
453
674
359
521
684
399
418
698
388
474
683
405
373
692
350
521
692
422
421
678
352
419
623
257
413
696
362
542
675
411
442
687
356
513
690
396
449
708
360
359
682
426
536
720
358
488
665
388
451
704
312
492
680
419
503
672
276
472
657
344
432
706
338
508
677
431
481
707
345
493
767
401
427
779
346
398
577
267
266
584
247
370
576
268
336
556
173
367
569
264
318
551
246
354
578
261
309
556
194
361
638
259
317
547
182
376
567
258
319
520
194
365
636
214
315
531
179
365
564
254
329
565
258
346
582
184
337
569
192
383
560
281
316
575
244
366
568
258
333
564
243
379
627
368
318
572
217
371
593
290
318
584
246
397
630
277
327
583
247
381
572
273
328
576
228
305
550
246
324
556
223
356
554
256
335
568
229
368
511
426
309
567
252
793
606
278
337
560
262
345
513
270
312
580
245
380
590
274
342
572
193
371
586
271
316
570
237
378
567
225
340
584
215
359
574
269
335
585
217
369
557
270
311
561
223
374
558
238
329
570
226
368
555
272
379
617
377
497
692
400
517
707
425
559
697
300
331
566
195
356
555
260
330
573
225
409
553
217
349
560
213
388
578
182
341
573
209
360
565
274
348
566
178
355
567
269
319
559
224
359
573
265
349
582
229
360
584
256
340
573
227
378
599
276
326
592
234
397
602
272
335
583
232
350
581
285
327
583
235
376
600
294
341
584
248
323
578
291
341
592
236
372
577
296
317
577
210
326
522
275
291
586
228
370
587
287
320
573
178
359
576
302
481
700
212
404
598
291
299
575
226
399
599
276
346
623
226
381
512
253
338
631
297
534
695
396
389
713
321
512
691
405
373
594
311
412
654
356
407
585
198
468
717
393
445
526
303
444
614
327
444
606
302
434
606
372
586
722
452
588
775
439
517
752
420
548
787
460
570
712
486
562
741
461
582
765
429
613
780
490
590
765
431
564
705
458
541
758
314
504
743
356
562
731
459
558
742
438
544
806
472
558
768
381
463
620
423
545
725
414
523
733
339
517
639
272
504
730
404
388
704
442
569
728
406
513
720
406
495
717
405
527
716
403
475
726
418
536
715
390
575
744
390
541
721
420
496
722
391
513
733
419
528
749
431
519
710
419
518
723
398
516
716
400
531
712
416
523
718
414
518
739
400
532
716
433
535
718
418
473
819
399
469
721
304
514
716
385
477
704
350
416
730
341
476
651
322
524
710
327
529
760
442
587
747
388
469
775
398
453
721
415
535
735
419
521
725
406
525
700
339
534
714
391
583
738
413
541
719
471
532
707
399
541
720
431
523
827
391
529
744
398
538
735
414
523
688
403
519
680
401
535
711
407
531
681
379
520
813
428
515
721
398
410
742
425
506
729
385
513
719
333
547
732
400
434
690
323
551
814
490
559
823
463
580
799
474
582
798
467
621
758
486
503
787
460
579
780
493
436
744
507
698
927
323
448
724
314
419
629
353
451
629
302
383
631
299
432
731
343
454
596
319
461
615
304
643
759
486
563
802
452
634
740
394
546
814
470
638
793
482
542
838
420
636
752
384
553
839
464
576
803
501
533
780
403
594
732
514
572
826
420
595
762
457
562
820
474
637
708
495
444
780
418
449
797
487
587
804
445
518
754
514
561
638
417
415
702
479
570
880
507
599
724
340
477
813
492
620
719
494
669
959
541
490
861
462
619
795
476
595
839
517
640
768
506
629
821
494
591
848
513
595
819
473
647
957
530
638
741
457
611
856
487
617
822
492
636
814
520
615
832
476
604
696
529
584
834
474
620
816
516
619
830
511
614
865
497
673
844
508
638
869
521
530
820
486
645
884
505
630
811
461
608
869
489
699
812
501
593
683
471
626
821
491
645
803
438
617
799
476
619
852
515
496
824
459
610
746
450
685
834
506
681
856
519
619
833
488
615
864
494
634
805
494
654
881
489
621
755
371
583
758
406
493
733
348
543
725
378
493
724
336
555
709
411
539
721
348
545
726
413
535
737
351
547
735
421
498
730
380
529
718
421
473
736
355
543
729
407
490
742
376
526
716
393
518
727
354
526
729
368
414
739
366
526
742
416
495
715
353
466
768
418
552
754
352
536
749
414
495
734
352
529
719
422
555
744
371
538
672
402
608
761
347
518
715
395
471
712
452
519
727
395
472
696
377
489
719
540
537
774
388
557
738
425
475
767
373
512
744
405
540
767
351
559
702
415
474
776
351
537
697
423
556
774
325
539
746
385
517
761
347
559
754
388
492
761
353
529
726
401
482
755
374
537
718
415
582
611
344
542
730
410
562
780
319
531
766
435
474
740
344
624
743
431
546
766
366
500
767
407
487
738
353
534
703
428
496
744
360
558
837
471
569
781
382
544
737
401
554
759
360
566
737
416
502
750
367
548
743
409
530
744
359
615
664
398
554
741
363
543
741
412
488
756
307
559
744
394
525
740
349
565
740
404
600
684
333
611
731
409
553
750
340
570
736
418
545
741
365
435
643
422
599
774
395
584
763
418
550
708
365
433
713
373
497
762
305
588
781
411
571
764
385
582
747
400
547
743
304
553
745
402
553
730
365
556
749
422
555
760
424
426
777
350
542
758
358
567
672
357
500
759
349
541
756
409
501
753
355
553
690
479
534
664
314
554
751
426
476
738
426
555
744
470
530
743
385
527
672
387
551
732
296
554
815
361
515
875
410
705
844
474
558
600
284
537
723
406
532
757
305
567
741
394
530
738
320
554
725
411
535
682
344
662
754
393
541
739
347
525
745
361
556
751
344
565
737
414
520
746
354
554
752
385
548
765
358
541
736
426
473
754
360
425
693
394
555
753
407
555
724
432
508
770
378
565
840
411
490
741
354
574
743
384
552
636
388
540
754
359
530
758
403
651
759
406
555
785
447
513
750
359
554
761
391
558
759
284
538
904
407
502
799
418
550
789
401
488
769
363
635
631
422
583
724
429
548
697
335
628
867
405
608
829
386
487
735
458
534
749
415
578
729
412
561
744
429
565
717
377
490
689
294
434
652
278
414
757
411
579
853
561
557
761
434
528
758
413
554
757
472
465
803
411
577
769
264
572
772
391
564
761
373
401
763
442
454
753
315
568
773
399
537
657
374
560
813
394
514
747
377
566
751
424
541
757
355
496
699
413
551
753
403
564
684
393
548
748
371
560
746
336
576
765
397
565
702
397
504
786
397
527
717
351
538
775
364
547
692
398
554
765
371
531
754
386
565
746
378
567
753
390
534
743
376
547
713
347
473
762
515
542
729
385
519
616
328
577
738
407
534
758
402
456
727
385
465
729
385
537
683
423
538
579
400
558
729
377
545
738
396
596
748
391
530
740
390
547
732
396
528
672
377
558
757
383
528
741
417
530
729
384
554
718
365
503
761
404
523
718
395
544
738
394
506
750
390
540
758
342
536
754
362
580
750
383
527
749
387
540
722
391
589
748
386
561
774
391
530
748
377
543
753
392
483
764
387
543
692
436
616
741
479
544
697
400
576
758
446
560
744
376
529
671
387
549
752
388
536
749
381
476
739
393
532
777
391
545
767
407
557
783
390
562
738
322
538
765
376
549
753
406
489
753
380
554
753
395
536
698
391
543
749
410
534
674
370
578
747
399
553
802
371
535
708
395
535
732
453
579
757
312
549
745
419
557
751
401
580
758
386
579
691
400
568
767
400
553
741
382
578
752
403
555
752
529
554
726
372
598
782
498
643
823
422
647
805
408
596
639
241
514
810
387
606
823
471
602
805
418
602
820
335
598
819
482
587
818
418
603
799
498
677
833
470
603
735
465
611
816
428
604
819
343
674
799
430
628
785
468
531
828
458
606
792
452
617
812
431
625
805
431
669
806
442
443
812
397
595
847
431
635
821
350
607
812
464
584
828
430
591
813
426
605
797
431
529
811
407
612
777
464
612
801
404
608
813
446
500
818
522
533
787
459
592
814
458
603
750
445
582
806
382
465
835
352
604
805
437
633
826
357
612
808
416
620
822
437
611
810
424
607
805
448
607
938
429
550
790
479
594
814
421
611
757
467
606
845
432
621
815
445
616
876
452
609
757
557
584
822
453
619
808
435
644
913
415
528
803
532
634
834
438
595
814
363
624
811
454
517
729
387
588
824
440
638
794
417
582
827
397
648
899
478
600
841
447
624
789
454
675
820
248
613
917
444
557
820
440
608
813
459
604
834
453
601
817
410
590
832
460
656
817
449
614
822
425
620
803
429
597
812
410
625
803
465
628
889
452
623
884
436
614
815
482
620
826
417
600
822
437
634
799
440
600
826
408
647
959
335
538
708
427
605
824
460
610
765
430
628
818
438
602
813
472
621
811
439
632
829
442
528
822
451
649
817
436
641
817
448
616
818
437
625
822
477
616
816
424
619
911
495
591
783
523
598
809
395
612
810
465
610
818
538
611
978
302
449
779
475
599
785
442
623
687
403
603
820
498
616
817
444
523
768
479
581
774
473
566
770
382
581
789
419
540
714
352
528
718
356
515
719
341
568
704
296
487
695
292
501
670
283
493
671
288
488
668
271
489
683
298
467
667
289
486
685
277
513
753
288
579
686
289
456
661
331
471
688
286
464
669
302
460
668
305
475
666
293
466
698
300
652
724
275
556
768
382
566
780
446
604
624
314
452
794
442
615
825
371
411
844
404
636
787
342
501
653
321
481
653
282
485
709
275
450
661
340
485
663
277
540
774
337
462
737
340
532
736
357
549
754
358
575
744
323
542
654
363
530
764
342
485
642
350
606
672
277
455
649
194
552
815
284
514
672
279
418
651
256
414
654
271
391
647
288
471
656
294
534
614
260
455
648
363
653
819
452
610
812
405
704
911
437
581
827
412
583
802
440
682
834
431
583
795
442
637
824
417
614
655
399
639
809
456
625
847
445
705
822
410
633
839
439
631
834
445
629
833
436
609
835
449
647
782
381
625
839
465
707
786
383
641
798
403
574
819
453
627
836
418
620
839
456
603
815
450
613
795
456
576
823
396
612
832
342
637
835
400
626
829
425
597
835
465
539
855
361
640
849
365
606
805
429
625
780
450
575
836
431
653
926
516
655
822
352
631
794
493
591
816
475
602
843
468
574
856
323
558
833
392
584
739
266
633
753
453
527
839
436
457
827
453
625
735
337
631
801
446
653
809
432
603
832
388
514
802
447
601
855
401
518
788
408
595
676
422
653
809
403
588
840
399
658
790
345
591
854
406
626
795
408
593
820
486
510
830
458
613
850
395
567
1209
400
605
786
307
481
695
283
510
695
319
461
687
233
493
712
310
485
700
383
601
737
291
525
690
292
486
692
284
509
692
294
482
689
289
505
683
285
500
685
250
488
685
339
547
804
419
585
743
412
619
782
403
610
792
464
651
842
476
634
774
443
640
837
399
650
851
435
718
760
433
624
843
441
637
839
481
553
809
330
558
739
353
551
751
292
493
786
490
640
900
433
580
933
346
595
714
292
509
701
299
502
784
298
495
665
294
659
948
424
652
855
443
656
941
437
635
839
446
631
878
436
637
838
418
640
803
434
659
827
406
645
939
466
580
921
457
617
841
451
653
841
463
650
879
469
669
909
438
634
848
461
661
860
453
646
920
429
644
855
482
667
794
445
670
841
449
646
840
440
616
905
439
665
923
439
631
755
451
673
813
543
648
820
371
658
809
375
584
740
277
560
761
353
497
605
283
502
675
280
489
747
273
541
686
464
485
671
287
544
697
280
493
642
284
490
681
280
