13033
3105
2720
3091
3066
2771
2507
2834
2835
3010
2935
2558
2601
3032
2687
3001
2384
1015
2331
2316
2113
2018
2644
2298
2092
2542
2365
2209
2440
2374
2333
2626
2225
2397
2307
2076
2088
2537
2161
2125
2688
2426
2352
1326
1295
2374
2283
2283
2358
2527
2139
2229
2327
2477
2251
2616
2278
2450
2526
2503
2034
2613
2172
2273
2770
2231
1914
2572
2581
2057
2391
2907
2028
2586
2575
2302
2803
2532
2260
2847
2286
2010
2600
2555
2146
2719
2478
2398
2544
2206
2154
2746
2178
2313
2388
2341
2314
2855
2243
2406
2775
2524
2190
2009
1137
1149
1096
2671
2791
2193
3267
2201
2078
2326
2206
2232
2529
2320
922
2728
2100
2096
2517
2022
2057
2636
2491
2253
1250
1004
1512
1344
1303
906
1320
1045
838
1303
1149
971
2822
2399
2304
2682
2120
1055
3068
2905
2684
3128
2790
2964
3423
2828
2774
1275
1037
955
2980
2630
2833
2683
2579
3148
2939
2806
2703
3158
2991
2932
3078
2757
2675
2872
2551
2650
2856
2772
2592
3191
2563
986
2459
2530
2004
2775
2163
1977
2635
2539
948
1364
1177
1033
1103
2475
2736
2464
2428
2468
2297
2886
2356
2489
3283
2077
2490
2306
1076
2476
2208
1517
1380
2469
2439
2136
2463
2463
1444
1305
1104
962
1311
2813
2848
2923
2864
2455
3061
1070
911
2723
3740
2762
2989
2501
2861
2836
2904
2566
2983
1141
1098
1285
1173
2441
2815
2887
2766
3547
1171
839
1489
1104
2837
1470
2640
2324
2285
2419
2269
2453
2174
898
2835
3096
2520
3331
3003
2587
1420
1208
938
2881
2211
2237
2366
2502
2476
2423
2522
942
1351
1253
928
2603
2203
1087
865
1211
1039
1009
1344
2279
2205
2376
2054
2335
1178
3129
2289
2736
1051
1035
2494
1058
2262
1219
1090
2432
2622
2250
1916
2613
1071
2965
2503
2165
2206
2716
2047
2214
2741
2549
2411
2547
2248
2224
2265
2375
2404
2446
2411
2447
2670
2391
2055
2325
3164
2218
2894
2635
2024
2715
2303
2060
2640
2327
2392
2413
2499
2616
2849
2253
1078
1439
1177
923
1438
2329
3023
2401
2267
2146
2833
2472
2233
2539
2185
2348
2542
3211
2221
1721
1369
1167
2682
1401
1103
1086
1284
1090
1378
1674
2807
2761
3169
2732
2551
2847
2820
2354
2725
2271
2250
2178
1091
1577
2847
1260
2123
2621
2076
1072
1195
2585
2745
2886
2581
2355
2790
2799
2751
3025
2415
2814
3146
2751
2354
3080
2541
2401
3096
2838
2943
3086
3098
2688
3257
2973
2821
3157
2934
2586
2677
3017
2403
2635
2758
2476
3018
2760
2400
3077
2895
2894
2632
2961
2584
2729
2870
2431
3156
3107
913
1492
1188
1161
1442
1138
971
1399
2599
2352
2739
2245
2404
2823
2617
2056
2795
2162
2263
2547
2696
2008
2092
2335
2027
2049
2513
2312
2254
2344
2347
2323
2408
2369
2063
2620
2134
2219
2337
2465
995
2416
2255
2356
2574
1588
2148
2412
1015
1050
1229
1128
891
1369
2228
2205
2351
1125
996
1261
1216
2146
2648
2445
2112
1268
1080
882
1270
1074
1021
1417
2405
880
1279
2426
2067
2880
2197
2203
2358
2508
2221
2495
3055
2307
2737
2438
2221
2456
2386
2360
2186
2501
2141
2710
2312
877
1384
1091
970
1345
1170
2351
2649
2329
2288
2771
2271
2208
2630
2466
2471
2251
2569
2104
2207
2320
2140
2087
2494
2513
857
1178
975
910
1241
1072
1056
1175
966
1534
2392
2395
2370
2653
2299
2369
2797
2208
2296
2285
2331
2280
1284
1090
949
1375
1183
838
1270
1025
939
1362
1083
907
1247
1083
840
1263
2197
2257
2738
2206
2050
2461
2260
2090
2326
2298
2082
2645
2507
2293
2827
2330
2250
2808
2515
3081
2852
2661
2225
2403
2462
2026
1258
1710
1502
1329
2882
2621
1389
1251
2543
3615
1160
1475
3265
3092
2797
3229
2813
2630
2672
3060
2344
2531
2662
2918
2638
1182
1014
910
1191
1033
2885
3067
2996
2571
2662
2512
2798
2932
2453
2589
2794
2754
2636
2928
2834
2622
3205
2723
2583
3009
3118
3064
3069
2759
2496
3066
1082
2209
2461
2335
2254
2440
2794
2748
2877
2457
2535
3145
2604
2860
2971
2780
2868
3013
2784
2784
2991
2844
2732
1342
1119
1134
3211
2860
2689
3008
1265
1002
1322
1175
1063
1411
1142
1042
1446
1299
2820
2963
1201
991
1382
1282
2628
3288
2886
2630
3072
3171
2680
2710
2643
2632
2876
3000
2577
3160
2979
2657
2930
2881
2630
2484
2894
2972
3065
2871
2561
2653
3045
2890
2748
2484
2670
2636
2933
2868
2444
2706
2801
950
1166
1157
898
1390
1123
2675
3021
2936
2490
3121
2552
2477
2829
2934
2815
3032
2583
2679
2950
3162
2604
2931
2780
2449
2716
2854
2358
3171
2489
2787
3242
2695
2569
3219
2584
2564
2864
2922
2488
3296
2651
2534
3021
3123
2548
3153
3070
2433
2923
2914
2740
3388
2817
2970
2868
2640
2544
3076
2944
2847
2888
1181
972
1359
2500
1993
2631
2598
2337
2757
3690
2088
2371
2635
2083
2266
2364
2321
3764
2187
2128
2200
2583
2057
2115
2308
2052
1925
2383
2308
2596
2414
2411
7745
1774
1531
1493
1252
2532
2315
2488
2097
2389
2439
2244
2322
2544
2423
2096
2734
2477
2193
2378
2139
2123
2457
2089
2232
2511
2523
2122
2612
2395
2113
2470
2132
1971
2656
2666
1024
2630
2431
2440
2913
2448
2342
2590
2121
2006
2928
2569
2386
2723
2465
2209
2701
2258
2330
2862
2539
2247
1414
1167
1370
2815
1153
988
1365
1261
1104
2191
2232
2041
1990
2729
2462
2107
2224
2283
2259
2205
2157
2346
3794
1009
962
1196
1093
944
1314
1054
844
3064
2805
1147
2798
2688
2662
2915
2849
2699
1295
1167
2541
3082
2723
2563
1259
1149
1036
1287
1071
2401
2694
2812
2566
3264
2406
2518
2827
2940
2447
2994
2605
2531
2815
2626
1076
1307
1123
2735
1418
1090
954
1265
2804
2677
2734
3097
2429
2933
3036
2753
2692
2908
2402
2645
2864
2697
1361
2482
2135
2534
2359
2238
2672
1139
1968
2724
2435
2523
2586
2431
2155
2165
2325
2043
2387
2501
2396
1955
2617
1069
2343
4059
2276
2201
2368
2422
2398
2447
1983
2379
2299
2145
2108
2580
2068
2214
2702
2179
2219
2687
1087
893
1254
1013
997
1234
1031
1046
1349
2541
2312
2528
2531
2317
2519
2024
2409
2625
2389
2130
2393
2198
2427
2667
2555
923
1397
2481
2263
2724
2378
2363
2646
2164
2138
2693
2672
2132
2689
2157
3549
2509
2382
1931
2351
2165
2082
2771
2283
2471
2482
2352
1936
2514
2376
933
2710
2472
2069
2449
2346
2341
2604
2285
2058
2309
2199
2146
2105
2377
2278
2343
2279
2078
1920
2494
2392
2099
2511
2900
2170
2366
2636
904
1234
3260
1981
2863
2210
2148
2652
2388
2057
2705
1994
2349
2395
2188
2006
2590
2221
2387
2703
2355
2342
2769
2165
2304
2581
2186
2144
2548
2059
2281
2724
2209
2514
2627
2453
1941
1916
1442
1767
1274
1088
927
2870
2801
2519
1741
3217
2740
1806
1195
960
1451
2883
2636
3116
2941
993
1390
1483
1048
1345
1281
2711
2799
2559
2319
2888
2885
2643
3204
2851
2786
2805
2977
2425
2568
3126
2776
2602
2766
2679
2527
3163
2609
2502
2714
2378
894
1266
1184
960
1197
1176
943
1310
1115
988
1218
2425
2421
2748
2770
2491
2969
2875
2586
2632
2460
2908
2947
3011
2536
2996
2632
2925
3091
2992
2656
3294
2904
2562
2666
2521
2575
2831
1093
889
1313
1175
936
1446
2815
2561
2779
2787
2738
2889
2969
2704
2816
1125
952
2613
2325
2064
2735
2641
2116
2617
1124
937
1374
2554
2297
2619
2480
2041
2344
2596
2289
2340
2532
2107
1379
1193
1136
2672
2257
2159
2132
2401
2478
2461
2280
2132
2149
2258
2121
2354
2485
2103
2182
2391
2357
2368
2715
2156
2235
2731
2141
2221
2347
2190
2255
2391
2368
1998
2481
2345
2406
2573
2488
2381
2492
2412
2398
2499
2379
2260
2333
2429
1956
2567
2471
2295
2816
2393
2254
2376
2271
2047
2722
2429
2067
2420
2377
2045
2625
2345
1986
2747
2322
3108
2833
3298
2411
2667
2204
2316
2434
2418
2253
1339
2491
2295
2749
2325
2459
1707
1260
1104
1262
1328
1253
793
1228
1160
1495
1184
32666
893
1517
1320
1762
950
1173
1373
1029
1133
1232
1194
1342
1309
1092
5967
996
835
