46475
740
923
761
822
868
835
921
1030
758
859
994
847
1018
1139
677
745
1074
763
731
1166
774
813
990
811
670
911
646
775
1018
821
887
949
710
758
1101
905
857
1003
671
725
956
810
849
1054
773
925
1113
822
916
913
804
998
1102
863
931
1084
940
839
1082
963
928
1169
896
930
1116
870
893
1147
743
814
1046
785
792
1063
729
779
1009
723
602
1043
803
1129
1175
820
849
1007
710
900
1016
775
803
1168
976
1124
1166
949
993
1186
811
983
1008
740
847
1036
663
817
1134
768
853
962
738
961
1038
1023
999
1245
885
975
1149
943
1017
1213
963
976
1154
864
960
1230
816
920
1200
993
1128
1298
881
975
1207
958
1015
1281
900
822
1131
732
833
1273
804
1018
1148
819
1037
1292
1011
1071
1050
706
773
1044
686
797
1045
889
1031
1041
679
827
1118
699
877
983
713
766
922
587
732
993
676
886
932
766
820
909
737
777
1261
676
833
1001
592
738
1163
834
746
996
619
793
958
745
985
990
754
1045
1203
649
763
1063
759
952
998
711
971
997
775
884
1077
764
988
1144
542
752
940
559
781
884
830
912
1049
781
892
1037
679
966
1169
664
930
1069
754
1009
1151
767
938
1282
750
877
1070
735
878
1114
691
936
952
762
868
1036
665
848
985
690
947
994
588
986
883
755
720
951
716
873
1055
808
841
1019
608
822
998
678
866
1009
855
908
1216
710
890
1136
724
892
1140
742
906
1126
823
1002
1196
695
915
1124
710
896
1087
651
818
1099
802
966
1107
697
907
1135
703
908
1070
728
785
987
580
942
1097
642
730
1009
790
1030
1103
718
831
1230
704
798
1075
727
976
1150
718
940
1147
695
1053
1132
646
1006
1115
920
1130
1226
945
1088
1232
887
1077
1274
950
1028
1109
656
879
1275
869
1084
1290
942
1132
1354
927
888
1276
709
920
1082
937
1051
1122
932
1009
1153
861
959
1235
816
931
1136
863
959
1174
701
914
1042
701
994
1160
784
984
802
788
999
757
651
961
709
575
861
1029
851
1075
768
701
960
656
788
939
693
769
1132
706
712
894
867
878
1117
916
873
1289
787
793
997
766
764
936
748
690
909
737
928
984
622
578
793
522
628
801
819
798
980
862
897
1057
889
899
1140
790
744
982
775
870
954
775
791
912
732
837
980
765
922
997
709
775
989
733
807
961
743
788
1066
733
789
847
639
864
848
603
640
875
775
911
919
717
715
914
648
697
919
681
951
920
760
881
896
653
699
892
584
687
912
692
806
915
537
701
913
653
753
972
662
793
973
642
794
918
829
781
946
694
793
1066
744
723
932
706
765
907
710
916
897
656
703
945
638
671
942
654
781
975
658
807
919
684
724
959
624
736
932
659
871
1003
663
735
934
794
720
865
680
669
1048
866
810
1018
667
795
812
694
738
938
694
892
1095
737
899
1042
722
816
967
657
836
1202
668
856
999
633
794
967
746
740
926
643
788
910
751
807
967
776
717
806
586
714
1064
717
699
936
655
713
835
532
777
1112
725
784
946
607
692
998
637
768
1013
631
726
861
648
806
997
545
687
981
853
941
1392
719
797
1006
651
779
1037
586
734
906
530
716
873
542
684
852
636
864
1244
733
795
999
636
811
1007
561
660
911
601
743
922
575
802
946
657
816
972
584
821
899
543
715
845
639
724
932
585
779
980
723
880
1070
779
1026
1072
549
759
975
671
924
1286
738
865
1030
695
879
1112
705
882
1094
867
867
1056
706
922
1051
754
878
964
714
874
936
858
990
1039
785
837
1197
862
937
1110
804
982
1244
803
915
1200
848
1111
1104
884
1023
1146
694
949
1112
860
882
1123
772
978
1266
788
973
1153
762
1014
1126
752
910
1154
875
990
1249
810
982
1181
893
978
1254
750
979
1305
819
1102
1221
881
1221
1081
793
860
1203
790
1059
1179
882
1034
1353
877
1209
1260
862
995
1266
902
1156
1279
868
1015
1369
873
1076
1245
921
1091
1186
610
898
1134
993
908
1399
807
1101
1232
856
1021
1306
932
999
1240
820
1133
1310
945
1035
1320
906
960
1158
834
1124
1131
850
1109
1308
927
1191
1341
960
1122
1343
918
1063
1266
908
1097
1372
973
1158
1295
844
1024
1297
909
1061
1314
861
1084
1300
796
1132
1264
810
1088
1231
845
940
809
787
1040
832
890
1003
801
869
965
846
865
1092
811
888
1079
838
855
847
685
891
1214
916
843
1221
907
924
1170
954
908
1007
796
1013
1097
743
757
987
854
855
966
765
870
1136
924
945
1063
779
905
1098
830
740
1051
967
971
1151
901
1029
1052
792
921
1192
823
877
1062
832
932
1115
756
958
1171
798
920
1151
1078
863
1190
873
945
1079
995
851
1038
726
860
1027
834
813
1065
832
984
1024
845
940
1042
796
980
1082
682
852
932
636
889
1135
781
733
1020
749
788
1175
963
1040
1080
856
997
1285
852
1000
1262
854
892
1162
822
959
1081
831
898
1184
929
985
1302
870
1004
1072
670
863
1147
696
773
1113
842
902
1037
867
899
1062
839
850
1046
755
1022
1039
838
900
1117
822
807
1082
816
898
1119
761
881
1176
810
872
1045
731
1008
1036
802
986
1227
786
977
1261
855
890
1030
783
929
1101
863
1042
1095
1053
1110
1232
914
1038
1102
836
1061
1256
851
1138
1190
948
940
1132
738
851
1166
1083
921
1023
781
945
1133
714
867
1091
705
916
1000
783
868
1186
856
1099
1109
869
947
1263
1012
1149
1135
949
1048
1297
879
1015
1122
893
975
1253
831
1021
1214
995
993
1211
771
1049
1105
950
1052
1296
986
1098
1340
989
1126
1240
876
1004
1156
927
884
963
786
922
928
970
729
922
519
602
1214
838
950
1087
818
906
982
655
915
1023
670
816
1022
621
891
1218
771
811
1007
542
876
1008
595
709
922
713
738
1052
699
775
1150
701
946
1021
660
870
1047
720
755
961
688
830
1010
555
918
955
620
772
957
530
1025
1068
581
783
1037
828
1074
1013
624
818
1043
734
946
1009
728
947
1064
578
820
1045
617
924
994
567
949
1254
798
889
1028
699
1027
1413
747
1043
1107
646
905
1051
640
907
1049
657
807
998
721
928
1094
681
830
1072
613
954
1080
535
828
1146
672
1009
1193
646
822
1144
745
885
1136
750
873
1216
732
872
1229
726
887
991
658
940
961
666
939
917
660
753
1099
679
921
1097
818
858
959
634
946
1095
642
958
1131
609
813
1052
601
1000
1088
817
967
1075
786
838
1029
776
953
994
735
909
1233
814
1122
1255
763
1072
1091
597
942
1102
590
732
1012
657
833
1016
598
754
950
625
767
1140
668
960
1296
840
924
1177
728
1098
859
927
1125
829
765
922
1110
682
924
697
685
872
713
624
1010
1067
806
889
634
625
1096
671
643
842
752
925
1020
690
681
918
719
645
989
821
827
982
725
640
836
624
735
842
750
816
1105
1267
887
1003
729
809
1015
691
912
934
795
769
1043
723
728
903
709
637
979
773
795
1028
888
894
1065
760
876
1240
868
1861
1080
726
634
890
557
720
1035
765
743
1040
695
669
1001
627
806
984
580
937
1006
754
871
845
770
783
977
615
824
993
741
841
907
863
773
1037
715
795
953
835
859
1020
756
775
1101
754
799
1152
834
793
1019
599
1048
1037
852
762
942
813
888
1051
781
957
876
739
845
1082
785
838
1047
773
920
961
805
857
1034
744
826
1026
796
915
981
752
901
1045
776
909
1066
756
763
909
623
735
875
585
699
1018
603
696
916
576
732
929
590
715
1089
669
811
1059
702
857
1103
869
914
1038
758
773
1107
872
1096
1246
765
898
1250
962
913
1406
791
801
917
650
1040
1024
944
996
1196
847
999
1196
846
914
1223
866
807
1081
664
756
935
604
849
968
711
765
1109
730
882
954
577
624
1093
756
808
1001
595
628
1020
707
685
914
759
867
1052
555
703
1014
770
782
1002
788
812
840
756
863
1009
727
817
960
744
813
1042
544
946
1104
729
855
918
484
677
952
665
844
1007
651
782
979
574
699
992
597
752
1200
671
1013
1130
708
786
1024
570
891
882
790
819
1013
660
723
931
565
650
850
623
812
991
522
777
934
628
751
963
636
784
1007
653
788
981
569
740
930
643
873
971
801
915
1141
737
977
1146
693
981
1200
689
880
1076
758
944
1164
806
886
1080
614
902
1056
780
843
1006
680
912
1225
549
929
1166
963
920
1150
794
989
1113
745
916
1107
714
896
1148
668
875
1177
670
875
1047
718
816
956
746
937
986
595
874
1123
608
840
987
582
689
1086
641
850
1054
614
917
1083
893
995
1106
629
953
1038
675
929
986
721
1001
1262
601
982
1158
724
917
1091
729
965
1028
772
959
1168
835
950
1188
801
935
1143
754
966
1160
781
966
1215
812
947
1228
839
972
1174
749
1067
951
623
775
966
564
814
1016
778
1126
1131
704
963
1111
736
822
1123
725
1102
1169
612
861
1094
895
1006
1152
842
975
1137
679
895
1073
761
933
1065
647
956
1123
724
949
714
739
967
1187
682
888
1091
682
973
1148
782
1000
1154
812
795
571
570
749
649
690
886
740
688
827
818
715
780
561
659
814
553
601
890
665
787
1099
786
737
933
820
723
901
720
711
945
691
736
804
638
690
993
694
694
941
745
924
1073
785
937
1038
847
809
846
778
589
1029
765
824
940
711
842
742
743
797
921
628
671
837
740
882
982
643
691
953
597
831
921
721
784
944
731
841
1059
801
812
947
705
774
927
757
713
1048
786
731
948
654
734
953
665
729
1053
789
779
959
637
716
959
734
728
990
693
754
1041
737
881
1018
669
639
924
872
907
1161
819
859
1032
826
852
1072
661
824
977
841
778
951
557
671
943
679
740
954
672
782
984
642
664
956
652
796
977
594
817
997
954
802
987
604
666
914
551
817
953
640
844
841
604
697
956
639
821
988
635
738
975
519
674
869
637
637
861
539
741
889
805
797
979
543
788
994
784
904
1183
816
827
1053
837
802
1058
650
679
1127
832
855
1049
737
860
1018
697
872
1040
675
744
944
760
734
1002
652
830
967
708
1014
1095
587
903
1058
699
842
1082
747
828
897
686
782
938
750
956
1146
844
1010
1066
806
1023
1322
992
970
1216
762
927
1106
790
885
1160
748
941
1178
792
966
1130
740
857
1046
761
886
1049
785
906
1056
818
916
1098
747
902
1155
678
900
1076
668
904
975
842
880
1030
750
749
1008
662
728
940
710
900
966
602
689
975
595
786
949
651
763
991
582
811
980
809
873
1052
636
808
995
578
716
992
593
739
938
764
843
985
558
789
1044
666
778
1080
631
792
1125
604
773
991
623
777
945
630
855
1121
727
864
1055
723
863
1042
627
836
1052
616
770
1076
669
920
988
589
873
943
562
872
974
545
711
1082
709
1092
1086
673
922
1103
689
961
1037
714
1048
1143
692
1033
1268
995
1049
1185
572
936
1074
695
1036
1253
745
891
1242
816
965
1123
638
985
1060
709
821
1090
691
898
984
664
891
1129
646
1003
1156
768
947
1105
653
915
1107
684
850
1029
778
970
1195
755
979
1130
676
1009
950
799
1053
1202
845
931
987
713
1065
1244
868
1090
1140
851
1009
1180
544
998
1019
894
823
1111
723
1020
1130
843
769
1030
687
921
689
694
1094
785
793
937
676
716
918
844
647
867
572
780
854
780
666
843
673
654
804
575
611
834
699
757
770
593
681
932
673
735
919
638
728
985
719
547
872
575
531
787
618
588
841
695
646
870
635
643
711
532
643
891
743
1359
881
634
586
837
670
695
938
748
634
905
593
720
1053
847
866
1050
971
859
985
755
918
1187
957
843
1067
752
804
1002
709
738
835
735
891
1013
675
666
1110
634
779
869
598
718
914
848
690
906
665
764
844
621
658
1026
702
735
885
689
890
1013
605
650
1016
788
824
991
617
658
985
665
733
955
804
704
971
690
787
1035
631
725
915
698
717
957
681
644
930
656
787
1024
628
771
931
790
791
1010
761
782
1039
716
759
1039
695
734
961
819
747
1011
743
928
1058
734
766
1027
776
927
1143
878
813
1030
747
1005
1122
822
888
1098
732
849
1100
727
819
1104
714
864
969
903
804
1112
713
759
918
643
723
968
779
854
943
659
776
1156
709
761
898
641
740
1045
661
784
1048
721
787
1134
726
817
1121
693
790
1000
699
792
1003
682
712
1158
763
868
1033
713
838
1028
630
701
843
725
950
1015
602
791
973
744
769
986
545
667
874
770
794
995
600
773
959
759
827
1067
711
818
976
737
737
1120
535
935
990
785
980
1143
585
847
1060
734
928
1069
632
836
1079
840
2780
1302
786
887
1096
746
798
1079
775
893
1097
772
835
1068
938
987
1127
581
773
1072
696
737
1116
647
833
1018
585
867
1123
798
822
1007
712
914
1055
751
920
1091
710
895
1060
742
881
1082
778
948
1103
714
886
1576
668
764
1087
682
909
1241
768
867
1208
761
912
1148
840
895
1152
838
954
1187
1108
1664
1190
850
999
1140
659
924
1093
794
839
1070
713
1086
1226
1345
891
1228
844
1150
1176
821
968
1155
793
910
1113
777
877
1059
648
810
1177
887
1109
1126
828
981
1061
1076
911
1098
808
935
1329
679
1016
1571
705
893
1255
950
988
1258
1451
940
1175
880
961
1087
1011
1020
1301
1614
940
1135
687
864
1196
807
983
1119
668
972
1177
769
893
1273
794
1062
1127
657
947
1035
723
810
1305
776
912
1366
703
1015
1196
854
1013
1131
1940
1009
1019
634
919
1069
585
960
1158
670
845
1128
697
1001
1135
745
886
1094
621
1069
1196
871
820
1054
861
1132
835
996
1120
1253
861
1131
702
758
969
746
652
943
774
796
885
894
774
873
626
723
812
726
790
998
742
799
915
697
848
939
789
782
979
686
865
991
762
828
848
871
833
945
833
871
1084
597
704
907
934
850
900
673
848
1140
985
974
1014
752
911
958
680
749
1016
767
1135
879
691
760
1033
904
911
1136
745
949
1017
886
653
1052
813
786
1107
990
1171
1221
852
804
924
841
823
1046
676
802
847
594
818
976
551
952
1019
783
773
882
839
796
993
651
792
961
735
686
890
634
819
984
701
754
974
627
798
996
735
709
1002
831
830
979
779
863
960
655
712
1060
750
969
1201
944
998
1025
605
804
959
820
648
983
765
776
978
813
799
1080
973
928
1132
1809
833
1026
705
780
1170
834
834
948
748
786
976
877
857
1198
861
824
1047
668
838
864
590
869
928
554
862
1021
772
736
1052
743
910
1095
814
996
976
798
904
1038
740
1012
1055
721
802
992
819
938
1048
870
889
1113
794
869
910
648
774
1007
595
847
924
705
713
912
638
671
958
646
840
996
896
835
1123
825
944
934
776
954
1054
724
849
1107
873
881
955
768
791
1087
731
1086
1076
784
895
1166
745
866
1078
713
774
1100
607
801
1119
640
875
1019
577
879
1001
749
881
1033
591
837
1053
740
906
1061
676
865
1027
799
765
1021
706
798
1099
850
969
1027
638
840
1014
915
931
1019
702
789
1095
648
856
1006
687
909
1073
727
904
1244
940
937
1220
846
1033
1238
660
785
970
714
810
1144
666
827
843
553
872
1033
679
795
1169
878
1035
1170
723
1014
1160
708
828
1052
704
987
1186
863
818
1008
673
812
1093
603
858
1070
788
767
997
605
1005
1086
763
808
1158
580
897
1048
623
728
1108
794
766
972
795
850
1044
766
836
1110
820
729
909
628
784
1156
675
905
1020
727
870
1108
652
916
1003
683
809
1176
789
898
1074
682
870
1104
567
987
1166
601
925
1126
759
1262
1173
904
1058
1200
829
902
1094
692
771
984
679
1005
1142
714
963
1120
731
978
1250
767
1056
1132
735
919
1138
703
980
1354
768
957
1092
762
876
1191
705
945
1104
799
897
1035
627
1033
1109
773
901
1135
744
1051
1128
794
919
1177
714
1041
1135
792
919
1220
720
900
1176
691
842
1320
706
1088
1303
813
1052
1279
975
908
1125
767
1036
806
847
1002
691
809
911
722
721
907
751
692
855
592
581
799
1238
860
1046
741
699
984
911
765
932
755
602
858
706
696
911
759
1013
1213
853
860
953
705
913
1205
893
945
1072
922
903
1067
708
924
1169
885
859
970
702
753
980
646
750
1038
873
688
1046
695
844
970
848
559
991
626
930
820
627
623
903
569
678
955
767
732
907
870
717
948
709
743
993
669
785
960
715
784
905
726
688
1039
708
794
969
749
797
909
667
819
971
714
769
1058
652
660
988
667
680
828
609
740
1024
588
695
788
615
679
952
600
854
886
636
636
889
700
724
788
695
645
1075
825
708
924
656
719
880
715
780
1031
683
781
887
703
795
1000
886
874
940
856
845
1098
674
995
1049
802
865
1071
694
893
1088
865
760
1111
724
808
1095
685
900
1188
894
982
1137
676
862
977
712
777
1057
730
844
1003
761
723
1051
670
828
986
644
704
989
698
729
901
609
696
1012
632
713
939
619
759
891
594
728
1023
667
739
989
679
841
913
567
882
1021
643
690
1088
573
796
1044
747
845
1140
713
909
968
648
892
1006
736
820
1036
708
865
971
767
810
1074
723
795
970
651
860
976
709
859
982
673
865
1070
876
848
1049
730
941
871
857
915
1066
734
937
960
741
880
1110
677
913
943
742
856
1066
530
745
1140
734
772
1218
686
1033
1064
853
814
1141
606
1060
935
710
1159
1051
953
885
953
709
944
869
686
777
959
603
825
937
586
701
954
539
741
881
810
916
1076
838
902
1068
678
817
1150
749
1000
1167
725
867
1090
684
889
1085
612
944
993
830
755
1065
674
807
1039
720
827
1052
748
958
1184
813
974
1123
732
999
1205
711
959
974
737
857
1194
561
798
971
627
870
1065
747
829
1095
830
887
1140
857
1085
1172
851
923
1155
829
1083
1186
834
989
1074
726
874
1051
868
1022
1201
882
900
1152
664
927
1077
729
877
1085
805
1054
1200
835
988
1097
710
898
1123
781
1074
1115
748
890
1291
592
867
1113
755
766
1037
710
1319
1216
762
846
1030
646
1584
1375
859
979
1199
736
967
1138
668
894
992
597
765
911
737
927
1249
817
888
1270
764
975
1105
874
865
1150
708
1591
1140
757
868
1066
689
1017
1172
865
975
973
827
1034
1157
670
915
765
586
880
747
675
890
592
704
858
659
612
890
708
687
853
652
769
948
716
778
1207
850
779
1021
667
680
832
817
763
917
706
729
804
860
767
969
720
700
1033
794
739
989
782
694
908
757
730
915
714
733
900
780
684
868
727
917
1042
840
768
919
714
665
893
858
683
969
734
778
969
793
653
900
694
736
1037
748
794
950
740
804
924
743
723
971
800
825
1031
790
732
928
679
806
991
650
697
833
686
629
795
616
677
1033
796
703
937
588
741
896
692
721
999
723
754
1076
755
837
1021
692
723
993
720
736
932
754
795
974
753
836
976
663
775
913
675
750
977
848
752
866
527
606
955
799
847
1035
648
857
1120
805
871
1085
838
877
938
616
710
948
590
761
965
591
907
965
655
779
1065
778
899
1060
830
908
1159
743
882
1099
886
798
988
624
793
1147
857
835
1056
640
1041
1121
796
975
1179
760
866
1135
976
977
994
776
879
1022
719
740
1193
773
945
1147
808
1034
1257
868
1082
1170
877
1016
1108
1020
1102
1211
994
1091
1225
834
1087
1270
850
878
1264
804
1103
1109
907
904
1206
1234
1081
1260
977
1091
1280
832
1074
1321
862
1100
1284
914
1085
1212
923
913
1251
722
997
1068
945
1055
1404
818
994
1281
924
951
1159
853
1057
1245
723
969
1187
837
1031
1249
707
1056
1319
905
1144
1326
783
973
1303
954
940
1233
805
988
1226
704
997
1160
946
1081
1177
793
1103
1277
922
1075
1287
944
1161
1253
936
1011
1443
945
1072
1197
893
1029
1157
941
1120
1268
904
1054
1220
822
928
1184
890
1112
1190
876
1081
1314
905
1080
1139
878
1188
1188
929
1086
1165
798
925
1170
940
1123
1288
685
1064
1163
863
1074
1178
613
1069
1141
907
878
1248
785
902
1144
729
824
1192
873
983
1055
782
941
1298
1144
966
1128
874
1014
1181
724
1122
1156
743
1121
1285
909
1122
1216
946
925
1196
893
1245
1152
958
924
1310
857
1086
1277
908
1197
1334
882
1156
1213
1012
1128
1301
890
1023
1169
725
985
1143
938
914
1122
791
1008
1205
787
1123
1321
911
1066
1429
1009
1159
1293
934
1024
1186
743
936
1288
779
982
1298
878
943
1346
905
1190
1428
1014
1011
1220
840
1053
1235
857
1017
1116
709
1095
1098
905
1160
1326
701
1083
1042
848
847
1404
688
1089
1405
995
1098
1132
1004
1008
936
855
1001
1319
976
923
1258
871
1056
820
864
1081
781
908
1094
893
936
1185
859
934
1031
910
1035
1136
901
982
979
949
1034
1007
829
888
972
904
936
1022
964
947
898
677
834
1043
770
892
1166
806
875
1174
753
795
968
812
883
1042
952
840
1008
764
718
952
728
734
854
694
807
1040
766
837
979
772
778
1018
752
787
1043
755
755
943
785
883
981
736
846
1106
1045
921
1017
755
818
1021
1059
855
955
856
691
805
535
783
946
651
760
831
950
709
1039
639
654
879
525
641
925
622
696
1039
600
614
1005
775
625
942
556
849
1014
833
966
1068
784
820
989
821
794
905
639
771
1030
829
760
979
716
759
1049
878
843
1099
810
757
961
730
699
1038
660
761
1039
788
910
1110
783
923
968
861
783
927
703
1237
1020
784
660
1051
749
802
820
789
795
941
736
819
966
724
964
1127
749
921
1066
697
824
967
606
678
935
661
722
872
583
738
1018
613
815
1020
768
878
949
606
691
923
910
1042
980
757
894
1013
616
736
953
649
854
925
624
814
995
857
1008
1142
767
756
985
635
702
1195
858
774
925
510
624
795
533
663
805
548
623
906
792
764
998
601
922
980
652
833
943
606
777
986
678
815
1011
766
796
1001
700
715
938
566
958
1157
576
931
997
805
839
1046
804
939
1018
724
955
1069
773
887
1046
946
860
1163
932
913
1157
771
1001
1214
738
941
1027
783
953
1269
671
959
1064
793
909
1148
863
947
1151
812
936
1217
792
896
1184
761
863
1300
804
1071
1112
837
1004
1258
917
1124
1272
830
986
1329
876
1031
1348
763
1008
1264
758
1010
1349
869
1034
1273
843
1094
1213
879
1000
1352
851
948
1188
865
1023
1278
848
957
1066
877
991
1178
863
947
1270
825
983
1370
887
1039
1133
805
1047
1210
853
953
1214
782
1149
1278
779
983
1185
918
981
1343
941
1205
1206
862
1092
1328
917
992
1228
954
1032
1241
956
959
1294
834
910
1366
989
807
1290
819
1019
1141
685
1045
1286
923
1004
1391
718
1046
1241
776
1015
1187
753
1117
1250
981
1189
1268
1044
1001
1216
704
979
1317
850
1121
1218
787
1119
1197
663
984
1276
682
844
1075
730
912
1196
828
979
1219
689
1074
1120
1332
1045
1348
820
1009
1172
716
926
1299
581
893
1227
635
1021
1045
689
931
809
839
868
902
938
1040
848
702
1107
909
857
1034
894
844
1249
923
928
1150
944
1043
1099
962
1035
1128
934
921
1144
944
1011
1189
1075
861
1204
832
953
1172
753
873
1116
1065
982
1130
853
900
1164
857
823
1188
963
943
1104
873
830
1258
786
909
1124
873
976
1092
866
905
1037
878
1042
1126
887
935
1023
959
946
1176
864
974
1029
870
925
1204
897
1080
1050
840
1014
1061
770
897
1122
835
854
1109
918
960
1093
918
994
1083
892
791
967
811
827
1035
746
878
1011
869
869
1057
874
907
1064
831
916
1082
838
946
1083
786
943
1114
831
950
1076
866
904
1159
882
990
1127
895
922
1055
818
842
924
839
990
991
940
889
1197
845
1087
1129
786
780
1045
712
860
919
959
1024
1064
800
953
974
944
844
935
912
891
995
853
862
1106
789
951
1097
695
815
1128
813
1011
1095
804
1035
1180
1022
964
1163
873
1001
1141
754
859
1070
853
1056
1195
744
894
1048
798
912
1179
780
764
995
743
839
1038
932
850
1098
908
927
1105
960
1058
1166
932
873
1101
969
894
1088
799
894
979
785
898
1100
625
867
988
668
824
1252
881
1019
1048
766
812
1007
905
980
956
689
930
1134
787
887
1114
867
769
1132
890
968
1032
682
1167
1213
860
986
1087
676
918
1299
802
778
1156
775
1050
1079
772
863
1015
618
801
985
643
1006
1029
737
1102
1100
835
1021
1213
657
872
1145
928
834
1300
742
1006
1167
856
890
1306
657
965
1102
799
1029
1230
893
1052
993
786
787
1039
742
925
1072
813
950
1258
813
938
1112
654
1034
1222
642
772
1006
592
756
1036
542
846
1035
765
860
1037
643
912
1148
822
972
1194
743
991
1182
810
944
1254
848
955
1180
730
789
967
648
969
1029
690
868
1013
653
924
998
621
817
1126
763
986
1070
697
846
1247
748
893
1010
602
858
955
681
908
1013
670
910
1005
553
734
874
461
703
1061
550
869
983
711
832
938
487
641
919
718
824
1264
696
761
874
498
681
885
537
893
966
857
943
1314
769
851
1221
779
1008
1312
770
1043
1136
906
1072
1341
831
1121
1247
980
1102
1375
769
1072
1151
690
1013
1105
649
935
1030
745
879
1047
567
903
1054
631
1080
1257
765
1079
1220
651
806
1050
635
847
1083
817
928
1251
699
1024
1161
713
840
1010
687
792
998
713
902
1120
600
785
550
574
966
616
912
1084
748
824
968
741
823
905
776
814
981
618
730
923
684
798
955
742
702
986
776
758
762
802
889
1092
706
711
883
696
712
1106
856
838
964
793
702
914
835
764
960
737
796
1131
831
824
1024
848
749
950
746
736
880
686
708
961
727
714
917
790
706
971
755
633
944
704
596
810
627
650
838
773
966
1104
668
762
944
655
735
983
636
689
1075
804
827
836
774
795
962
662
699
1014
700
811
920
608
790
919
575
668
939
696
763
1013
612
888
970
738
809
1124
721
1058
1090
702
734
859
877
762
940
762
970
1073
716
793
1037
681
711
1087
809
907
900
724
949
1017
699
858
936
596
1054
1070
721
805
991
867
872
1059
799
853
1034
809
867
1059
891
875
1041
735
806
1041
646
890
915
759
823
985
666
700
853
617
773
933
699
841
1069
716
846
951
756
899
959
826
817
1114
762
866
1101
769
843
1116
727
931
1041
823
927
1094
772
859
985
741
857
1048
676
942
1100
742
896
1033
744
906
1072
763
742
982
679
775
925
597
737
999
637
956
1058
773
981
1074
704
994
997
883
1002
1223
922
935
1061
876
960
1170
841
1030
1136
863
889
1164
905
1069
1218
944
1067
1255
1022
984
1300
876
1061
1136
849
977
1144
915
1070
1243
835
1047
1015
795
1139
1178
954
1085
1283
910
1018
1240
828
1260
1046
759
873
1050
791
916
1057
776
968
1254
875
1205
1286
868
968
1189
939
1139
1272
904
1136
1134
924
1017
1162
1035
955
1179
874
1094
1131
885
1073
1229
856
1073
1184
1008
1059
1068
796
885
1161
723
940
1129
720
971
1050
743
985
1079
792
924
1161
851
859
1194
932
919
1494
695
892
1052
695
855
1198
940
973
1326
866
1090
1175
832
1022
1248
878
1017
1096
794
892
1117
837
959
1065
865
1079
1185
808
1136
1145
705
923
1206
776
1134
1252
721
1082
1221
927
1166
1239
972
1060
1262
765
1005
1285
970
1084
1298
922
1084
1279
1084
1022
1393
953
1207
1131
852
1119
1230
963
1158
1365
870
1113
1326
947
1146
1359
855
1099
1360
904
1114
1211
866
1034
1179
822
1061
1303
817
934
1116
693
962
1148
876
1113
1164
772
1016
1186
790
1017
1130
778
1104
1393
908
1128
1425
924
1137
1352
909
1145
1321
909
1101
1375
985
1214
1370
967
1103
1328
764
1088
1296
927
1143
1119
767
1158
1363
937
881
883
819
837
1034
911
898
1191
904
1103
1089
912
1209
913
809
1148
863
962
1190
870
905
1091
1021
888
1080
739
848
1020
778
711
790
597
705
1140
816
896
867
752
744
789
693
725
946
725
678
1009
733
747
985
819
746
986
614
831
886
716
845
984
778
704
958
764
591
917
644
615
861
763
679
820
671
608
774
684
609
804
727
791
898
894
812
1046
673
666
865
703
660
933
780
685
861
640
686
875
665
781
923
582
717
1053
610
626
813
645
614
951
700
782
924
812
980
1122
820
933
1194
748
670
951
764
723
935
561
681
1031
648
708
942
618
682
839
522
652
834
549
625
815
520
704
793
602
686
858
613
729
832
542
616
886
579
699
888
790
723
868
545
602
981
729
807
1018
657
685
872
628
727
913
554
695
880
546
635
843
531
601
915
622
728
910
658
670
980
618
790
966
801
866
997
717
793
901
547
659
850
506
774
987
637
760
1028
602
698
806
633
803
952
701
841
1067
622
775
1065
657
830
989
709
892
913
734
808
898
564
617
933
546
625
938
516
666
1052
789
849
987
623
725
901
611
922
1287
835
977
1100
881
966
1094
754
993
1078
906
955
1028
739
819
1015
794
832
984
611
953
920
597
965
955
531
666
1014
681
823
1042
634
849
970
637
964
1011
677
838
1066
888
1066
1191
906
794
1001
686
842
1040
676
811
971
609
835
919
632
798
998
751
1105
1312
676
872
1012
648
894
1055
923
933
1083
783
835
982
729
821
956
550
774
877
673
821
1111
657
991
1045
644
914
1214
740
951
1099
723
750
1098
594
832
948
547
788
853
732
836
990
592
811
997
672
747
968
608
873
951
491
752
1042
605
818
990
546
918
1039
565
814
1011
563
759
920
567
661
928
734
741
944
525
730
1055
579
928
977
628
807
1083
757
848
1104
675
859
1002
822
984
1217
637
802
1005
545
727
1072
714
910
1146
787
1013
1182
849
965
1079
752
880
1123
638
930
1023
635
838
1034
561
864
1038
681
768
1018
577
802
989
673
830
1098
706
891
1001
664
928
1107
752
929
1108
829
939
1096
593
786
1072
712
917
1133
682
990
1256
693
761
1184
813
843
1009
666
820
1085
644
873
1114
674
862
1061
649
873
1050
684
881
1052
589
928
652
565
843
668
680
897
1171
681
934
707
1342
953
660
672
971
693
699
895
690
644
823
753
904
1001
556
750
921
820
796
1030
908
940
1156
847
886
1119
809
849
1065
791
885
1008
896
818
948
799
694
991
706
752
951
694
791
944
905
623
882
703
701
896
862
680
1095
857
726
880
665
889
1018
738
875
1130
842
799
1176
873
835
994
869
717
955
859
864
1056
750
880
1009
563
831
961
730
648
861
588
607
1023
644
754
1002
744
795
956
737
753
959
705
780
962
687
816
1004
658
767
912
643
701
1026
656
750
920
683
669
859
562
650
802
774
668
868
553
689
859
559
706
967
608
610
946
630
725
867
664
763
867
600
588
818
559
585
764
688
653
871
619
734
885
658
806
1044
659
748
883
579
676
890
573
658
806
633
700
1087
710
744
932
558
673
923
604
667
938
648
652
873
638
698
938
507
631
823
677
811
994
532
682
799
482
746
850
607
713
985
657
657
838
643
715
957
739
706
971
779
820
1052
606
819
931
627
756
1064
676
822
1083
845
938
1041
622
866
1193
688
783
998
740
840
933
750
787
1015
640
685
852
695
790
974
628
922
1012
684
747
1211
659
868
1013
670
835
1171
653
806
1065
528
801
1148
743
859
1002
744
888
1069
728
900
1073
801
873
1121
684
916
1105
683
951
1159
728
947
1211
700
840
1046
566
869
1121
651
801
1138
610
977
1170
855
1125
1200
724
795
1040
902
803
971
591
777
1075
641
814
1029
650
861
993
669
648
979
550
819
957
678
801
974
548
671
853
475
695
1056
512
841
972
766
905
1076
704
825
1039
617
748
1005
695
981
1129
692
842
1029
793
942
1102
736
780
1128
641
862
1045
701
961
1087
709
952
1009
676
840
1152
607
832
1003
610
829
980
645
884
1036
784
869
1134
721
952
1077
569
983
1297
788
848
1043
698
904
1069
616
816
945
575
758
963
632
835
1112
678
859
1053
653
870
1072
611
822
1023
687
841
935
779
950
1106
739
960
1084
638
981
1457
751
1005
1062
779
1089
1271
871
913
1278
831
869
1043
648
922
1239
833
1063
1315
881
1061
1360
862
1099
1301
958
1102
1209
863
1111
1225
852
1038
1137
809
1038
1226
760
977
1211
678
982
1109
799
1130
1298
932
1082
1271
903
1062
807
752
946
863
750
939
779
648
919
781
711
772
615
657
854
675
731
809
627
569
1171
683
748
1057
796
839
945
569
639
894
690
759
1016
781
810
914
651
742
1024
736
811
1077
798
825
923
743
749
924
610
673
947
781
745
955
728
712
885
638
686
845
653
700
825
874
679
823
646
665
836
655
713
899
701
697
923
616
736
952
726
845
921
1198
859
1179
788
779
918
707
798
1012
736
749
1065
682
849
993
765
724
862
632
641
949
772
853
953
673
734
880
547
761
1032
719
873
1037
812
823
831
706
883
961
678
871
968
720
795
923
879
875
1053
805
888
969
676
771
1034
820
855
1036
778
881
950
659
794
981
818
846
1157
804
852
1047
833
901
1683
827
835
1021
754
829
1020
768
884
954
656
764
982
678
764
886
577
750
881
594
692
850
632
709
838
709
853
1077
650
692
1014
802
825
1061
746
708
890
690
850
1010
843
1105
853
559
650
885
619
698
835
632
930
1142
965
905
1079
807
723
886
945
765
956
715
810
1002
725
843
1009
656
813
1019
719
837
1005
741
828
1028
761
874
1034
786
876
1018
838
890
1029
735
869
1021
745
863
1039
791
938
1033
725
802
1119
698
919
1118
716
891
1160
741
871
1085
730
932
1062
731
745
1068
556
772
1015
553
777
991
574
809
1141
861
1088
1216
797
931
1126
759
881
1157
718
829
1064
827
899
997
782
900
1062
830
864
1036
699
888
1048
736
812
1020
663
846
1038
802
907
1034
701
839
974
723
854
982
605
845
1033
763
854
1024
616
883
917
692
827
1149
737
878
1055
682
988
1038
643
812
1162
649
822
970
560
750
933
589
867
1187
882
990
1036
757
889
1046
587
857
1168
677
946
1082
680
882
1234
791
839
1069
891
919
1129
716
840
1013
676
870
998
649
992
1048
680
923
1164
951
1112
1232
778
966
1219
758
954
1203
719
996
1143
781
944
1232
845
1105
1202
831
1021
1203
938
1076
1189
802
972
1166
823
967
1292
800
1017
1264
791
1010
1382
682
800
1044
669
905
1219
784
870
1088
555
1025
1176
952
912
1085
589
808
1082
651
1072
1083
741
863
1052
692
847
1038
629
820
1166
661
1073
1066
833
877
1187
649
966
1137
913
1004
1276
720
984
1080
628
881
1111
840
878
987
534
957
1065
657
868
1036
701
882
1123
733
895
742
807
987
827
670
1073
1304
827
1062
806
839
1069
818
603
917
796
830
1069
823
668
1042
744
815
974
632
624
981
645
648
978
749
729
906
633
792
1033
809
882
970
705
672
833
546
594
796
900
695
1082
685
792
939
772
2108
951
801
644
912
764
661
955
785
789
861
670
652
881
655
744
1025
732
853
885
632
897
1116
1000
1003
972
797
813
932
776
777
825
622
649
941
731
781
1017
851
803
930
704
787
980
757
770
843
646
748
1045
536
718
947
607
734
889
630
769
955
656
705
898
848
631
877
784
655
974
881
918
937
724
653
1061
978
687
936
668
783
946
616
891
1007
806
896
1052
751
745
995
796
778
1017
677
789
930
756
718
947
696
839
1084
749
775
1124
830
1053
1142
831
794
997
632
828
981
585
694
1031
663
897
966
876
911
942
710
837
924
822
862
1288
878
892
996
684
867
997
749
1509
1132
765
799
954
658
745
919
907
777
1093
686
811
996
707
903
987
673
842
957
730
914
1020
836
954
1006
688
710
1006
718
1014
906
626
848
969
656
716
945
813
861
968
827
824
1020
605
1030
1079
625
740
1019
578
951
1118
793
792
1102
707
991
943
721
827
1165
609
799
1006
631
766
956
676
847
1032
660
814
1020
578
1065
1025
792
856
952
556
1035
958
871
930
902
621
701
1028
962
875
1017
737
818
1029
805
927
1130
781
955
1135
670
905
1051
620
901
989
611
940
965
806
939
1102
692
926
1197
734
828
1008
663
823
1005
760
1176
1256
920
1067
1281
848
1158
1159
725
857
1053
781
830
995
641
789
962
604
714
1178
724
925
1136
719
857
1075
683
923
1152
740
933
1069
745
1016
1238
749
806
987
733
821
1031
653
843
963
611
793
1022
751
844
1062
804
936
1238
871
886
1075
735
837
1001
646
878
998
742
879
1162
652
797
1311
865
994
1135
736
1091
1133
705
832
959
644
839
1110
815
940
1168
670
882
1142
683
960
1086
694
831
1137
670
762
917
546
647
1054
631
992
1135
788
873
1072
639
817
997
598
809
899
605
688
934
494
677
1263
707
891
1219
768
811
1077
657
840
1131
760
859
1061
619
868
1161
581
919
1054
646
907
1096
711
1045
1112
685
841
1115
645
860
1111
698
936
1178
732
867
1053
740
1003
863
757
1044
601
667
947
752
540
1039
737
680
912
659
692
987
851
775
991
808
756
803
689
760
1075
701
697
920
811
816
769
611
792
1142
753
760
787
628
618
1021
646
561
817
681
714
1001
745
661
923
811
872
998
712
699
913
625
802
962
739
1427
912
638
688
925
650
923
928
635
722
925
540
553
927
602
703
934
567
681
850
721
665
951
691
689
1042
825
742
888
657
767
951
614
728
852
572
653
822
519
635
981
636
665
776
468
626
915
835
764
867
751
771
997
636
734
1072
740
787
822
515
793
913
614
730
966
765
986
908
541
753
1072
782
766
1128
826
939
999
749
770
1099
724
744
1039
629
782
986
556
772
955
672
969
970
699
823
1193
691
745
975
750
735
1166
684
833
898
640
756
990
856
846
914
842
924
1159
750
784
984
577
914
1071
964
940
1213
814
962
1204
1016
981
1195
888
1015
1192
934
1032
1178
862
1013
1212
935
1029
1230
936
1074
1173
869
981
1087
673
1004
1018
665
821
1069
754
861
873
583
651
861
526
672
848
845
947
1031
543
825
948
673
842
978
625
806
1028
692
793
972
626
817
963
662
791
940
615
661
908
668
712
898
639
871
1084
739
969
1086
650
801
932
923
971
1212
656
821
1011
696
858
976
693
773
1016
720
891
1114
712
1252
1045
682
771
1074
650
811
1092
751
865
1130
781
783
1070
714
984
889
552
759
955
540
913
1027
635
778
1081
657
716
1034
570
839
982
729
813
906
663
729
945
704
859
1082
673
726
914
531
814
930
578
785
937
582
715
973
522
709
927
599
824
1124
625
821
1077
617
867
983
647
826
1093
786
844
1142
1109
956
1111
726
841
1095
696
895
1034
720
870
1144
694
767
1043
484
669
1071
660
752
1049
594
809
1024
561
666
948
567
828
1033
721
825
1054
699
886
1068
707
862
1134
648
837
1160
713
837
1192
674
818
1050
718
828
1008
711
985
1186
660
801
920
568
847
977
844
794
1001
456
975
1158
677
1040
1077
643
828
2181
657
768
1027
626
812
979
566
981
1166
689
996
1188
805
898
1046
834
910
1107
623
801
1137
610
853
1049
738
842
1032
625
806
960
739
856
1051
739
926
1089
587
950
1120
688
999
1312
930
951
1227
740
876
1003
626
880
1043
733
1013
1100
710
929
706
808
925
1164
706
1043
877
901
1001
828
679
889
655
655
1502
576
833
881
647
805
1052
840
819
1010
836
598
942
747
719
1095
930
817
1105
847
835
1054
858
713
952
660
629
902
684
807
948
766
607
982
820
733
930
787
611
813
738
756
936
659
612
793
584
608
812
554
746
1002
686
824
936
622
659
1033
606
640
812
571
899
1186
884
753
951
720
699
893
675
599
980
636
713
949
794
727
880
715
712
1014
785
626
1005
843
748
962
652
760
941
689
731
898
711
972
1115
826
870
1185
733
735
965
643
737
906
774
751
923
825
824
1006
720
818
1109
786
747
857
615
674
1106
810
832
1000
882
888
1035
652
681
1001
564
677
832
621
723
963
664
677
842
604
785
978
813
702
916
770
727
968
729
743
832
655
752
906
595
806
995
685
839
917
684
658
951
643
752
1020
758
628
959
671
714
841
596
781
953
743
842
967
622
819
954
534
637
952
599
813
963
533
702
1135
584
840
840
638
647
930
680
923
966
597
903
1072
708
790
1048
598
791
968
666
738
1018
797
907
1439
592
761
958
691
780
961
788
874
960
660
870
939
844
868
1057
718
795
874
704
764
862
697
795
828
866
970
993
754
830
1035
762
829
1051
680
790
990
669
843
1061
783
1073
1050
830
1055
1101
842
933
866
626
778
946
717
838
933
601
870
896
672
869
1117
685
723
920
591
736
936
656
795
1029
632
938
1116
706
717
1002
596
888
939
556
829
983
654
772
1058
690
825
975
707
822
997
630
748
1122
565
742
1264
919
903
934
843
804
931
665
706
1077
757
859
878
565
703
1025
750
896
1106
690
811
921
686
862
1006
623
790
1086
620
888
1055
779
903
1136
675
818
1137
605
840
942
697
868
908
515
729
903
637
886
947
593
767
1130
739
759
949
676
951
1081
608
780
1044
709
955
1044
524
937
1102
842
782
1048
529
789
1085
553
1029
1049
588
855
1016
531
913
1078
615
840
1180
805
803
1073
638
815
1097
677
962
1063
572
1063
1037
607
743
990
605
801
1014
894
892
1073
690
952
1090
673
890
925
688
769
907
650
796
1177
539
766
989
736
860
1036
683
927
1114
728
897
1039
732
921
1168
674
876
1090
718
968
774
717
910
729
691
909
668
737
880
1047
756
994
759
781
878
664
649
876
632
780
898
623
562
775
520
569
816
541
567
933
789
800
997
748
718
823
621
689
946
750
766
826
632
690
835
626
656
840
546
721
852
666
674
933
597
759
896
720
749
960
639
679
857
621
624
913
562
646
834
653
650
862
544
680
1051
622
639
920
598
644
785
570
634
917
659
663
763
506
598
932
516
612
1002
647
662
956
555
590
794
746
746
1013
571
714
807
531
640
957
687
823
982
796
701
856
555
773
836
549
712
883
588
694
1018
625
702
959
572
678
886
805
872
867
621
633
931
639
828
949
643
864
1047
570
735
828
484
629
928
695
752
1039
695
759
862
586
958
956
560
641
822
601
683
862
812
736
1144
856
895
983
559
845
882
561
761
836
618
827
962
659
721
917
640
757
1547
537
780
901
617
707
868
649
762
914
722
763
919
688
709
970
644
754
947
662
715
1029
612
722
1071
665
707
951
643
724
903
636
749
991
595
826
1046
790
907
1102
807
748
980
700
771
1000
639
877
1136
605
843
1073
773
962
1061
737
860
1105
692
743
902
586
714
974
618
652
880
656
732
981
658
828
901
763
696
940
629
795
1029
643
788
1169
646
754
953
561
786
892
637
744
962
592
670
973
617
710
944
629
839
1000
652
743
1072
843
797
1015
619
836
901
530
715
967
653
895
995
708
841
1071
856
850
1011
704
852
1082
637
817
952
561
699
895
669
807
1032
656
751
1009
739
817
1094
619
969
1055
725
772
1063
643
797
1020
647
832
1035
680
751
1146
735
661
890
572
798
1158
576
738
1089
701
905
1013
637
760
1260
729
716
1038
642
917
938
577
958
1033
716
876
930
540
889
998
679
827
1028
595
840
985
660
799
1042
691
842
951
731
832
936
654
910
1034
628
780
1086
718
919
1123
681
838
975
713
923
1114
557
913
1072
696
935
1172
805
857
1143
705
807
1007
633
840
1125
768
986
1036
620
993
1107
687
844
1118
661
803
1004
598
910
1114
754
945
1041
624
883
1103
661
844
1064
645
863
1073
633
827
1094
699
881
1153
703
815
1066
608
809
1013
717
799
1074
608
853
1134
791
791
1033
660
938
954
499
677
480
464
825
672
733
898
700
526
776
659
748
907
756
824
964
1026
748
991
662
643
943
660
698
997
613
672
959
650
661
1122
692
707
962
584
721
851
729
715
890
681
686
915
773
793
967
727
856
923
632
625
902
691
742
933
684
689
971
757
976
992
684
761
1129
1151
741
940
880
883
998
634
733
861
631
654
1132
661
892
1003
669
689
977
643
663
849
677
727
861
752
732
980
847
818
936
655
815
970
778
797
984
692
749
963
604
706
912
794
998
914
625
680
909
763
701
901
643
737
948
578
714
908
605
798
916
617
674
919
788
768
960
666
685
823
636
699
1175
613
690
957
776
705
816
561
702
755
544
703
753
475
699
974
638
847
1081
790
741
987
712
718
1083
786
768
949
611
722
979
726
713
835
704
875
1087
625
755
958
762
958
1025
716
723
1016
723
796
1060
803
831
1095
711
742
940
655
909
1011
619
705
912
1354
939
1048
672
732
915
613
791
918
451
711
900
438
821
855
576
644
1021
652
752
1025
669
775
938
618
843
948
669
802
960
568
845
939
642
769
873
677
797
937
610
781
1050
656
874
982
611
735
1005
711
795
968
714
961
958
737
891
1039
724
913
970
728
889
1028
669
918
986
786
886
992
761
931
944
674
809
963
656
735
1032
705
799
995
659
823
973
606
739
1009
672
853
1015
593
852
1065
670
881
1015
737
947
1016
732
938
1044
724
881
1057
635
898
1060
668
879
1066
708
853
1048
635
937
1107
659
773
973
596
780
1012
621
796
1123
711
752
857
614
962
1240
838
906
930
708
933
1033
536
705
894
689
870
1051
586
831
1021
685
804
1135
666
849
923
685
917
1230
655
840
1073
552
947
1069
777
815
992
615
896
1052
627
851
991
667
817
1171
575
755
1014
677
763
928
542
805
998
655
797
1014
540
750
888
550
759
1070
602
828
974
591
777
938
667
806
1003
578
795
1650
629
949
1120
653
911
997
630
863
1081
803
894
1196
731
956
1057
662
823
1032
525
685
1064
648
936
990
594
801
1097
664
838
971
658
951
1218
710
913
1053
733
964
1221
653
903
1063
650
888
1209
574
880
1003
670
871
1072
637
965
1094
719
921
1125
682
891
1023
666
855
1182
656
830
1031
805
851
694
676
915
640
665
878
665
596
867
633
732
861
639
704
821
673
699
869
679
671
925
810
697
948
820
627
1011
670
724
1030
775
597
876
778
600
987
574
705
885
671
821
925
675
794
980
695
708
790
649
710
916
553
560
862
685
590
784
514
563
764
582
545
937
653
673
902
617
565
810
660
701
883
641
680
942
673
748
870
675
771
873
553
700
990
715
780
1002
650
666
761
575
619
751
611
753
927
635
697
859
555
686
862
814
753
959
615
666
835
590
563
813
580
826
889
565
661
904
532
753
864
685
637
861
637
759
840
509
564
788
689
793
945
561
645
862
742
655
945
654
674
914
687
729
872
731
709
857
572
708
908
618
647
908
566
629
963
656
790
798
613
874
1033
826
859
1123
841
705
831
671
899
1186
786
880
1058
926
960
1109
871
812
1113
713
877
1080
793
943
1001
643
639
959
615
882
927
651
789
1122
675
799
952
637
740
1010
614
795
1042
734
1507
946
554
742
869
563
642
871
481
594
776
468
570
811
497
627
770
478
613
1091
621
777
964
818
756
1089
707
819
982
638
752
1079
858
1017
1200
803
956
1237
785
915
1059
666
627
876
523
674
809
508
619
1116
678
817
1036
768
854
1014
546
901
1242
745
699
1003
565
675
1035
701
740
987
707
947
1028
683
768
1114
750
992
1077
671
858
1146
867
795
911
802
810
987
645
785
1040
1001
857
958
806
765
1031
709
766
984
632
760
1162
578
811
1126
807
927
1130
695
804
1072
654
750
1061
736
793
1093
635
770
1142
794
846
1299
684
926
1075
674
825
1025
716
814
978
606
704
1035
591
874
1168
664
1040
1165
708
814
942
601
787
995
603
849
993
691
822
938
648
807
971
836
1014
1093
843
898
1115
771
892
1115
817
965
1004
680
872
1200
783
937
1123
768
990
1063
722
960
972
812
896
1021
578
839
931
667
673
913
631
843
1080
601
818
1176
814
940
1021
724
855
995
613
871
1098
810
808
1096
720
787
1017
680
774
980
609
891
1139
710
769
1105
796
976
1146
639
885
1121
756
906
1145
667
1027
958
576
813
1039
552
802
1039
706
852
1076
757
891
943
743
889
1028
626
901
1044
664
788
1004
554
855
1089
717
960
1050
738
871
985
708
829
1060
653
756
736
613
853
1106
682
944
798
674
847
924
547
889
1086
571
855
557
789
930
646
677
965
683
803
913
761
685
900
664
649
836
660
639
1055
763
808
1081
759
770
1003
765
767
1031
745
847
1035
819
835
1047
845
824
1021
867
706
1031
785
682
985
720
658
892
705
699
941
701
667
924
677
615
807
601
761
955
598
638
890
695
640
926
610
671
891
669
824
918
687
689
837
630
692
855
612
763
955
532
617
817
587
695
905
660
722
882
635
746
881
656
683
804
596
629
801
714
712
923
596
678
833
664
678
901
707
811
822
707
800
1006
572
600
823
537
640
882
565
681
932
854
767
873
607
661
950
814
832
951
674
639
940
657
687
896
766
819
919
593
859
959
847
754
980
632
748
965
617
717
956
831
930
1019
639
724
1155
710
810
1035
693
723
947
642
649
865
597
695
984
711
908
1213
755
831
1090
764
867
995
852
803
1038
690
811
929
712
886
1074
789
780
867
766
667
867
560
778
962
744
803
1010
674
777
1014
577
619
1057
696
838
1005
603
721
1048
654
756
1043
632
725
940
679
1054
931
764
832
891
686
669
1019
894
1059
1006
671
826
993
556
775
952
626
805
1088
634
808
1040
556
678
973
620
764
956
685
808
1052
668
829
1015
717
811
1013
621
917
1124
563
810
906
538
741
967
781
780
1045
726
930
1047
765
806
984
641
794
1030
699
853
1134
667
809
989
624
795
1011
686
777
992
619
859
967
543
802
1034
652
795
1049
686
876
1087
561
736
924
563
729
1150
806
939
1141
734
829
1085
570
818
1107
672
1018
996
675
878
1133
699
808
1023
678
826
1129
686
759
955
668
878
1045
729
863
1047
713
926
1211
762
953
1037
630
859
1052
777
1012
1035
754
856
1177
783
767
1081
744
751
1060
690
827
1034
878
830
1092
827
902
1176
863
769
1033
820
915
1070
657
843
1047
684
902
1123
703
880
1048
653
779
995
797
1053
1134
761
875
1126
790
872
1041
945
1017
974
737
1129
1335
963
1106
1196
836
1377
1292
636
1093
1114
715
948
1151
737
838
1027
668
877
1148
827
941
1143
810
1070
1277
929
1117
1181
780
791
1168
969
962
978
784
952
1214
782
893
1096
751
863
1023
604
767
943
718
955
722
735
955
848
788
995
635
567
801
550
641
836
631
748
894
720
719
808
700
807
980
661
676
852
721
724
928
677
742
879
677
756
968
710
731
821
688
653
984
761
704
878
718
663
826
778
738
965
753
746
1048
845
633
926
705
684
856
636
722
870
654
838
898
664
914
1036
888
829
1063
837
928
1036
823
850
1048
785
911
1045
799
878
1045
812
833
990
577
698
944
621
655
911
681
780
1087
780
732
1006
709
881
933
1063
882
1035
821
897
1063
820
858
1190
785
772
963
742
785
956
907
772
971
764
822
1043
752
798
978
825
781
913
591
732
943
866
788
1896
872
941
1081
713
787
881
1500
849
1092
729
829
899
837
836
1611
667
822
