1029
1706
831
447
604
871
437
590
829
458
705
901
519
713
1020
625
831
998
661
753
842
530
767
926
539
727
885
529
718
902
552
750
805
452
643
802
438
642
780
427
649
783
424
616
784
499
638
775
445
700
771
504
655
1049
442
647
802
564
727
927
562
644
733
391
564
819
385
578
727
386
564
962
360
677
754
446
613
811
454
627
797
449
646
726
305
745
832
566
641
808
437
647
854
488
632
813
444
601
768
440
624
811
465
695
802
445
559
936
467
608
778
457
637
834
435
624
889
446
655
936
568
749
898
571
638
931
556
660
840
464
662
833
426
620
788
449
625
848
450
613
784
447
656
859
452
613
763
463
604
808
452
663
804
546
681
822
457
619
689
445
605
815
481
587
782
423
562
714
459
601
796
437
951
838
376
690
1606
483
594
965
464
679
837
385
651
996
473
679
854
1348
592
805
506
541
1214
469
493
783
329
520
838
371
843
798
360
621
770
428
601
967
693
611
773
289
459
712
302
571
828
434
804
775
384
602
730
431
654
877
680
556
780
378
621
806
420
682
876
453
1424
772
468
627
853
547
594
820
420
632
818
450
572
904
459
624
852
461
577
835
401
609
807
476
581
828
428
638
863
440
570
1065
410
585
1868
344
1219
822
632
697
864
459
586
849
351
651
853
453
588
846
372
672
1129
532
848
883
377
654
950
480
628
859
413
621
793
524
694
848
433
644
820
515
618
845
378
671
839
440
632
816
509
630
822
447
534
879
418
627
819
550
618
812
396
627
808
641
644
867
576
703
1001
633
628
782
333
709
822
403
578
775
441
851
865
412
516
773
507
769
1056
589
741
954
548
745
776
397
662
837
477
631
796
438
597
812
411
562
788
654
651
843
509
643
866
500
652
822
451
609
826
452
647
806
468
633
918
444
643
815
612
785
1227
700
681
860
453
627
811
439
654
814
479
653
818
458
639
842
444
654
756
462
631
841
466
628
822
472
647
819
454
680
810
450
580
926
460
603
726
418
528
712
398
550
672
402
609
754
422
574
738
395
586
744
379
602
814
386
571
775
368
692
1124
451
584
745
470
644
807
476
603
839
553
723
888
521
644
840
475
648
946
587
605
792
483
674
833
461
643
827
460
734
1025
597
787
927
606
702
982
584
734
933
561
773
949
599
715
877
468
596
854
358
588
764
409
568
781
349
682
1038
531
874
1183
485
686
873
475
696
829
456
664
826
462
637
832
521
683
838
446
640
821
448
639
844
441
671
863
483
637
822
448
626
838
451
659
856
453
614
887
420
703
828
470
609
802
398
601
805
397
613
790
484
641
805
584
604
801
384
574
767
376
764
867
474
626
812
462
643
859
455
687
813
481
754
974
554
732
862
461
636
865
483
712
741
302
498
689
519
686
847
492
623
860
444
823
945
467
646
827
545
684
861
625
965
937
498
615
819
435
623
817
449
611
900
430
642
851
535
694
761
538
891
863
680
729
898
472
584
850
421
634
775
458
644
848
474
651
835
456
576
834
399
760
839
461
649
852
468
647
810
459
600
840
403
644
855
473
659
855
433
652
839
815
577
843
454
683
797
456
564
837
467
675
790
449
649
867
480
664
827
667
720
874
448
628
832
460
643
877
417
611
835
416
607
836
431
690
897
534
758
996
601
744
968
550
760
826
438
610
798
418
595
803
419
608
793
394
657
880
468
652
829
467
592
839
486
645
747
303
481
844
437
648
807
443
774
1037
580
731
943
771
844
1029
693
796
1077
685
798
1007
616
807
1040
615
734
866
486
613
903
596
809
983
619
864
1017
603
802
1042
652
777
1088
459
650
841
461
634
869
415
599
865
356
532
808
474
612
839
366
625
852
449
626
824
459
628
794
345
651
770
422
630
821
536
675
823
347
664
862
447
641
852
465
663
788
349
646
887
443
666
845
493
663
881
479
658
912
486
656
891
488
660
881
466
654
874
441
650
948
479
687
871
425
691
901
409
644
883
484
639
817
513
600
880
440
628
860
438
631
847
437
604
841
641
769
887
572
737
1367
587
766
1003
586
724
938
561
782
1003
499
773
931
565
759
969
518
734
980
570
745
969
539
1028
1344
615
752
949
538
722
947
581
721
939
520
776
813
420
528
824
392
583
759
383
591
803
387
579
756
399
604
772
508
640
831
559
641
815
408
600
763
393
587
753
399
614
772
340
601
807
403
624
757
405
586
806
408
607
771
381
597
805
393
611
766
394
576
805
392
621
764
387
568
797
404
604
754
381
550
809
398
671
1343
444
552
823
417
636
797
398
606
842
410
624
885
649
814
958
477
609
846
426
579
814
421
619
829
424
556
808
422
617
836
411
581
801
430
682
868
547
674
872
512
680
833
521
611
804
533
685
828
509
649
797
435
606
801
423
565
825
384
614
808
420
565
805
358
597
816
408
629
810
350
608
800
898
574
812
332
595
828
446
562
808
404
591
803
408
540
810
379
614
800
398
555
792
402
615
830
406
584
823
369
984
833
662
973
1373
594
994
1413
708
1328
1019
542
755
1195
738
1101
1101
737
598
1056
727
827
1115
910
891
1275
453
541
851
391
624
818
345
711
998
553
764
982
504
715
963
604
772
976
560
768
967
529
706
834
437
630
817
357
601
818
417
870
945
677
970
1478
2138
1188
1070
513
636
854
493
655
862
447
624
876
418
650
826
431
615
806
420
619
825
426
623
806
432
616
1253
723
668
1275
448
664
973
745
880
1240
737
907
1108
884
685
1126
656
842
962
572
785
963
638
806
1043
647
839
1035
629
725
1093
634
670
865
777
825
894
463
973
1090
526
662
840
426
709
831
456
672
879
437
677
846
471
727
891
489
665
867
519
636
865
457
593
953
460
823
837
485
646
850
493
1083
1138
825
992
1117
551
735
1030
588
773
1095
484
745
900
667
833
999
640
761
1099
638
857
1116
656
868
902
457
669
858
506
648
866
443
670
859
495
672
856
509
1058
1084
589
732
867
437
589
864
685
977
1204
527
660
825
419
1689
842
436
604
766
433
618
819
410
611
935
882
828
1146
406
771
1183
403
679
930
649
676
1180
553
723
860
534
747
1134
523
752
967
476
630
944
502
833
1000
623
854
1275
622
1246
902
598
921
675
806
912
578
580
795
949
601
839
966
571
772
958
582
821
899
584
757
1019
594
748
636
558
875
1220
497
948
978
513
677
462
569
703
940
483
698
923
478
690
876
498
742
884
484
856
943
535
646
964
415
625
426
441
545
732
566
848
1122
797
859
588
684
810
586
535
683
1070
454
721
421
563
729
474
471
763
482
494
700
542
514
771
519
624
766
548
589
816
586
601
771
549
536
650
826
446
980
706
701
766
464
566
666
535
489
765
598
482
679
486
460
667
434
469
675
892
488
751
438
465
736
484
417
684
425
454
675
436
461
672
485
524
719
544
560
851
611
681
792
577
598
853
655
638
856
614
655
879
490
456
675
491
478
679
478
499
775
940
511
626
425
642
732
483
542
868
1046
540
936
611
606
855
634
648
859
766
599
857
1284
689
844
584
648
811
555
628
758
1000
598
802
630
622
869
475
628
847
541
467
664
540
467
681
457
462
710
434
499
776
464
418
661
891
464
680
533
480
667
440
453
626
420
647
699
514
419
660
462
452
684
438
501
697
443
521
735
436
507
699
462
504
713
421
431
543
474
501
689
459
527
688
448
497
679
562
489
730
539
532
705
345
458
622
460
454
603
406
449
629
449
432
658
492
497
691
502
484
572
566
540
806
427
494
658
472
486
685
463
507
649
473
488
706
431
482
689
708
535
561
423
470
645
394
437
740
365
503
710
535
405
664
428
496
708
459
481
649
427
496
692
409
476
633
396
407
713
445
508
675
396
473
678
444
512
669
450
469
662
502
517
662
462
496
541
385
421
815
564
580
749
476
468
641
404
370
664
451
517
691
603
559
652
524
495
716
458
481
621
504
512
715
509
476
601
479
496
707
603
517
639
361
367
552
348
581
700
475
502
693
549
586
753
492
540
842
529
529
677
461
525
686
456
502
715
475
486
659
452
510
604
452
480
710
467
512
649
465
468
681
468
488
639
454
426
705
428
498
634
528
461
789
421
493
736
491
481
705
390
480
678
446
471
721
377
510
661
452
462
768
494
517
719
475
461
699
438
506
729
546
489
700
420
488
710
457
537
679
452
588
731
468
439
689
427
590
702
464
474
694
433
578
738
366
447
702
567
576
837
456
515
715
417
447
683
468
424
647
408
408
673
477
404
663
421
514
701
491
454
716
397
558
681
456
484
673
412
502
717
468
438
701
495
468
705
481
452
714
432
499
703
457
523
712
463
525
730
458
528
724
467
507
768
500
495
708
503
503
718
440
489
861
498
657
717
447
518
698
431
484
715
475
475
691
410
451
756
491
520
700
466
512
756
594
463
654
474
442
626
394
469
719
526
487
687
555
534
826
593
596
763
626
525
825
588
628
694
562
582
793
536
580
801
579
592
767
444
428
654
458
467
596
402
421
641
424
408
651
435
438
627
402
417
632
404
447
630
426
403
632
412
439
626
426
425
641
504
436
641
408
809
860
827
610
895
705
670
718
478
490
764
490
498
653
505
548
701
522
482
705
524
502
666
457
469
718
493
489
688
493
527
671
473
484
687
531
496
695
483
494
747
545
416
697
452
501
696
473
530
725
464
483
729
482
514
685
470
468
705
496
486
685
488
480
683
864
738
707
465
489
766
493
511
724
552
478
668
454
489
676
531
528
710
492
538
712
493
583
723
497
479
677
496
487
684
546
453
661
488
499
666
493
467
690
501
471
658
492
509
662
486
473
680
495
477
828
572
496
666
467
498
698
488
500
1086
589
731
868
518
585
677
518
464
766
509
421
682
456
586
797
567
580
978
430
432
564
414
447
671
395
471
654
436
468
654
390
470
652
463
444
643
396
453
650
405
453
619
408
598
731
491
570
755
531
603
812
543
590
754
435
534
644
442
475
740
466
520
708
473
476
701
463
585
712
451
520
766
555
606
808
529
583
841
551
582
800
529
625
794
471
574
807
555
524
723
414
594
716
460
458
742
405
498
703
586
585
920
522
690
877
611
555
872
542
677
765
691
485
681
412
661
735
454
483
684
419
494
621
524
485
682
462
575
869
594
762
964
648
670
888
625
691
887
620
651
962
687
703
899
636
748
944
627
687
821
627
692
1043
569
615
811
553
616
1059
539
645
858
543
649
746
525
509
660
413
449
614
429
453
664
384
467
604
385
449
662
386
455
587
392
400
660
438
490
589
498
650
845
546
1082
682
412
478
719
385
612
622
398
433
639
400
514
663
521
599
816
568
643
714
582
628
821
486
595
676
584
626
825
541
632
1014
546
632
726
394
657
762
525
737
1082
885
719
755
465
477
719
438
547
669
479
531
738
442
545
560
426
532
714
474
509
661
450
488
697
425
505
668
415
480
700
424
506
667
448
456
723
448
527
659
432
428
699
452
503
622
448
416
695
417
516
875
499
476
713
390
492
712
487
447
754
476
505
684
430
628
905
587
737
910
610
820
977
679
830
971
667
567
869
523
734
860
624
538
878
491
730
870
599
625
880
519
681
918
607
561
866
514
701
858
622
567
883
516
700
869
619
645
959
481
874
944
705
747
849
1133
764
965
711
914
903
590
666
876
585
639
891
585
700
866
597
635
878
510
699
880
554
623
843
590
644
824
578
689
891
530
664
861
612
691
860
573
652
855
599
1075
943
540
757
971
690
735
895
687
779
978
674
744
979
691
686
955
684
744
955
625
731
953
683
734
946
634
747
877
615
658
916
541
997
1033
541
703
943
613
777
922
773
921
999
739
799
1059
730
804
1051
739
774
1025
765
786
1029
694
758
849
574
617
840
641
624
793
431
530
616
475
559
726
461
530
714
469
519
744
425
496
717
459
470
721
429
546
704
437
545
733
441
551
737
713
844
1235
752
1013
787
547
474
917
420
582
658
399
466
924
439
964
1637
453
533
878
428
511
718
479
545
850
481
522
744
489
522
841
479
524
735
446
434
926
375
483
1086
570
637
782
471
532
802
2351
835
987
767
834
889
549
774
1134
678
759
886
537
656
863
568
605
752
612
610
822
597
606
848
551
617
846
554
635
826
532
629
881
568
593
872
532
619
865
556
605
814
616
686
809
548
678
818
575
629
804
587
613
741
399
551
738
437
647
726
474
501
675
432
405
922
466
592
988
719
935
798
539
577
795
559
657
849
541
615
829
548
620
891
571
551
749
420
571
857
537
548
820
500
549
721
443
501
743
477
511
744
446
559
760
485
534
776
592
615
764
552
610
854
600
694
815
566
657
835
547
651
804
588
616
829
727
809
982
500
688
945
637
758
964
571
592
698
370
807
1021
576
560
1082
834
836
1018
678
714
1060
951
971
1187
1037
959
1239
958
943
1749
997
1028
1149
1428
1485
2308
846
985
1158
843
930
1844
2379
1100
2216
802
787
931
585
694
910
544
751
964
671
588
973
480
747
831
559
664
836
557
665
848
669
657
757
451
523
640
343
478
792
400
531
707
382
747
781
498
604
788
465
545
744
433
614
803
451
505
654
430
505
715
424
500
682
409
505
713
468
512
677
412
510
704
417
504
672
402
533
701
401
493
674
420
499
686
417
489
707
418
501
689
409
493
606
444
727
778
590
622
789
661
758
876
590
713
776
612
583
916
508
585
667
469
637
836
669
748
753
448
612
735
497
545
698
427
583
746
475
538
746
424
565
735
468
529
715
458
599
842
372
560
597
439
541
853
487
571
716
387
462
844
382
533
713
391
564
657
469
544
678
489
523
704
438
536
783
457
521
721
391
542
731
419
497
702
515
730
948
631
612
921
504
626
895
584
625
825
575
757
909
582
607
891
523
718
917
520
584
852
489
753
913
651
662
826
437
513
706
629
641
1598
476
515
740
415
516
716
393
498
722
411
490
720
425
524
738
539
726
871
495
652
865
609
716
874
483
674
856
542
661
882
558
655
852
561
685
835
529
673
868
604
711
918
674
530
771
494
571
785
477
587
816
442
581
835
443
535
798
455
557
742
434
535
711
444
587
738
440
554
840
482
679
846
556
733
870
549
668
862
580
774
906
598
684
809
434
502
673
646
736
951
609
711
943
601
698
919
609
786
981
610
573
694
514
617
704
602
712
905
659
720
916
613
743
769
516
505
732
502
548
737
464
535
728
439
603
740
703
717
763
491
551
711
515
664
857
565
764
986
639
703
906
636
656
851
678
645
791
484
541
729
464
550
742
422
615
745
502
558
735
440
546
712
432
523
750
444
558
725
450
545
730
423
550
731
429
662
792
429
540
725
430
573
731
486
560
774
426
538
747
458
522
740
448
548
764
453
541
789
439
532
735
418
549
730
402
569
720
409
620
732
408
522
721
422
533
744
411
527
713
444
547
717
424
549
744
438
523
726
448
532
720
438
592
733
437
523
723
424
535
749
461
529
750
431
536
725
445
535
716
450
525
720
433
554
754
423
501
717
442
557
712
427
563
724
423
562
717
422
545
715
459
597
732
435
550
729
439
529
733
423
536
780
478
571
739
521
512
723
421
554
733
514
548
751
418
536
752
412
556
740
420
531
814
419
557
720
422
515
761
542
566
722
404
503
735
416
577
765
459
531
775
453
580
706
489
556
771
464
602
757
492
584
772
416
573
762
463
506
770
434
589
761
488
522
768
469
569
760
448
577
770
475
599
794
496
539
778
446
567
752
528
609
772
458
590
834
470
520
773
415
520
744
463
586
776
458
568
792
471
740
919
661
870
1030
825
1042
1304
938
1098
1036
728
878
1170
711
846
1030
741
900
1080
723
812
1050
742
568
811
473
570
764
503
779
637
342
431
725
363
559
737
441
599
856
494
483
641
377
543
810
404
672
786
404
629
865
480
642
754
447
603
817
460
947
869
508
577
848
482
668
780
490
620
778
443
571
787
478
587
737
449
590
749
454
569
877
434
646
773
448
596
760
441
581
766
461
570
767
448
565
769
428
560
780
464
579
773
497
555
747
526
448
743
468
541
695
429
481
759
456
588
753
505
1646
1015
569
727
1020
632
618
684
414
653
769
498
522
780
436
600
857
489
601
786
416
553
760
469
526
775
496
619
790
442
497
756
372
571
765
446
576
753
454
558
730
486
622
939
467
747
938
640
636
949
571
741
945
642
624
932
593
745
915
600
649
1311
555
772
1093
634
756
918
638
796
934
656
753
808
447
611
786
443
601
1303
618
679
924
477
586
757
445
621
912
554
688
892
563
681
837
559
671
883
547
689
896
568
818
897
533
664
896
737
693
858
550
663
893
607
675
889
556
678
879
567
703
908
583
667
923
595
709
877
504
665
881
557
682
866
562
657
874
563
701
927
960
692
855
453
653
864
580
686
949
637
760
989
684
779
1077
619
783
943
658
800
1005
652
800
998
658
777
1044
638
786
982
674
768
1050
644
792
1000
654
778
1042
665
789
995
688
787
1044
652
788
967
669
764
1023
640
777
998
593
771
981
618
770
985
1467
876
1002
650
703
876
556
687
984
600
695
904
541
670
1010
585
703
869
581
668
935
551
690
874
566
606
948
448
645
812
545
669
922
539
704
869
532
652
920
552
703
880
563
660
861
561
685
872
573
663
908
545
681
881
592
659
901
548
698
892
590
680
928
551
705
873
566
678
857
568
712
793
460
574
784
448
607
752
457
577
842
453
609
746
498
547
785
476
604
752
432
567
798
443
588
753
468
557
803
462
603
950
701
775
966
469
602
752
442
975
979
489
686
750
509
532
842
404
687
744
440
580
790
457
576
937
531
663
837
379
650
837
549
666
986
566
684
878
615
666
930
614
664
921
637
677
815
484
656
798
470
592
796
463
592
767
438
564
818
462
556
789
404
546
793
426
590
756
436
552
817
483
592
781
434
574
778
417
631
769
450
620
851
479
553
864
491
480
857
438
570
797
424
565
866
455
570
667
552
575
826
457
581
768
480
576
803
448
552
764
433
579
826
467
584
755
481
546
799
444
580
810
452
585
791
473
559
667
447
592
809
465
579
793
460
565
754
459
579
801
472
610
809
470
572
789
429
545
803
465
597
785
452
597
785
396
528
786
453
577
813
451
572
799
446
528
794
401
564
774
479
558
758
422
514
729
411
534
749
418
529
685
418
547
744
834
1066
1142
951
859
1103
938
895
1291
911
1032
1328
848
827
1018
703
837
1117
746
825
1209
630
607
802
520
540
745
1098
650
775
464
587
700
385
620
897
550
580
733
440
525
856
463
633
768
494
605
839
489
609
756
482
552
814
462
606
764
466
534
832
497
578
766
462
513
1125
553
609
791
478
699
815
468
604
806
470
569
819
482
593
821
444
545
846
464
591
837
455
541
852
456
591
827
449
602
880
424
588
791
466
609
894
381
613
759
514
511
663
333
448
648
298
451
634
325
449
644
300
449
657
297
467
663
316
441
662
296
439
820
436
530
849
547
851
840
501
554
877
427
619
720
476
484
759
382
592
691
457
1015
845
428
693
787
472
603
787
416
581
780
453
588
809
352
578
779
425
575
785
457
576
776
493
514
866
535
678
872
563
669
873
468
677
872
569
660
847
548
683
871
535
668
919
559
734
884
562
662
907
555
694
875
546
669
892
538
677
867
551
695
920
548
686
923
575
679
913
549
707
909
530
697
929
519
739
908
575
613
817
443
724
957
457
606
827
377
566
807
515
541
777
475
775
839
565
577
775
437
606
817
564
698
939
592
750
930
558
683
861
399
604
820
469
519
850
483
675
835
532
610
845
473
653
831
537
614
825
468
657
825
524
604
822
497
665
826
525
605
811
468
667
822
548
670
816
496
637
799
567
686
1001
492
611
860
480
680
855
477
589
821
429
586
792
469
660
816
452
569
791
515
594
785
421
572
795
439
575
819
436
568
812
479
978
806
353
592
798
476
605
802
440
633
795
525
605
836
452
641
835
459
608
778
382
615
777
415
648
800
457
597
748
444
664
836
434
590
771
432
599
789
519
597
799
455
592
796
416
599
792
490
572
779
486
600
741
400
580
809
460
664
814
451
676
843
355
602
773
458
581
767
535
579
778
462
535
829
457
584
822
489
571
787
447
594
718
434
570
796
421
574
824
500
578
797
438
579
850
437
568
786
409
616
807
581
592
913
532
711
874
461
587
870
544
705
893
557
698
884
556
695
940
552
754
928
520
695
867
533
733
921
547
750
820
467
633
796
434
672
813
392
509
875
397
711
830
499
597
809
458
658
797
483
567
814
471
812
993
638
798
1034
636
679
777
413
699
783
405
544
706
417
693
819
666
655
771
469
617
991
684
736
958
624
741
1069
559
728
884
517
590
799
423
622
826
497
579
808
436
614
783
439
595
805
423
622
767
434
583
818
436
580
865
560
792
1009
608
762
989
529
817
960
631
786
990
585
880
1005
602
795
984
523
779
953
651
694
751
385
628
881
486
595
788
440
798
827
531
595
808
403
586
835
531
547
811
369
599
814
506
572
769
432
642
809
483
462
800
405
654
810
461
578
830
412
622
836
730
882
1071
1219
1274
1141
1004
967
1153
956
954
1219
753
882
1092
692
920
1107
716
1168
1304
768
1251
1229
702
709
956
514
693
962
584
711
1108
480
821
1056
621
693
957
629
797
808
648
708
973
619
790
853
540
697
944
591
790
866
663
728
938
627
713
882
626
755
982
554
789
836
689
803
910
562
821
759
464
588
834
472
634
769
430
485
845
455
777
786
511
636
864
423
581
837
521
586
841
433
630
823
429
586
804
429
618
826
541
712
880
535
750
952
580
737
932
538
722
787
439
569
809
516
824
886
558
616
811
384
641
800
416
600
787
399
652
797
394
631
1390
603
836
924
438
602
784
382
681
829
431
614
822
424
678
812
454
657
815
434
624
861
448
627
836
503
670
974
568
697
949
568
763
956
561
723
1013
493
789
971
569
749
998
557
685
969
666
722
901
554
727
965
530
737
895
463
610
873
462
615
809
440
641
808
449
651
821
453
593
935
617
819
959
610
838
987
571
863
1002
610
828
1074
563
688
820
392
863
1059
597
714
824
395
697
945
563
774
940
430
675
768
541
883
728
449
686
928
593
746
1019
547
786
930
520
728
934
561
772
960
546
697
923
576
685
903
548
693
858
420
665
924
463
605
900
425
756
868
610
626
821
435
616
905
457
752
915
473
660
922
438
609
833
459
653
838
446
609
857
551
684
1020
598
685
853
473
749
930
528
661
826
546
664
862
442
619
836
428
671
829
451
606
865
378
703
846
439
619
823
432
831
833
558
625
846
437
677
813
605
620
801
425
639
1004
1763
777
1235
475
703
794
441
647
820
384
631
813
422
635
828
452
653
814
459
665
1058
620
841
962
530
774
844
391
710
770
429
617
828
479
650
839
432
622
802
460
636
835
435
616
772
441
680
832
428
643
799
752
788
945
733
645
1100
583
762
1015
493
662
865
462
851
1015
597
777
998
616
827
977
565
760
954
478
795
992
666
804
1014
609
866
1025
534
795
1047
544
810
906
534
530
833
518
671
752
561
587
820
523
768
1123
1528
578
842
406
628
807
490
568
833
401
595
768
505
576
777
397
544
982
610
666
903
531
742
859
549
611
744
398
623
850
493
665
887
454
669
833
452
669
848
415
583
829
371
602
823
408
574
807
393
626
837
426
608
874
445
750
926
544
759
925
537
708
920
512
636
850
432
648
823
448
625
830
432
563
981
514
652
885
702
661
798
452
604
828
519
648
738
339
614
790
452
593
721
400
532
809
445
620
736
443
682
1354
473
585
778
422
550
793
432
600
774
414
635
797
420
583
736
417
562
801
419
583
738
416
517
796
411
586
771
398
555
789
312
605
777
422
571
1098
456
648
825
479
695
881
405
652
835
461
695
863
400
624
798
415
696
865
391
650
826
505
696
861
400
559
776
407
612
809
412
611
773
402
629
721
405
603
770
398
623
807
399
595
718
408
625
823
445
607
734
384
634
874
401
635
768
395
622
819
416
704
862
453
657
763
413
612
789
399
611
818
380
610
803
440
618
801
411
613
875
416
599
801
400
614
795
449
601
801
448
613
835
415
606
782
403
632
788
420
596
803
406
587
788
420
590
798
406
594
824
365
590
805
412
596
764
484
530
813
456
556
819
480
597
810
411
589
805
411
602
786
403
591
787
484
599
883
427
619
862
425
628
936
414
699
854
488
598
917
455
671
792
476
641
832
449
650
828
446
682
866
467
758
1007
522
549
814
584
643
758
471
671
811
461
773
1052
649
791
1076
762
814
1055
634
831
970
631
840
1015
645
793
945
656
672
818
475
608
861
468
584
807
455
654
891
456
659
784
409
584
871
474
614
775
441
586
784
459
579
766
388
592
795
460
580
785
400
600
815
453
576
750
465
591
873
459
699
784
430
529
902
495
728
782
432
617
900
420
651
820
430
519
732
361
479
704
281
494
731
350
525
863
471
735
829
392
620
767
596
693
776
398
659
827
433
615
864
432
633
782
430
613
905
428
631
911
573
711
843
464
655
824
473
635
863
470
732
836
436
619
889
611
805
972
540
767
962
575
732
955
621
767
965
536
741
1001
519
778
948
549
758
975
552
658
942
545
729
880
530
755
1013
608
794
981
523
836
951
702
732
921
528
739
887
489
771
962
479
782
968
604
713
909
533
760
961
542
739
963
542
777
919
615
625
926
471
650
884
509
650
871
479
634
864
501
668
844
449
645
831
475
634
840
468
662
842
425
694
858
480
619
817
480
665
837
457
654
824
476
633
839
448
647
828
480
633
829
451
647
845
461
650
830
456
680
838
503
662
841
452
655
829
561
623
718
321
666
930
632
722
866
528
681
889
506
674
861
513
671
851
480
658
872
512
666
853
507
652
870
463
546
790
473
808
875
431
623
797
556
724
848
465
641
836
505
629
844
432
660
851
472
633
836
427
612
811
424
591
801
388
587
807
520
669
841
378
645
819
465
627
940
371
620
813
447
647
843
419
643
877
544
742
939
513
732
921
624
711
963
479
721
991
572
756
943
481
749
924
584
855
959
514
753
927
560
757
974
471
758
933
613
662
940
546
757
922
649
725
963
470
718
922
561
898
788
420
670
884
446
626
835
370
697
884
490
732
840
424
698
868
487
629
869
417
645
830
436
633
850
424
675
837
493
936
976
522
746
949
628
790
966
506
756
980
594
646
984
503
744
923
635
642
819
365
606
805
462
636
855
417
644
848
440
786
902
446
694
839
513
619
884
442
607
797
520
710
970
544
771
961
678
744
1024
556
811
939
598
713
1021
572
731
959
598
760
1226
852
793
960
623
741
1088
537
827
971
589
717
1096
583
811
932
611
666
887
408
582
889
669
685
836
381
679
891
522
724
1023
448
800
907
540
660
973
471
676
864
1139
595
817
421
641
794
541
606
894
508
665
938
493
600
836
605
854
942
688
769
1051
576
900
924
610
825
993
701
832
890
713
758
1067
591
824
917
714
813
1056
625
856
885
662
812
1096
601
747
929
644
989
915
577
867
1015
698
749
1067
617
841
965
789
725
1036
581
852
975
648
836
1038
499
661
845
460
657
849
467
628
969
687
631
901
475
663
849
487
683
891
452
670
875
465
666
891
454
663
837
473
670
923
423
704
802
480
634
808
414
623
777
447
697
950
478
644
795
449
637
824
442
550
756
441
633
854
329
624
784
481
643
786
426
657
810
504
628
799
408
605
812
406
627
842
397
616
806
406
616
856
426
630
805
402
628
835
393
606
816
399
630
802
409
624
832
407
644
900
525
930
864
487
791
922
599
757
930
466
680
502
460
700
875
478
702
902
405
700
908
421
651
902
413
698
870
522
694
906
487
687
908
495
707
486
470
683
392
443
679
855
416
671
867
465
643
876
460
662
930
464
661
859
433
646
871
449
670
866
467
646
431
447
648
420
444
608
482
482
653
414
478
641
434
454
680
805
474
638
451
453
697
453
445
630
464
438
638
435
447
646
409
436
676
425
487
636
483
441
651
412
483
634
405
478
668
442
475
637
427
958
787
712
623
914
567
647
889
685
691
865
628
549
879
729
633
746
622
660
758
557
605
773
553
622
678
453
483
646
441
455
625
421
369
652
421
450
624
416
442
577
441
439
642
426
430
629
437
449
642
417
442
631
422
440
625
392
435
639
684
560
631
396
455
630
421
432
644
414
447
622
401
444
627
386
425
612
400
426
640
392
448
623
402
442
630
395
454
627
395
428
623
377
438
618
389
443
612
373
435
638
400
446
655
396
435
642
393
419
645
390
429
714
470
522
710
499
463
684
456
471
710
493
461
701
446
473
667
508
874
1187
1195
460
659
471
424
638
407
437
632
413
388
667
444
477
684
475
494
676
494
476
703
449
487
710
435
466
674
445
490
678
454
490
672
477
484
719
482
538
719
443
522
702
440
498
679
489
486
686
479
496
703
448
482
741
487
483
703
556
524
679
593
566
752
468
522
677
431
409
673
494
472
649
433
456
651
415
440
659
450
477
691
429
484
667
395
501
678
497
465
695
503
470
645
508
496
706
485
454
558
584
595
689
505
453
656
477
458
646
461
445
640
464
462
643
475
452
679
420
441
660
456
436
634
441
445
638
414
478
669
413
458
647
418
451
670
409
439
686
426
449
649
411
465
666
402
447
632
424
456
665
416
446
672
433
462
669
422
462
670
437
500
671
418
469
642
406
463
657
407
449
657
412
468
652
431
448
645
422
447
651
457
444
677
456
448
643
469
452
650
469
424
653
450
447
657
453
441
653
474
439
658
427
923
658
464
444
648
416
448
661
457
454
647
442
446
584
447
445
650
443
438
643
444
439
652
415
442
637
423
443
642
413
441
644
427
455
656
427
447
639
429
429
646
424
450
643
431
433
641
418
482
633
425
462
651
403
475
633
411
448
645
411
435
643
426
446
654
434
431
694
480
448
727
571
585
683
436
455
649
487
482
677
505
491
678
444
487
691
437
502
666
469
518
673
452
502
685
453
483
680
495
483
773
654
502
666
438
445
686
453
463
654
481
452
658
432
463
662
428
446
654
413
459
639
459
437
655
423
456
646
445
437
675
454
453
646
423
452
645
412
459
643
426
582
775
494
498
676
460
504
655
421
488
665
452
446
714
514
491
666
467
478
692
437
468
671
452
470
721
441
580
708
436
444
624
544
464
776
434
547
811
571
532
661
439
530
700
359
495
720
477
509
662
465
480
715
465
462
712
506
512
664
440
508
1324
447
552
687
480
482
676
464
486
679
434
481
692
473
498
648
482
525
688
430
479
653
475
478
671
452
501
671
463
476
677
442
527
766
520
545
753
493
514
716
495
497
719
494
522
723
486
503
716
518
512
695
512
515
754
405
508
714
492
487
711
470
523
690
504
474
695
470
507
684
493
489
709
484
520
694
488
504
689
501
501
691
477
496
693
489
527
728
487
536
720
486
473
725
474
536
735
473
523
753
410
535
769
487
542
727
491
528
724
479
461
706
484
579
690
444
544
709
485
516
737
498
536
701
517
534
697
502
531
740
487
525
728
516
517
700
538
544
706
513
530
725
522
528
708
475
533
723
485
544
702
489
561
716
488
401
556
300
364
573
306
356
749
539
599
761
526
579
778
585
610
837
529
602
817
555
607
741
475
507
676
460
483
648
417
519
678
425
452
647
418
432
655
541
626
821
447
529
781
524
517
713
477
534
737
462
522
650
477
493
693
465
530
677
433
501
785
500
531
678
435
499
702
449
497
710
458
545
677
470
511
709
447
493
701
470
554
695
437
543
699
437
543
681
423
499
733
453
496
687
454
529
710
552
509
674
445
473
673
397
456
663
451
594
824
471
511
658
619
639
878
483
479
683
487
501
696
419
514
872
490
525
681
395
494
719
511
598
705
432
501
745
465
503
698
431
516
704
441
533
701
380
497
707
470
496
691
533
493
705
551
521
779
457
699
703
486
498
702
420
521
705
505
508
633
362
386
558
295
360
545
320
358
556
295
357
572
481
553
773
466
500
788
439
512
684
446
536
734
462
786
912
567
454
716
381
477
696
409
406
658
354
558
707
399
377
679
432
446
661
372
401
662
394
458
680
408
520
669
453
428
674
387
418
665
416
548
752
460
493
738
335
526
746
477
468
756
412
530
760
469
475
720
485
522
762
504
413
882
687
548
748
460
553
763
422
540
730
476
487
724
423
531
729
476
471
723
443
524
730
465
463
733
413
532
719
323
479
712
428
544
695
421
439
769
340
506
683
405
586
797
404
476
671
427
451
693
372
479
664
394
393
671
401
449
671
391
463
661
357
455
600
396
440
644
391
464
660
409
484
654
361
461
638
431
485
665
413
470
651
418
477
675
382
483
675
411
465
689
400
488
672
412
467
673
365
469
1159
415
471
681
404
488
675
402
468
760
431
529
746
471
507
735
419
544
751
534
496
738
416
512
767
514
467
718
407
510
766
486
472
711
434
543
707
467
468
691
414
530
753
479
456
764
429
526
767
422
468
756
439
506
696
542
463
714
408
542
748
480
469
747
317
495
747
490
502
782
436
515
767
460
391
756
412
545
723
465
532
696
286
540
613
450
483
708
401
550
727
452
464
762
308
485
756
444
481
728
422
739
757
481
379
705
460
511
714
513
519
720
428
523
723
477
494
756
466
541
758
508
561
713
454
537
813
533
537
763
425
602
714
488
536
820
386
477
678
428
430
675
403
477
657
398
418
681
396
457
676
406
419
658
352
467
561
391
371
648
416
494
647
394
421
697
353
502
698
394
448
665
364
487
684
414
444
680
364
510
702
398
438
685
427
574
755
460
482
751
430
552
702
450
460
742
356
543
718
460
483
749
531
565
743
491
523
726
444
549
790
455
496
693
435
552
762
493
522
725
407
559
732
451
493
754
362
561
760
478
495
810
369
568
699
455
497
744
362
550
720
444
514
756
392
558
732
530
528
733
478
550
748
495
495
760
448
578
741
401
504
711
340
491
825
559
523
947
583
699
794
549
473
764
553
544
694
407
437
660
384
501
688
404
431
683
370
488
668
442
432
659
378
483
662
425
430
684
371
477
683
397
424
760
860
505
662
388
422
651
348
451
645
373
428
656
389
459
679
381
419
674
353
462
659
372
412
672
334
476
687
382
400
731
386
713
873
494
469
726
373
524
741
423
499
729
389
588
682
455
474
751
496
703
895
628
721
984
561
711
738
438
459
726
377
504
736
472
468
706
421
534
759
426
480
734
417
601
748
452
483
742
372
538
703
440
483
760
374
505
652
433
481
732
375
541
675
507
480
710
392
514
728
456
497
752
418
560
711
479
503
718
408
747
951
490
640
754
399
545
764
474
478
741
387
537
722
451
492
767
388
545
734
462
542
714
343
490
719
419
487
682
368
490
682
435
453
700
384
507
732
410
454
734
360
487
686
409
485
735
618
661
738
420
478
797
367
559
751
415
482
727
464
414
730
394
419
712
343
470
694
407
432
703
337
532
788
448
595
717
388
551
754
491
516
751
380
483
695
433
455
736
380
475
696
413
625
691
371
482
681
406
423
680
356
481
683
396
439
701
365
525
841
525
580
727
369
481
697
412
425
699
350
482
681
399
423
687
362
480
684
390
484
598
337
469
676
378
442
687
342
474
680
389
436
663
414
514
760
453
455
697
342
515
713
443
461
695
429
588
717
437
504
849
391
562
738
440
499
688
437
581
686
434
493
704
366
642
667
446
437
738
417
550
766
463
485
742
431
541
764
428
476
733
439
540
841
1073
487
732
393
541
735
470
470
741
436
526
732
442
492
731
369
516
723
446
479
745
354
567
701
464
499
717
369
536
747
457
467
723
395
506
718
412
447
674
395
507
695
578
481
841
530
543
763
448
502
763
389
481
736
397
451
699
343
470
714
397
432
720
365
483
702
421
489
708
386
491
732
417
450
721
371
485
713
378
482
705
349
516
713
429
480
692
364
490
693
392
445
694
347
485
728
389
427
717
372
514
846
531
458
1053
526
710
872
591
671
878
577
699
861
565
660
885
548
618
876
549
655
876
545
684
831
582
661
862
585
679
1032
680
717
970
613
788
972
683
726
914
648
766
931
705
716
961
658
769
837
680
728
962
667
763
993
683
736
984
666
778
979
687
776
991
585
792
935
686
695
883
568
689
875
604
667
885
542
698
882
576
689
900
585
703
864
572
677
883
558
689
860
587
688
884
565
703
849
583
682
896
607
716
1418
518
558
800
456
588
774
453
552
762
460
626
1073
723
722
806
565
668
861
571
663
877
539
690
864
569
667
885
546
703
855
569
682
885
591
686
847
577
677
873
564
697
840
609
653
885
593
710
882
594
683
898
558
696
865
595
665
890
569
687
868
586
641
882
554
704
876
591
659
896
554
704
852
574
652
885
574
688
827
521
662
894
586
686
877
582
662
885
568
684
857
603
663
866
566
677
874
594
687
872
534
931
878
590
654
878
569
690
872
612
672
891
584
684
884
589
668
902
566
721
892
589
662
911
554
713
872
572
663
890
574
697
992
775
743
897
558
714
865
569
690
892
563
684
855
586
719
909
557
688
857
571
680
895
548
698
874
574
672
854
550
701
879
581
668
877
553
688
893
571
671
882
559
678
861
591
688
890
566
707
892
599
633
883
543
697
864
601
659
933
560
695
874
587
671
873
581
692
879
588
667
916
673
689
834
602
678
1007
546
684
886
580
670
897
548
705
845
574
678
896
522
715
909
571
655
920
530
707
841
583
663
896
552
692
881
587
696
910
494
713
856
552
690
904
546
640
915
694
836
794
545
557
882
358
612
955
466
679
747
511
709
798
372
500
783
397
473
741
388
530
751
392
540
720
402
528
736
404
525
746
411
540
722
395
537
729
389
562
735
402
523
724
373
521
724
423
503
722
426
529
728
463
518
931
499
624
732
496
575
731
427
559
750
428
524
880
581
569
734
424
512
713
416
504
724
446
523
753
401
532
720
407
522
733
419
525
666
466
578
772
400
534
718
416
495
706
393
562
719
408
586
710
390
694
853
480
586
802
436
611
781
464
614
739
444
598
802
508
622
795
412
625
776
437
621
777
374
566
747
438
493
760
458
553
753
441
546
766
378
597
797
422
537
737
432
547
754
430
530
786
334
562
810
412
548
724
368
541
750
418
512
759
405
538
756
458
559
741
364
575
680
417
559
750
412
582
729
429
555
748
360
531
798
421
611
740
462
627
765
560
613
730
414
557
749
430
559
834
599
530
758
440
542
762
405
543
723
426
514
758
422
572
826
572
599
754
390
549
731
415
537
743
451
567
747
396
538
734
434
576
746
457
580
945
521
610
781
489
689
792
499
775
902
560
718
892
494
628
799
469
610
778
521
593
790
444
780
679
312
494
639
308
455
638
300
436
629
298
430
622
304
432
639
305
427
629
320
661
879
584
671
857
572
678
750
403
524
742
350
526
732
382
516
738
376
559
773
418
529
722
378
522
734
391
507
719
384
526
734
385
555
715
408
560
722
385
561
725
424
550
732
400
577
733
403
554
755
410
520
730
393
551
732
447
541
736
428
569
713
386
547
717
403
535
766
420
559
760
429
555
720
425
561
738
388
561
733
830
641
730
412
549
758
400
537
746
413
549
738
405
553
720
399
545
716
402
544
742
419
532
727
399
557
743
383
555
745
403
555
773
393
545
747
427
528
714
390
551
733
399
583
809
459
618
796
455
642
804
470
605
885
521
606
823
531
686
865
545
685
875
547
668
869
547
709
872
415
675
913
557
646
777
457
575
712
477
576
772
463
569
764
486
569
743
448
567
753
471
648
750
474
558
758
438
582
748
463
569
728
588
571
707
414
512
729
427
539
711
422
572
730
420
568
723
446
507
731
387
559
734
427
547
719
422
567
706
435
550
722
416
558
746
384
515
717
408
536
718
402
513
680
394
507
729
392
496
743
331
548
726
420
530
749
394
558
726
423
460
748
402
565
718
341
546
735
414
545
679
404
568
726
416
548
714
414
515
738
389
428
709
394
553
722
394
546
712
397
524
737
330
540
719
419
525
767
418
545
711
420
523
700
288
424
621
282
432
625
279
430
627
316
419
639
301
430
644
297
432
634
305
424
615
300
428
633
302
439
627
299
463
663
300
419
645
331
412
622
298
467
768
399
531
757
405
526
748
397
527
749
394
535
759
351
529
976
603
745
896
713
762
981
719
964
961
651
768
1032
640
1017
861
430
592
778
495
710
800
464
676
821
451
610
873
437
610
780
398
577
808
502
581
795
435
575
838
432
571
770
441
593
798
489
959
798
524
572
785
517
574
804
463
649
776
350
615
819
427
564
793
472
612
778
452
581
814
456
564
769
540
519
754
419
552
734
393
539
739
438
607
835
524
681
765
472
619
777
486
601
778
454
565
794
474
626
807
466
573
802
478
623
785
471
616
809
456
613
731
462
616
774
486
631
769
453
633
785
507
624
782
489
614
739
410
564
742
407
530
752
402
551
754
409
556
742
408
559
739
416
535
754
399
548
754
842
560
746
404
547
751
399
570
757
390
531
761
412
534
758
394
545
762
435
534
765
397
532
756
422
553
746
428
798
827
429
598
728
502
652
788
522
590
825
400
546
787
454
528
784
469
495
794
495
564
785
421
655
767
478
587
841
476
601
747
479
651
813
478
612
773
450
594
826
483
637
786
471
549
829
455
652
777
469
547
812
460
587
739
487
580
831
496
583
751
467
626
786
433
636
803
507
530
837
406
611
1139
301
468
652
296
498
792
451
555
810
423
616
749
458
613
831
455
609
766
413
488
649
290
459
634
284
448
643
280
434
638
275
433
649
270
455
648
298
439
657
281
466
643
275
432
637
277
458
648
271
436
655
275
432
622
271
429
654
282
462
652
273
460
650
285
463
667
293
459
647
306
452
662
288
450
653
296
463
639
284
456
643
296
453
647
301
456
647
286
465
637
289
458
643
277
459
633
297
443
683
293
457
946
286
442
653
312
674
755
466
643
823
399
623
780
464
570
799
452
635
778
482
511
685
291
529
754
460
635
815
480
639
750
484
563
823
409
622
678
316
604
698
289
527
762
394
541
740
412
558
829
498
558
856
442
654
805
469
559
821
474
638
768
466
579
827
466
574
782
392
506
762
395
573
759
392
557
709
398
599
778
445
607
829
415
594
810
472
566
798
419
615
763
396
571
785
410
599
773
419
503
795
405
672
845
453
632
830
465
616
829
512
621
929
498
625
751
541
818
936
482
662
700
468
618
811
487
585
795
472
675
787
439
624
784
474
589
777
447
620
836
479
626
828
485
659
805
461
680
875
569
728
841
499
657
925
464
637
839
481
635
803
464
624
837
478
676
888
526
610
851
482
609
840
485
610
858
468
611
840
468
605
912
483
651
854
466
628
836
465
605
852
455
622
908
468
601
905
481
619
837
466
614
840
404
704
1000
556
742
955
592
717
956
553
725
958
563
738
930
563
1108
971
530
647
875
564
612
818
520
616
793
437
588
801
430
642
820
531
657
825
445
638
825
426
607
833
514
660
755
574
780
974
476
614
858
468
642
820
456
600
827
455
616
820
480
606
854
465
620
824
480
607
808
455
641
825
462
652
827
443
618
806
465
618
837
493
647
827
459
615
818
460
637
824
478
639
905
476
683
852
445
622
827
453
618
803
1076
642
759
400
604
827
400
596
748
384
640
832
456
586
774
450
566
830
437
634
850
490
572
754
379
633
758
469
535
840
417
593
758
477
558
822
476
627
780
478
617
827
442
613
844
511
636
836
400
647
847
462
566
829
392
632
815
463
571
975
462
623
830
471
586
855
435
606
811
477
597
806
481
608
833
456
627
869
423
588
807
464
584
867
406
622
825
493
549
834
458
627
840
443
557
862
446
592
835
465
635
834
409
582
744
424
573
841
402
585
823
453
546
832
411
643
808
427
642
812
426
584
783
394
559
797
409
561
760
465
600
799
465
599
744
404
569
787
396
581
754
388
610
769
380
589
728
371
602
786
376
520
721
376
570
782
400
579
704
383
597
796
386
577
712
432
510
864
543
693
863
472
593
839
458
645
910
468
617
836
430
648
829
489
700
808
403
711
862
493
663
843
336
632
812
475
584
852
453
904
912
460
795
921
373
597
747
410
601
772
394
577
728
397
579
789
400
593
773
393
566
786
516
649
792
483
621
837
445
527
734
391
568
788
393
571
734
389
615
770
396
563
727
400
603
803
379
563
717
387
577
784
403
600
713
398
566
780
340
597
783
390
559
886
451
663
774
405
581
812
405
610
774
499
633
865
578
817
855
433
652
855
465
655
770
626
772
1031
593
861
966
522
710
827
545
868
865
749
762
886
574
824
1053
737
682
807
485
639
831
474
672
774
479
633
955
651
869
964
668
798
1039
644
872
912
627
814
1010
665
884
949
596
836
1087
479
892
1039
578
743
1004
584
802
918
661
737
916
651
739
868
558
828
1038
572
728
881
525
680
960
545
731
870
500
736
1112
537
709
806
530
735
932
540
703
892
477
733
942
534
693
886
509
729
904
523
666
875
515
715
961
520
765
892
471
728
949
534
782
899
539
753
946
535
772
882
517
761
1022
943
784
978
552
763
957
582
800
904
562
741
987
555
806
898
547
761
954
570
774
910
535
746
971
566
779
903
537
742
946
568
778
906
535
747
950
565
775
899
552
767
955
563
768
950
526
734
984
766
853
940
694
805
1064
625
827
1022
677
817
1057
670
809
935
695
830
1068
646
818
924
654
785
1044
641
806
956
646
843
1050
673
824
1012
658
811
1214
709
805
925
632
822
1081
565
761
915
543
759
988
559
778
895
575
745
975
547
774
906
556
758
961
602
792
906
618
746
999
531
763
903
554
753
963
556
765
946
346
630
852
464
583
745
456
701
891
367
617
956
437
633
849
443
566
836
370
596
817
425
607
818
355
593
814
392
604
818
354
598
808
457
608
837
380
600
800
337
582
812
310
628
807
408
675
831
363
643
799
429
549
827
345
592
812
432
600
812
335
600
806
423
587
809
398
611
798
387
603
811
345
585
797
424
604
821
429
969
800
431
762
1035
726
883
1222
646
763
945
524
752
920
535
585
817
426
609
792
430
622
803
382
607
780
444
612
804
417
608
782
424
548
816
407
598
787
421
593
781
430
598
754
430
607
785
412
598
802
436
599
824
431
595
792
410
596
814
396
609
809
422
603
1246
433
679
902
502
615
843
405
623
863
496
614
820
403
600
851
436
608
839
399
603
814
460
612
839
413
602
820
431
633
844
437
602
818
522
624
819
549
629
825
480
727
985
549
750
864
409
599
918
437
612
795
399
587
793
420
584
779
387
629
933
447
601
780
397
568
789
410
571
822
513
655
876
477
642
898
471
679
883
465
696
884
445
670
864
421
641
871
462
660
864
434
665
851
454
597
873
514
709
867
429
648
877
449
653
801
448
646
844
450
655
839
457
632
842
407
646
858
448
681
910
450
658
815
434
587
813
411
622
833
432
621
869
476
705
840
491
661
1059
433
851
1250
455
608
781
445
1087
799
600
770
1108
511
622
912
517
618
901
433
611
934
323
677
857
444
1316
815
439
631
893
453
666
879
860
764
817
375
621
1328
585
672
854
504
752
713
420
664
832
333
641
813
407
874
876
414
653
799
407
633
833
407
621
736
460
576
844
433
684
864
1079
673
897
467
952
1341
500
686
778
559
868
889
475
787
778
388
578
896
1284
642
876
524
690
1452
425
678
790
464
738
794
503
703
935
721
648
834
1298
601
1018
503
698
1203
427
966
1202
350
670
815
455
932
829
455
629
839
440
765
980
562
810
864
575
750
989
514
748
992
568
772
967
561
709
865
459
614
851
383
624
834
394
671
828
341
578
877
443
1148
824
404
581
801
463
611
813
469
582
826
427
629
894
339
659
810
369
1042
813
430
626
812
428
576
817
644
630
811
443
611
1026
384
640
844
726
1457
862
434
551
851
464
612
849
801
605
819
417
603
1158
468
624
791
468
623
762
419
535
853
492
692
868
1203
618
862
481
677
1606
480
692
881
511
641
926
448
850
864
478
663
909
1333
637
887
468
695
1650
491
647
816
493
679
863
456
1010
870
468
645
862
949
585
809
395
613
1375
527
626
1042
490
571
802
536
813
738
451
611
828
437
621
809
430
589
829
420
814
1169
639
965
1085
682
942
1105
724
868
1269
702
994
1224
752
1063
1121
781
937
1157
765
976
1173
645
806
961
590
801
1026
628
787
1013
614
771
948
580
747
980
636
734
1001
556
705
847
409
656
808
404
629
850
435
718
885
479
577
857
437
665
811
448
627
828
418
608
831
413
616
