44231
740
325
491
806
1233
1358
1136
932
986
1154
1148
1097
1052
1171
1146
1384
1095
837
1392
730
991
1064
1057
1303
1426
871
1149
1230
1139
2896
1302
1054
824
4933
751
715
840
592
531
737
1246
977
1122
1203
1063
1246
565
576
1757
862
888
1110
910
1327
1053
959
583
1488
343
614
756
364
540
741
388
528
752
406
1109
1193
1306
1276
1109
1098
1404
1502
1279
953
1162
890
1553
1608
1102
1060
1643
1168
1013
1351
1293
1141
1620
1102
1258
1199
1345
1105
1253
1100
1302
1052
989
1122
1623
797
1466
1751
1339
1108
1435
912
1262
1399
1305
1509
1604
1236
1292
1492
1102
1366
1417
1333
1129
1126
845
1234
1531
2180
1576
1329
889
1124
1582
1133
1021
1744
872
1676
1511
1313
1453
1570
1178
1244
1272
1261
1294
1618
934
2220
952
427
669
806
739
664
1181
1343
1184
1257
1240
1585
1842
1338
1228
1735
1207
1258
1507
883
1064
1791
1193
1657
2246
1216
1266
1309
1352
1530
968
506
558
780
556
667
878
665
880
976
404
664
869
850
1154
958
529
806
880
471
602
1308
1275
1076
1531
1254
1301
1542
1373
1230
1282
1558
642
844
470
589
845
442
616
854
367
633
848
460
1271
1240
953
1181
1267
1326
1498
1600
823
1501
1731
1044
1350
1412
1156
1151
1353
376
730
815
471
665
767
608
1618
1290
1324
1290
1666
931
1335
1770
1118
1202
1503
1146
1491
1228
1433
1381
1564
1204
1101
1599
530
572
918
474
678
845
440
554
876
427
585
910
456
643
843
487
647
845
474
620
880
579
682
866
405
802
842
430
597
847
466
627
785
503
705
825
444
734
922
464
829
956
451
751
786
461
693
838
482
621
886
477
652
848
391
740
889
488
682
939
407
693
951
437
742
795
441
734
857
469
666
870
387
645
927
456
715
880
538
679
828
545
659
836
439
599
828
466
729
927
453
671
846
445
664
876
441
646
846
557
1578
1303
1265
1448
1573
934
1670
1610
1113
1621
1240
1409
1146
1654
1352
1217
1365
1216
1587
1241
1297
1321
1831
991
1150
1560
868
1133
1787
1047
1281
1647
1149
1283
1488
960
1028
1790
1161
1541
1076
1392
1125
1356
1262
654
464
444
715
375
522
702
437
469
669
385
465
750
371
499
690
364
458
651
439
626
842
1063
883
1499
999
1329
1451
1385
933
1154
1209
1102
1180
1076
1243
1280
1239
1272
1161
926
919
1349
947
1489
1218
984
1000
1160
783
1511
1486
942
1401
1116
1474
853
1509
915
1255
1161
790
1453
1519
1065
1349
1264
1053
933
1313
1138
1208
1288
1125
852
1249
1398
1347
1165
1358
1304
1283
968
854
1568
800
1085
1608
965
890
1039
1050
1345
1151
882
867
1520
1205
1065
1387
750
1194
1032
1066
1262
1551
1216
1443
1125
1329
903
1496
960
1167
1775
1050
1272
1627
1411
1039
1616
1315
1192
1382
1052
954
1710
926
1244
1591
1231
1074
1437
1253
895
1508
1021
983
1635
872
1087
1403
1169
1237
1380
1212
1493
1497
1200
888
1505
1523
1200
1463
1179
1123
1484
1155
1441
1130
1267
988
1597
1395
1136
1517
1349
1026
1370
971
1005
1164
1302
1348
1065
1348
1511
1435
1331
1387
1143
1005
1428
1309
1237
1457
1425
1387
1473
1501
818
1528
1423
1158
998
1620
1203
923
1566
1051
1147
1325
900
1386
1730
1264
1145
1581
1222
1146
1523
1096
956
1449
1375
1078
1625
1004
1226
1437
801
1336
1414
1385
1169
1220
783
1459
1568
1002
1284
1155
1333
1486
1356
977
1456
1505
1293
1129
1639
1252
1176
1321
1498
1280
1567
1336
1233
1187
1881
1397
1738
1093
1231
1168
1361
1378
1519
901
998
1387
1339
1434
1643
1166
992
1182
848
1078
1556
1065
1220
1496
1038
1073
1708
1375
1054
1000
454
600
782
411
601
822
445
634
803
1371
967
1402
1284
1345
1385
1161
1075
1652
1283
1369
1302
1049
1328
1788
831
1232
1707
1119
997
1516
1302
657
842
382
582
789
402
619
796
415
753
920
404
591
950
505
628
795
523
701
801
533
608
869
402
1316
1746
881
1164
1713
1291
1481
1700
1178
1359
1553
956
980
1723
952
1004
1193
864
1397
1615
1123
1623
1702
935
1323
1837
828
1272
1231
1219
1197
1217
881
1207
1701
1113
1499
1549
1033
1187
1505
1280
1589
1139
1371
1146
1295
1123
1281
1721
936
1117
1463
1231
1199
1603
911
1063
1705
778
1264
1496
1026
1280
1427
928
1530
1643
1307
1188
1735
1255
1434
1494
1246
1487
1287
883
1606
1221
1027
1323
1176
1242
1181
1804
777
620
880
427
662
1034
464
649
823
536
730
834
451
1058
1259
994
1230
1363
961
1426
1422
920
1088
839
1034
1135
1059
883
1228
733
723
1233
680
1141
1353
1099
1090
1210
1010
1211
1181
932
826
1351
680
1064
1094
906
997
1396
716
720
949
956
512
668
340
467
608
470
447
718
392
505
641
422
404
657
406
442
630
391
508
712
364
495
703
396
435
793
393
517
608
331
616
683
480
553
690
413
860
671
409
462
704
376
517
654
727
505
667
335
479
709
324
554
1398
1022
1139
1388
744
810
950
773
749
1209
668
865
1004
852
795
1010
1132
1127
906
924
910
1273
947
838
1290
863
1089
1215
783
910
1001
982
971
1119
898
1325
1011
1019
1121
1165
737
803
1508
847
966
1128
884
955
1287
1109
836
932
1074
927
972
995
854
969
923
1119
1137
1088
1090
1258
912
1132
1158
961
948
1114
883
1106
1203
789
741
1333
728
1118
1372
1063
944
972
1114
754
1169
682
1187
1068
906
902
1002
419
527
885
385
478
798
448
485
847
545
608
740
413
534
845
460
521
1211
736
1064
1111
754
1129
1033
1015
1010
1261
1058
902
1030
799
1210
1442
805
1205
1411
919
907
1030
923
1068
1034
755
796
1009
724
1029
1414
1060
898
1023
785
935
1142
695
1111
1170
857
1202
1309
1051
988
1139
980
1159
1350
1464
1186
1042
1008
731
1151
995
909
1276
823
881
1408
975
983
1162
912
1275
1385
733
931
1032
848
1219
986
1134
1019
1413
784
1194
1381
809
606
1237
995
980
1189
899
879
1008
872
1108
1396
840
849
748
703
953
1061
740
987
1327
705
953
1000
614
944
1397
818
1289
1028
714
877
1273
1077
1024
1133
920
1172
1028
435
518
738
501
611
690
419
716
854
335
631
751
409
667
788
371
624
824
483
648
729
820
1141
1440
885
778
1261
1075
989
1242
700
1364
1451
1004
1199
1222
1031
1265
1222
908
1108
1065
981
1040
1465
992
1129
1086
971
1028
1112
953
1127
1415
751
880
1450
766
932
1199
838
1284
1419
669
786
1244
738
1313
1187
1002
1139
1123
1016
964
1423
917
881
1118
767
944
1380
938
1220
1113
1122
1321
1500
991
1021
1099
1060
1277
1199
1095
1372
1609
1109
1207
1460
802
1145
1418
717
1051
1587
848
983
1525
941
845
1485
1170
1219
1070
1183
1201
1088
977
1196
1452
1671
928
1260
1162
1309
1256
1183
1742
1152
841
1103
1091
1098
739
890
375
590
826
556
658
878
420
676
831
426
761
861
480
703
1436
921
1166
1304
662
890
1247
936
915
1145
699
1325
1347
808
1315
1239
993
1386
1562
936
915
1382
507
611
863
632
772
888
551
686
403
495
749
434
643
680
332
449
719
409
469
675
390
433
1421
1101
1177
1149
790
967
1444
1035
985
1237
995
1075
901
961
870
964
639
1081
1113
698
1064
1284
1024
897
1313
958
865
1456
760
1220
1270
1056
878
1027
1165
1239
1414
686
821
1121
1116
979
1153
1062
794
1318
1190
1062
1164
1031
863
1387
984
686
1377
992
1145
1091
974
899
1262
359
438
778
404
500
684
412
501
717
347
509
699
397
818
838
393
512
713
361
532
802
425
483
816
422
538
719
406
1280
1016
1021
1183
1365
897
1111
1094
809
871
1129
664
1082
954
738
544
738
403
620
796
410
598
776
371
529
766
434
574
753
471
509
755
557
612
791
355
567
764
400
1205
1482
1055
1277
1307
1297
1259
1534
1146
1472
1580
748
1291
1526
1316
533
771
365
591
804
438
580
911
461
554
736
421
515
832
408
478
975
488
708
777
365
685
742
546
625
831
349
529
826
339
598
816
360
585
771
1371
1286
1252
428
628
742
395
542
814
451
583
1705
1083
1237
1585
1063
1222
1695
1196
1595
1582
794
1411
1465
1144
1124
1531
1015
1269
1392
1264
1289
1539
1036
1151
1645
1058
993
1197
896
1059
1507
1414
1390
1188
1293
1310
1318
935
1172
1328
808
1448
1185
1159
1237
1162
1189
1437
1223
1150
1271
1738
1261
1272
1685
909
1284
1335
1223
1498
1570
1072
1367
1504
1202
986
1404
889
1232
1167
1011
1170
1607
1350
1378
1628
1325
1493
1279
1080
1119
1167
1448
1281
1233
878
1362
1413
1260
1012
1307
1396
1597
1168
1037
1471
1217
1409
1343
1543
856
1377
1423
1080
1368
1382
1100
617
824
387
628
1413
1271
1206
1346
899
1395
1434
1135
1298
1502
1182
1477
1462
1404
1102
1451
823
1422
1298
1412
1202
1538
825
1051
1791
1433
1460
1429
1263
1354
1436
1186
1593
1557
1215
1201
1602
1407
1560
1776
1049
1354
1727
807
1329
1320
1132
1365
1583
1127
1254
1147
1115
1187
1246
1191
1468
1877
1311
1437
1322
1397
1900
2375
1722
1569
1772
1171
1484
1765
1273
1325
1663
1329
1398
1800
1098
1055
1427
1418
1313
1388
904
1605
1514
2097
731
1134
608
678
919
452
788
1666
533
824
1103
583
1343
1848
2019
1344
1781
1083
1328
1424
1315
1478
1670
979
1682
1464
1187
1403
1569
1279
1490
1322
1180
1331
1525
1415
1414
1278
1078
1473
1387
1350
1263
1413
630
735
927
573
737
912
572
742
497
600
1301
790
1073
984
1130
941
1306
625
509
722
3389
678
906
528
717
1268
1253
1185
1216
1282
916
1655
1716
1511
1556
1403
1398
1120
1311
1149
1298
1260
879
1156
1056
889
1387
1634
982
1413
1398
1048
1478
1369
1031
1383
1404
1155
1637
1458
1253
1437
789
526
1746
1456
1395
1110
1178
1196
1015
434
1512
1070
1406
1091
1628
1033
1273
1059
1168
937
1710
482
578
792
1031
1144
1019
763
1094
1258
784
1212
1001
1085
909
1270
1170
1198
1468
1244
1234
737
433
483
707
1067
3716
776
487
480
827
531
783
822
417
501
725
348
553
736
460
644
761
616
605
730
450
510
840
529
547
1145
480
546
755
454
622
761
441
524
720
427
597
717
412
619
794
423
607
717
413
615
749
559
486
803
444
510
751
345
580
696
398
557
744
527
539
758
1375
1136
1521
1510
1355
1188
1358
1531
1420
977
1508
1734
1377
1400
1567
1246
1411
1399
1315
1470
1242
1057
1258
1477
1338
1368
1222
989
1442
1374
799
1374
1274
954
1069
1527
1098
1422
1512
1377
1345
1639
1137
1459
1413
967
1534
1147
1044
1205
1536
999
1292
1127
1318
1463
1712
997
991
1694
1073
1305
1457
1321
1264
1193
777
1442
1198
1369
1351
1662
1167
1447
1349
926
1474
1140
1296
1228
1257
1227
1157
1462
1128
1397
1134
1010
1204
1274
343
587
869
422
655
1089
378
642
1319
1014
1195
1663
1416
1202
1269
952
1079
1207
1186
1075
1195
754
1099
1649
1278
1210
1661
915
1137
1397
1377
1500
1553
1323
1012
1544
1341
1356
1424
1306
923
1418
1365
1557
1420
1280
929
1733
780
1456
1323
1177
1452
1203
1106
1048
1789
397
618
824
407
617
795
429
628
838
470
640
790
412
747
928
477
680
858
411
643
806
453
606
816
436
684
877
481
603
817
972
1222
1500
1325
1458
1555
1051
1051
1222
1087
1223
1383
817
1449
1718
1296
1133
1308
1081
1152
1687
1135
1274
1260
905
1391
1506
1283
1084
1292
1027
1448
1397
1007
1566
1709
1429
1313
1557
1245
1344
1681
1386
1539
1652
879
1115
1614
899
1529
1477
990
1238
1893
1241
1059
1336
818
949
1234
1315
1426
1366
1029
1064
1410
1088
1286
1573
1080
1551
1322
1367
1345
1692
1248
1047
1449
989
1413
1808
1351
1115
1544
910
1411
1584
1407
1404
1559
1511
1545
1661
953
1421
1403
1004
1105
1587
1385
1555
1394
1354
1466
1358
864
1185
1332
1099
1239
1515
994
1018
1277
973
1372
1184
1209
1396
1622
1291
1597
1467
879
1184
1279
836
1479
1384
1139
1370
1133
1091
1289
1281
910
1079
954
1350
1687
998
854
1302
1334
1184
1558
1154
1495
1317
1046
1443
1492
1292
1337
1400
1374
1357
1116
1400
987
1422
1354
1063
1294
1284
1360
1362
862
941
1597
1392
1400
1485
1309
1270
1267
1205
1253
1348
925
1151
1159
994
1243
1171
1449
1256
1389
1131
830
1236
1426
1152
1332
1030
857
1252
1184
1117
1321
1337
1220
1462
1247
1444
1373
1324
1050
1262
1322
1249
1464
1001
1065
1614
1109
1409
1334
1309
1358
1455
858
944
1121
980
878
1455
986
816
777
415
618
732
379
531
652
404
606
776
423
498
732
403
500
681
376
512
827
387
517
685
381
506
1534
1308
1084
1083
1064
1328
1253
1302
1017
1371
1379
945
1352
1328
607
795
459
570
736
1297
946
1491
1314
1077
1516
1272
1750
1267
1102
1202
1392
1453
1130
1691
1057
1049
1724
1127
1173
1699
892
1168
1415
1202
1313
1250
1227
1319
1604
1466
1461
1501
982
958
1806
1032
1136
1405
1104
1047
1166
434
457
863
381
548
748
464
546
830
576
673
793
493
759
776
442
703
823
839
1110
1115
870
621
781
495
783
1343
386
592
719
573
645
796
587
631
771
405
717
764
610
713
791
1336
775
805
542
641
822
527
873
1561
386
658
800
495
623
747
493
539
1446
1344
1445
1508
1219
1162
1293
1171
1356
1755
1222
1437
1154
1054
1688
1472
951
1462
1252
1401
1185
1336
1163
1413
1337
1096
1481
1559
1212
1575
1588
1372
1344
1263
1350
987
1390
1314
985
1684
913
1181
1203
1036
1172
1557
1261
1111
1595
1209
1397
1724
1112
1199
1578
1278
1001
1295
1172
1343
1448
980
1029
1695
1015
936
1136
985
1149
1186
1041
1057
1641
1212
986
1412
443
622
734
457
636
810
452
589
840
420
604
773
373
692
811
481
590
848
416
715
787
785
1370
1234
1154
946
1190
987
848
1247
1003
1326
1155
635
848
1028
748
1257
1098
747
972
1269
792
1219
886
526
626
872
501
694
1297
888
1122
1332
717
1119
1080
1036
989
1380
767
929
1034
934
1171
1237
892
887
1367
1038
608
964
415
591
833
666
658
822
579
1134
852
508
618
1748
1134
961
1351
996
1168
2254
922
1260
1481
743
1245
1556
1692
2160
1287
1067
885
1171
722
1065
919
530
698
900
485
639
947
569
849
891
709
1208
1445
820
1199
1264
812
966
1215
1122
1081
1602
1133
1922
1528
977
1251
1383
676
845
1298
965
1159
1544
1151
1395
1170
801
1282
969
1041
1090
1173
1207
1473
731
805
1217
1364
958
1245
834
1108
1332
1053
1008
1301
919
808
1431
1093
891
1134
1105
1037
882
1099
776
1333
849
1146
1135
905
694
1068
840
1151
982
1147
1151
1335
1212
1123
1438
1105
1059
1359
1026
907
1005
688
1142
1141
734
1102
1334
1051
1259
980
807
1081
1036
873
983
1302
909
1455
954
783
1034
1241
932
704
1214
944
1131
1126
972
678
1200
942
1166
1179
584
1014
1291
912
1165
1177
795
1170
925
922
1235
1142
879
1069
1417
865
750
1206
979
1146
1068
1171
1117
1186
1026
775
1405
1160
830
1091
1070
820
1401
1192
1229
821
441
559
773
414
424
833
473
889
1440
789
1077
1174
1211
842
1362
1014
875
1483
716
1126
1250
1143
1131
1089
1011
878
1161
1132
1284
1072
956
1203
1349
794
883
1071
998
1246
1105
901
901
1088
997
922
1335
908
998
1275
926
1235
1372
883
1070
1350
780
920
1297
960
962
908
819
1100
1009
866
903
1164
891
998
1040
948
1066
1147
1028
818
1410
1147
1063
1433
989
1319
1178
1125
726
1368
934
1203
1226
730
1064
1169
866
838
1262
833
838
1183
1056
842
1159
1046
928
1217
655
877
1400
910
1087
1331
905
918
1109
967
1319
1011
1022
837
1236
647
1178
1006
978
952
1406
1109
791
1236
913
1129
1060
1120
1162
1412
997
949
1391
841
1259
979
695
1162
1153
865
821
1018
776
1160
1805
981
936
1068
806
1082
1481
1376
1553
1601
855
941
1340
1135
1159
1405
951
1051
1507
809
1257
1451
871
1037
1185
700
1250
1254
904
1315
1281
770
1027
1144
961
1087
1463
873
982
1474
864
1433
1470
1154
976
1057
1137
980
1543
911
988
1377
1133
1179
1447
785
1100
1043
1114
1312
1219
924
2089
1122
783
907
1296
830
953
1192
811
931
1167
1110
1106
1032
1023
1267
1028
799
976
1349
1016
807
1155
1151
1276
1350
672
1371
1197
700
1292
1426
1242
1329
1204
1232
1139
1328
701
1078
1342
1057
1042
1509
1115
867
1436
1078
1373
1282
759
890
1199
871
830
1545
773
1108
1344
681
899
1500
1165
1270
1417
695
1111
1277
1094
1039
1599
675
959
1542
1066
1007
1446
1214
1321
1177
1187
1103
1377
1042
1374
1473
1324
1349
1176
876
1021
1228
690
1325
1240
1141
1207
1218
782
1240
1516
806
1245
1253
788
1209
1422
1001
1336
1336
730
1277
1365
678
1365
1368
669
1330
1340
805
1080
1055
729
1017
1329
1130
1359
1347
755
1010
1364
900
1384
1437
449
678
347
1070
1264
731
585
669
394
482
870
377
509
694
418
766
967
1308
1230
1537
1173
933
1393
1111
777
995
925
1018
1692
1169
830
978
885
1249
1398
755
1150
1269
1222
1103
1331
1047
1093
1454
881
1084
1259
753
1073
947
864
729
1038
983
1128
1156
1114
994
1183
1365
860
1370
996
909
1022
854
1132
1691
961
1108
1115
1048
1158
1391
1417
1726
1333
1141
835
1254
943
769
1394
672
1203
1061
1045
837
1430
909
1762
2290
732
1172
1106
872
1074
1279
1760
2046
1318
719
754
1118
1209
1149
1908
2091
1114
1343
923
1105
1018
1413
1902
1047
919
1158
1136
775
891
1470
1816
1053
1115
782
833
1213
931
1819
1716
866
950
1298
933
1238
1440
1981
1224
1111
874
1136
1486
821
1383
2151
1059
795
1286
865
881
1533
909
898
1099
740
1067
1239
904
1136
1195
1140
1044
1145
944
1182
1307
1186
1123
767
442
563
757
377
653
837
487
630
839
490
631
847
426
575
751
451
551
802
333
539
748
371
592
692
340
573
781
495
566
734
308
569
702
453
506
781
595
634
791
405
495
736
424
577
858
520
948
1337
757
1161
1340
1137
1016
1131
1202
1191
1344
1066
1167
1337
821
1266
975
1259
1084
1568
1134
914
1197
1083
1066
1038
1082
1193
1460
1194
954
1601
1086
997
1296
931
1443
1807
1286
826
1221
1001
1123
1084
1026
2036
2119
722
1037
1290
724
885
1568
1589
987
1124
792
1297
1431
960
1788
1298
1032
1044
1426
1146
1170
1192
1182
1182
1414
1159
1058
1160
1092
1223
1995
696
845
1085
951
1275
1219
935
1997
1405
1098
1021
1293
1084
1186
2013
1823
1068
1385
1232
1033
1434
1133
1764
2339
844
1226
1192
1153
1231
1294
1239
1312
1073
887
1030
1399
1150
1291
1165
777
1266
1196
1122
1370
1265
1792
959
1399
915
1089
1373
968
1283
1215
1214
1019
1340
887
1033
1263
1102
1004
1395
479
816
935
1002
826
868
488
1053
1204
1089
1255
1276
1029
1270
1240
1340
1268
1276
904
838
1525
1040
918
1235
849
661
871
501
725
854
508
708
808
477
576
1031
1185
1198
1313
837
1306
1227
1209
1176
1430
857
1171
1523
1038
1346
1184
707
1108
1297
463
735
945
552
1004
1016
504
651
1573
1301
1236
1266
970
1319
1493
722
968
1083
915
1423
1037
983
908
1318
808
1372
1560
664
1317
1239
1103
1040
1162
1072
883
1054
769
904
1527
864
1023
1179
910
1204
1306
1153
1107
1405
857
1043
1261
1079
1102
1498
1095
1151
1182
726
1127
1135
909
1430
1551
1220
1462
748
791
1266
972
999
1006
1154
822
1188
846
1042
1203
863
972
1289
750
478
701
639
501
882
482
1274
1308
974
1097
969
1146
1396
1047
766
955
1324
1202
789
978
760
811
982
1096
785
1045
1090
879
1010
1042
1252
1435
1158
809
1440
1118
895
909
1021
1133
1290
799
787
1088
817
779
1093
927
796
1532
733
1029
1483
841
811
1269
1022
842
1026
771
956
1133
993
1234
1300
1060
1130
1182
1051
1134
1256
1201
1151
1344
709
799
1163
1035
916
1300
1053
1084
1049
818
1083
1386
1134
1030
1084
1213
1203
990
1033
1139
923
902
1170
1385
1119
926
1349
1190
831
1016
450
493
734
444
433
1737
995
983
1176
923
1114
1162
922
992
1201
1131
844
996
1021
852
1254
907
825
1397
916
866
1321
1073
977
1003
958
1169
1364
1094
806
1375
715
1176
1305
1074
940
1414
1093
1783
1066
1023
1006
1250
1123
912
1193
1235
935
942
685
745
981
1034
801
1072
700
1073
1163
1003
1454
1808
1196
1168
1503
1116
1043
831
475
530
824
876
547
759
570
739
1654
1337
557
1171
607
658
890
693
1073
1666
368
596
722
498
986
778
515
564
866
580
610
787
433
696
727
366
600
683
448
558
803
354
493
770
374
689
1094
1203
1021
1427
952
946
1326
860
1022
1379
1053
1030
1441
838
941
1245
597
921
1206
975
1240
1185
830
815
1411
836
880
1439
1008
759
1215
786
1209
1042
994
1160
1497
788
1273
1168
902
1226
1298
1097
1235
1129
1059
1198
1361
882
908
1432
1117
1209
1149
1038
1003
1036
399
660
723
429
595
842
421
550
762
458
762
880
442
571
900
509
545
905
431
688
839
399
547
863
716
1270
1423
971
1142
1466
710
1106
1200
829
1108
1293
856
1001
1450
751
1042
1485
734
1264
1134
668
1032
1103
994
833
1140
1063
1095
1367
848
915
1128
695
1234
1517
697
1261
1128
972
1092
1144
1065
1297
1232
1017
1327
1494
1078
1397
1203
881
862
1178
756
1258
1272
1099
1251
1107
1033
1196
1287
1017
1280
1408
1008
1025
1129
1088
1049
1150
1183
1174
1280
720
797
1214
1077
1135
1032
842
862
1408
859
1178
1232
1052
825
1339
1093
1325
1216
653
1000
1440
947
1222
1370
696
964
1346
912
880
1118
852
1233
1374
674
1272
1409
1019
1020
1413
853
1012
1308
758
1096
1406
969
1258
1334
1162
1118
1306
997
1159
1272
889
933
1472
814
1149
1109
640
1261
1208
886
1212
1442
962
1007
1496
818
1407
1321
1165
961
1264
1079
1178
1348
884
1354
1332
917
1288
977
1139
1182
666
1035
1002
949
1094
1229
1090
1061
949
1110
676
1410
921
910
1396
1108
917
878
1158
759
1175
679
988
1228
750
760
1371
863
788
936
874
1127
1011
840
1138
1048
800
1084
1300
795
1160
1217
740
797
979
994
1135
1346
747
838
1494
1058
848
1123
920
871
1347
951
1028
1195
717
898
1299
1100
1155
1275
1233
767
1172
796
1015
1066
1122
1113
1000
723
1153
1207
796
1014
961
1096
889
1163
683
702
785
372
712
890
327
536
868
325
632
924
458
622
775
425
485
798
422
577
788
912
839
1183
784
990
1029
827
1171
1295
1006
1240
1321
1067
1212
1273
1070
741
1205
963
947
1032
883
1210
1372
787
1162
1319
670
931
985
607
757
1036
877
794
1464
629
758
1263
953
1113
1048
886
1205
1263
670
1000
1249
1076
1042
1475
1105
883
1330
756
1160
1052
1079
1077
1369
706
1186
1134
936
854
1403
677
1098
1307
963
1105
1421
1042
809
1091
770
904
1045
1008
1104
941
911
1011
1377
943
1011
1124
945
1289
1344
1096
1159
1217
832
1143
1291
1140
1160
1412
1009
907
1133
769
902
1191
962
996
1327
702
1023
1200
1024
778
1133
928
820
1165
942
1258
1237
958
818
1177
633
937
1404
891
997
1193
748
1039
1086
1031
1137
1164
1098
858
1350
763
1013
1071
695
947
1036
777
991
1314
813
833
1327
1133
820
1202
991
949
1194
948
1157
1134
755
1018
1347
1135
1092
1331
1158
814
997
973
1032
1097
670
872
1329
658
951
1280
791
1268
1109
1041
926
1428
723
1036
1088
998
1114
1138
784
1177
949
830
1187
1312
767
1000
1176
1181
1005
1187
641
923
986
1129
1129
1195
845
1004
1149
871
1242
1086
1028
892
1407
808
1318
1187
966
1094
1295
831
892
1109
1150
1099
1418
962
1043
1161
646
931
1352
932
900
1228
1079
1270
1152
886
913
1348
1011
1379
1418
903
1090
1180
616
1214
1075
909
879
1336
918
919
1230
1089
826
1185
792
1227
1350
868
1011
1275
816
974
1238
1037
1117
1034
674
1318
1154
813
972
1100
705
1382
800
418
616
825
375
656
789
436
663
824
380
623
796
1050
1379
1401
667
877
1748
949
913
1271
1059
1316
1189
1083
1302
1522
630
1377
1341
639
1009
1335
664
998
1089
1035
1255
1174
1028
1134
1249
1103
1029
1508
765
889
1310
1088
915
1122
706
1255
1305
901
972
1193
1004
956
1485
776
1082
1382
814
1208
729
1101
1021
792
798
1237
1211
980
1164
1174
1095
1335
827
1218
1160
1239
1144
1479
880
1270
1293
638
673
1383
394
537
622
361
516
669
350
548
766
360
470
1188
1049
1080
1071
1002
805
938
717
975
933
934
967
1036
775
658
1281
972
991
1256
1043
953
1098
724
1096
957
846
1093
1036
1212
864
1145
887
927
1385
764
1118
1210
1090
1171
1371
842
982
1090
763
894
1280
676
813
1440
1020
848
1011
868
863
1194
982
722
1272
1127
1112
1079
811
776
1426
796
1097
1062
726
877
1043
900
871
1266
1131
866
935
840
928
1349
881
1064
1066
1074
738
1299
977
979
958
1015
944
1287
657
1032
1074
863
819
1104
660
1111
1064
643
857
1009
988
916
1172
1011
893
1254
1115
804
1290
1083
1133
1004
706
1137
1109
962
735
1124
989
897
1037
1039
841
1410
985
867
1199
743
985
1310
752
992
950
840
1176
988
381
544
697
428
533
774
325
621
733
391
526
763
379
534
721
325
519
789
474
517
762
477
552
735
504
526
783
383
563
753
320
524
777
353
545
737
334
557
709
446
546
731
601
565
831
450
527
739
361
628
743
448
574
846
435
574
863
518
605
791
429
1526
1576
1352
1215
1636
540
571
740
387
1041
1828
1052
1359
1477
1376
1196
1637
1403
1376
1246
758
1287
1516
1064
1361
1381
1133
1422
1716
1101
1467
1532
796
1526
2002
967
1085
1696
993
1164
1397
983
1689
1579
1191
1111
1492
1101
621
1634
517
575
830
517
741
979
653
1536
845
390
529
766
783
746
982
416
559
847
644
578
1437
1267
615
1690
522
591
763
358
683
860
530
600
845
379
654
951
564
583
839
376
590
797
495
850
1088
402
632
824
520
632
926
504
767
810
502
683
931
426
615
801
384
677
946
561
686
786
523
1053
1379
628
720
851
427
796
1175
791
750
1775
553
578
829
577
734
924
1176
649
851
439
599
883
633
728
1499
461
702
883
518
715
895
839
719
834
1161
1125
1499
1250
1515
1841
2098
1249
1433
1435
1329
1755
963
1060
1406
1331
1451
1263
1055
1239
1580
1401
1344
1759
914
1236
1770
1321
1612
1357
1029
1600
1429
1252
1309
1208
1567
1455
1313
1144
1112
1842
1422
991
1719
501
743
877
429
624
967
415
724
854
1429
1195
1407
1257
1678
1619
1095
1082
1597
1439
1166
1744
1250
1172
1416
922
1214
1871
1326
1614
1273
898
1415
1308
1372
1042
1327
936
1419
1249
1159
1635
1196
1238
1441
985
1454
1130
1087
1237
1182
1061
932
1156
1085
1474
673
377
521
619
454
744
741
412
622
768
374
423
637
408
600
702
464
502
716
426
500
645
417
492
695
401
672
729
430
421
751
405
585
640
366
503
719
408
649
647
493
593
759
341
521
860
509
559
697
387
612
648
387
417
775
428
484
715
388
409
668
329
579
747
341
470
686
499
530
709
403
552
739
449
553
731
413
530
753
449
587
732
412
1214
1331
935
859
1149
744
1174
1342
883
978
1091
925
867
1447
785
949
1023
1001
894
1044
914
916
1240
1004
999
919
962
1361
972
731
867
1003
773
1138
1060
1143
518
793
351
492
1506
870
1192
1070
942
936
962
1196
1272
769
396
531
643
1434
878
1158
791
1412
1155
934
1376
1352
1135
1301
1066
774
1141
1656
882
1190
1356
755
1147
1393
886
1108
1726
1365
879
1495
915
1417
1569
1246
1433
1317
1115
965
1131
1043
1411
1336
888
558
809
495
560
1281
1392
875
1461
1331
1062
1434
1071
1400
1211
906
1350
1427
808
1255
1406
1261
1252
1413
1300
987
1190
1252
861
1412
1469
853
1649
850
1133
1373
1314
1068
1349
1193
1248
1182
1416
934
1682
1350
1215
1128
1362
1504
1415
1195
1274
1787
838
1196
1288
1223
1017
1235
1287
1422
1700
1309
1176
1809
836
1152
1687
1337
1240
1344
1391
1376
1597
1327
1308
1465
1212
1023
1354
1162
1436
1480
782
1565
1485
1192
1109
1172
807
997
1199
845
1257
1946
1268
1026
1473
977
1237
1135
958
1224
1523
1447
1509
1663
969
1203
1389
869
1363
1171
1051
1161
1673
916
564
863
456
603
731
430
602
771
363
593
741
404
614
781
515
512
939
524
655
842
427
787
863
379
577
785
387
667
807
372
1088
1622
1271
1594
1547
1549
1633
1868
1441
1260
1646
1229
1017
1220
788
1307
1358
1358
1255
1792
875
1062
1876
1320
1523
1306
1100
1346
1330
970
1264
1433
1257
1555
1791
1106
1357
1372
960
1241
1841
959
748
775
438
631
858
446
633
831
424
1285
1448
947
1140
1339
1306
1548
1708
938
1235
1526
1178
956
1591
764
1275
1535
1408
1591
1709
1128
1389
1619
1014
1241
1500
1064
1007
1320
834
1563
1588
957
1373
1808
1145
1515
1691
908
1138
1513
1275
1264
1356
1288
1025
1240
1373
1305
1275
793
957
1812
1345
1308
1554
906
1581
1757
1311
1420
962
561
643
343
400
644
364
478
742
917
548
670
354
475
675
873
443
664
368
457
704
831
529
1494
1352
873
1626
1323
1425
1558
1211
1142
1050
1125
945
1562
1026
1741
1313
1273
1375
1255
819
1502
1578
1089
1341
1342
1460
896
1677
1204
1106
1204
1092
1315
1281
968
1397
1648
852
1192
1123
1305
1246
1586
927
1375
1357
1099
896
1066
997
1204
1134
805
1204
1255
893
1351
1535
1009
921
1333
1392
921
1156
932
1371
1710
1284
1284
1432
894
925
1266
1098
954
1321
983
1290
1458
870
930
1250
1022
1100
1578
1002
1127
1157
937
1409
1626
1061
1443
1066
1015
941
1257
1032
994
1651
1059
872
1576
1495
1221
1154
954
992
1570
837
1392
1398
1312
1540
1610
857
1131
1638
1514
1410
1499
1276
1384
1656
758
1158
1191
842
1232
1636
836
1410
1111
1041
1407
1414
900
1288
1403
1400
1201
1187
1010
1315
1085
1335
821
1493
1023
1344
1578
1282
1413
1211
855
1128
1639
1254
1127
1406
1273
906
1488
800
1364
1223
781
1189
1158
1126
1272
1266
966
1039
1151
1328
1242
1486
1343
1368
1575
1016
1133
1187
891
1134
1544
1402
1178
1548
1120
1343
1356
1371
1228
1570
1072
1079
1534
1397
1580
1629
848
1499
1403
1347
1335
1574
898
1075
1604
1424
1317
1261
1012
1000
1732
1020
1144
1478
922
1132
1668
1011
1378
1171
980
1315
1555
1046
1453
1270
1303
1209
1560
1465
1414
1450
1476
1417
1561
1099
949
1518
1088
1272
1474
872
1374
1267
1540
1413
1745
984
1551
1445
1306
1242
1230
836
1139
1615
1061
1080
1539
1364
984
1310
1134
688
917
907
710
1052
473
603
814
498
681
811
460
884
1628
1414
1507
1507
1215
1520
1586
1339
1559
1654
1266
1523
1170
1184
1320
1440
1181
1306
1412
1434
1487
1270
864
1350
1390
1174
1321
1367
1332
1323
1591
1208
1380
1791
807
1572
1649
889
1498
1578
864
1509
1213
911
1206
1403
1270
1169
1567
932
1167
1476
1215
1209
2433
1052
998
1232
942
1561
1679
1129
1331
1571
1168
713
834
468
713
875
541
619
859
440
686
828
434
1124
895
512
644
794
618
1452
1426
948
1336
1353
494
657
1353
598
705
908
469
623
878
458
782
1046
1134
1423
1922
982
1175
1302
907
1265
1828
1102
1324
1537
1166
1463
