79680
3391
3697
3547
3566
3731
3613
3800
3558
3505
3507
3723
3472
3613
3680
3462
3517
3563
3533
3775
3687
3557
3513
3595
3579
3600
3671
3520
4575
3700
3537
3664
3841
3525
3679
3719
3565
3618
3856
3686
3829
3655
3543
3670
3732
3470
3545
3633
3415
3507
3573
3509
3646
3644
3665
3519
3589
3453
3715
3574
3525
3589
3655
3593
3475
3689
3578
3498
3599
3470
3586
3541
3521
3560
3553
3523
3599
3580
3829
3492
3561
3581
3946
3658
3521
3505
3535
3490
3728
3617
3688
3605
3789
3641
3549
3635
3830
3518
3660
3506
3632
3632
3526
3593
3746
3515
3664
3706
3551
3536
3634
3628
3611
3723
3667
3965
3951
3571
3685
3662
3681
3602
3753
3560
3631
4147
4117
3841
3997
3820
3621
3745
3615
3708
3860
3523
3590
3784
3632
3695
3752
3695
3806
3832
3506
3688
3816
3564
3661
3733
3437
4049
3658
3584
3646
4134
3793
3668
3832
3634
3753
3670
3572
3565
3731
3561
3655
3747
3745
3622
3705
3551
3743
3719
3635
3599
3730
3627
3735
3766
3643
3605
3886
3565
3645
3767
3514
3702
3824
3510
3696
3889
3638
3789
3674
3590
3613
3794
3653
3709
3827
3658
3737
3940
3615
3685
3726
3674
3688
3741
3598
3710
3862
3653
3714
3902
3634
3674
3795
3668
3693
3890
3708
3699
3804
3648
3719
3886
3583
3650
3773
3456
3646
3772
3535
3630
3759
3644
3705
3811
3761
3823
3788
3793
3722
3954
3767
3853
3743
3715
3713
3910
3623
3622
3837
3522
3593
3716
3705
3875
3795
3643
3764
3735
3707
3779
3775
3474
3709
3880
3619
3724
3773
3711
3652
3711
3520
3590
3395
3536
3770
3477
3656
3547
3480
3517
3487
3376
3460
3863
3659
3794
3963
3737
3795
3815
3735
3794
3540
3637
3641
3635
3538
3764
3569
3433
3657
3631
3448
3521
3449
3447
3472
3674
3474
3788
3522
3466
3640
3558
3471
3639
3750
3580
3519
3705
3405
3756
3537
3603
3465
3558
3484
3636
3742
3583
3750
3505
3421
3669
3695
3639
3505
3597
3501
3479
3524
3462
3581
3562
3663
3783
3848
3520
3551
3609
3418
3552
3510
3512
3508
3679
3440
3538
3567
3557
3454
3641
3365
3396
3446
3402
3557
3546
3423
3577
3545
3431
3555
3547
3473
3649
3707
3620
3517
3660
3474
3591
3533
3424
3606
3632
3723
3483
3679
3451
3562
3766
3607
3712
3728
3485
3533
3678
3436
3547
3719
3567
3613
3747
3501
3711
3717
3631
3637
4057
3588
3706
3660
3504
3770
3734
3532
3620
3654
3700
3683
3823
3510
3606
3681
3500
3589
3680
3388
3637
3693
3508
3590
3738
3583
3632
3586
3583
3724
3831
3489
3602
3672
3451
3465
4201
3826
4052
3647
3564
3560
3670
3533
3666
3602
3586
3619
3638
3551
3475
3586
3517
3572
3593
3392
3595
3637
3625
3559
3549
3534
3615
3675
3672
3623
3767
3645
3670
3638
3541
3591
3784
3488
3955
4063
3946
3725
4103
3561
3912
4016
3482
3959
3623
3507
3651
3703
3686
3445
3690
3573
3566
3597
3545
3675
3670
3510
3603
3739
3663
3623
3653
3444
3590
3597
3500
3528
3695
3429
3558
3733
3445
3640
3689
3424
3583
3596
3519
3709
3662
3419
3590
3615
3441
3614
3684
3641
3494
3540
3512
3658
3716
3458
3487
3532
3403
3680
3667
3511
3633
3659
3477
3549
3607
3440
3530
3639
3643
3542
3755
3477
3587
3548
3465
3541
3599
3506
3640
3635
3474
3533
3617
3559
3534
3600
3503
3738
3778
3618
3603
3733
3455
3705
3728
3590
3576
3842
3533
3569
3768
3506
3673
3693
3568
3724
3760
3585
3609
3722
3563
3642
3615
3538
3615
3672
3493
3710
3701
3454
3660
3627
3512
3618
3713
3620
3649
3798
3599
3651
3705
3567
3673
3814
3571
3793
3762
3600
3711
3708
3500
3698
3731
3703
3600
3727
3626
3761
3697
3620
3735
3820
3614
3558
3731
3684
3658
3746
3605
3771
3759
3544
3612
3761
3594
3727
3780
3609
3664
3816
3611
3737
3743
3727
3706
3941
3669
3669
3729
3678
3620
3732
3722
3742
3793
3658
3706
3765
3624
3694
3740
3614
3682
3692
3590
3711
3841
3621
3666
3847
3646
3763
3782
3565
3597
3865
3718
3700
3753
3624
3739
3650
3479
3555
3731
3579
3800
4019
3670
3770
3758
3611
3614
3680
3462
3737
3736
3530
3600
3735
3604
3662
3766
3614
3607
3646
3542
3678
3661
3545
3642
3745
3623
3610
3638
3563
3583
3738
3527
3474
3443
3618
3426
3383
3408
3574
3502
3480
3508
3457
3403
3592
3514
3475
3604
3493
3541
3829
3828
3762
3606
3420
3474
3508
3761
3483
3980
3458
3615
3635
3498
3648
3637
3612
3680
3689
3267
3428
3481
3374
3478
3580
3578
3509
3493
3505
3552
3769
3549
3615
3652
3359
3517
3656
3373
3521
3673
3323
3425
3626
3475
3601
3620
3366
3450
3540
3368
3438
3488
3544
3478
3726
3371
5793
3753
3654
3661
4082
3802
3629
4081
3464
3651
3740
3743
3671
3639
3612
3655
3596
3801
3623
3768
3853
3827
3795
3658
3528
3648
3402
3426
3638
3462
3624
3705
3488
3822
3940
3728
3569
3674
3550
3596
3539
3514
3451
3632
3511
3539
3566
3485
3528
3613
3394
3692
3719
3575
3519
3689
3640
3716
3736
3654
3766
3773
3603
3652
3628
3403
3444
3522
3369
3515
3653
3401
3515
3495
3492
3500
3677
3453
3526
3612
3692
3500
3694
3520
3487
3652
3508
3490
3572
3431
3571
3614
3380
3426
3560
3441
3423
3531
3416
3435
3630
3402
3660
3716
3537
3571
3609
3463
3716
3610
3414
3590
3522
3511
3504
3722
3601
3682
3821
3534
3849
3818
3680
3636
3832
3658
3844
3537
3632
3662
3758
3397
3441
3598
3677
3654
3707
3480
3661
3680
3609
3433
3634
3565
3480
3699
3543
3429
3676
3409
3631
3568
3472
3561
3636
3528
3670
3605
3544
3589
3753
3550
3732
3791
3579
3710
3713
3548
3543
3592
3428
3490
3824
3445
3679
3670
3474
3574
3662
3416
3697
3521
3575
3666
3686
3580
3642
3623
3538
3549
3671
3429
3562
3632
3536
3543
3596
3686
3666
3587
3440
3489
3804
3423
3520
3656
3574
3519
3639
3652
3590
3490
3475
3480
3806
3687
3633
3563
3518
3578
3607
3527
3523
3660
3468
3510
3725
3434
3562
3716
3643
3454
3712
3613
3534
3683
3446
3624
3635
3523
3574
3575
3477
3523
3637
3444
3487
3645
3486
3643
3687
3378
3555
3607
3557
3568
3762
3506
3595
3685
3433
3647
3772
3643
3618
3716
3497
3629
3717
3534
3558
3643
3540
3605
3599
3510
3558
3588
3704
3774
3657
3575
3501
3611
3552
3539
3555
3395
3501
3581
3422
3505
3657
3445
3628
3617
3485
3631
3622
3352
3511
3784
3533
3574
3715
3500
3737
3670
3515
3572
3708
3476
3691
3669
3554
3552
3639
3416
3570
3578
3506
3601
3708
3522
3651
3665
3517
3596
3806
3601
3545
3623
3606
3542
3720
3494
3580
3653
3489
3529
3789
3684
3556
3759
3609
3670
3785
3607
3682
3712
3519
3664
3732
3482
3624
3733
3619
3715
3624
3631
3597
3749
3684
3531
3768
3631
3668
3763
3502
3544
3748
3600
3519
3599
3616
3521
3716
3546
3694
3661
3596
3655
3678
3683
3656
3620
3581
3645
3677
3607
3449
3366
3484
3449
3396
3426
3506
3437
3463
3449
3243
3392
3499
3356
3387
3417
3479
3409
3556
3310
3391
3520
3388
3510
3505
3366
3394
3564
3278
3392
3554
3579
3449
3514
3374
3359
3562
3295
3411
3605
3389
3625
3567
3333
3514
3674
3437
3509
3677
3478
3408
3593
4476
3488
3555
3386
3456
3524
3557
3521
3554
3379
3349
3495
3532
3480
3704
3561
3603
3548
3483
3574
3478
3724
3528
3625
3348
3677
3549
3482
3464
3607
3486
3563
3696
3674
3735
3812
3365
3677
3754
3740
3738
3642
3495
3548
3609
3664
3525
3746
3537
3540
3734
3757
3716
3737
4029
3697
3799
3486
3451
3773
3658
3713
3832
3491
3819
3787
3731
3705
3673
3685
3588
3595
3510
3580
3647
3600
3633
3701
3498
3606
3583
3569
3586
3578
3494
3588
3556
3577
3475
3794
3426
3441
3541
3416
3610
3696
3463
3606
3652
3558
3747
3871
3674
3861
3690
3738
3616
3619
3372
3554
3736
3573
3724
3725
3505
3574
3643
3387
3568
3673
3541
3565
3586
3499
3587
3662
3459
3549
3560
3489
3444
3504
3488
3554
3625
3637
3514
3618
3501
3479
3636
3419
3565
3593
3487
3673
3540
3509
3510
3875
3680
3664
3696
3511
3657
3534
3461
3609
3623
3503
3616
3523
3529
3540
3532
3457
3515
3960
3471
3786
3438
3412
3595
3551
3560
3529
3633
3372
3599
3690
3471
3610
3587
3469
3488
3695
3473
3617
3542
3591
3758
3827
3833
3448
3785
3703
3566
3627
3769
3415
3546
3753
3813
3579
3688
3564
3608
3494
3441
3630
3599
3543
3750
3574
3763
3614
3550
3693
3574
3719
3591
3598
3502
3526
3609
3417
3449
3696
3408
3664
3760
3460
3590
3528
3457
3533
3586
3446
3466
3589
3588
3434
3682
3436
3634
3644
3428
3619
3634
3470
3498
3521
3690
3569
3560
3538
3518
3614
3524
3754
3640
3559
3643
3625
3507
3678
3600
3682
3677
3635
3464
3767
3529
3405
3617
3563
3881
3810
3617
3480
3622
3561
3534
3683
3629
3475
3529
3592
3449
3614
3691
3423
3608
3618
3381
3596
3627
3436
3562
3984
3522
3571
3646
3513
4006
3779
3653
3604
3625
3615
3604
4512
3549
3581
3689
3478
3704
3668
3435
3637
3784
3622
3589
3649
3685
3583
3626
3510
3581
3572
3483
3631
3798
3516
3591
3682
3555
3652
3653
3528
3840
3804
3563
3570
3668
3525
3604
3630
3489
3663
3628
3489
3599
3657
3501
3584
3693
3590
3643
3739
3518
3800
3642
3612
3550
3628
3506
3576
3649
3471
3643
3640
3524
3621
3650
3634
3725
3686
3612
3791
3794
3521
3701
3781
3546
3838
3821
3694
3696
3896
3831
3936
3831
3744
3729
3757
3732
3803
3585
3527
3571
3738
3628
3649
3726
3572
3585
3735
3719
3581
3600
3601
3757
3755
3680
3692
3447
3487
3672
3369
3527
3754
3492
3459
3555
3411
3465
3518
3399
3473
3540
3534
3461
3585
3425
3515
3577
3370
3410
3812
3644
3601
3624
3325
3448
3541
3413
3584
3668
3432
3571
3525
3335
3489
3534
3415
3451
3550
3359
3603
3625
3381
3524
3622
3455
3453
3610
3485
3436
3560
3494
3551
3674
3549
3456
3605
3358
3495
3491
3381
3499
3592
3344
3554
3569
3485
3524
3520
3532
3367
3419
3330
3560
3613
3519
3629
3639
3491
3542
3569
3478
3551
3652
3566
3601
3513
3498
3638
3542
3330
3726
3650
3441
3547
3725
3487
3566
3565
3492
3549
3654
3402
3438
3668
3411
3809
3794
3424
3661
3666
3393
3559
3582
3436
3618
3576
3457
3580
3522
3489
3562
3652
3472
3696
3725
3421
3837
3722
3577
3550
3685
3831
3589
3644
3615
3596
3718
3564
3613
3726
3550
3647
3639
3534
3630
3605
3460
3620
3696
3384
3534
3431
3683
3645
3729
3438
3582
3493
3402
3525
3719
3495
3485
3672
3546
3564
3673
3626
3741
3596
3648
3541
3590
3477
3487
3611
3572
3717
3756
3535
3673
3622
3534
3726
3782
3591
3637
3684
3540
3608
3670
3487
3544
3678
3653
3613
3674
3508
3602
3825
3629
3636
3630
3620
3479
3680
3563
3626
3570
3701
3613
3696
3467
3622
3647
3519
3550
3605
3464
3679
3744
3452
3595
3847
3688
3604
3711
3499
3526
3597
3511
3490
3657
3608
3523
3711
3537
3526
3614
3597
3617
3682
3512
3667
3659
3546
3651
3619
3680
3425
3777
3664
3576
3692
3538
3693
3544
3365
3474
3709
3628
3624
3724
3708
3742
3702
3585
3768
3708
3458
3487
3786
3586
3694
3744
3460
3786
3765
3489
3522
3803
3558
3705
3604
3645
3643
3737
3516
3593
3641
3474
3682
3683
3478
3672
3625
3779
3552
3656
3527
3793
3689
3563
3550
3572
3686
3776
3705
3626
3679
3638
3611
3575
3765
3691
3530
3788
3576
3634
3640
3734
3811
3711
3555
4552
3675
3640
3603
3613
3567
3667
3839
3612
3723
3794
3608
3640
3663
3572
3887
4077
3750
3816
3589
3596
3819
3567
3456
3649
3567
3572
3624
3767
3618
3656
3725
3560
3760
3715
3516
3790
3806
3572
3761
3884
3671
3721
3800
3658
3653
3598
3712
3696
3718
3541
3624
3725
3610
3707
3687
3565
3642
3689
3620
3742
3726
3632
3676
3760
3627
3643
3708
3663
3623
3789
3620
3700
3705
3625
3736
3762
3755
3709
3597
3482
3673
3700
3626
3727
3704
3593
3828
3799
3681
3677
3729
3670
3638
3740
3645
3693
3793
3686
3735
3778
3780
3601
3697
3718
3720
3838
3637
3687
3671
3605
3683
3736
3614
3656
3755
3663
3692
3753
3579
3730
3577
3581
3788
3900
3456
3748
3918
3516
3723
3923
3607
3738
3905
3715
3665
3801
3677
3740
3389
3457
3625
3480
3473
3625
3311
3277
3505
3441
3589
3561
3373
3428
3586
3414
3492
3526
3480
3622
3519
3425
3366
3608
3537
3590
3549
3634
3501
3495
3414
3603
3606
3505
3525
3535
3763
3583
3498
3312
3484
3606
3377
3468
3466
3469
3493
3725
3424
3822
3453
3447
3615
3583
3388
3469
3491
3465
3529
3653
3417
3415
3575
3352
3563
3494
3861
3704
3564
3508
3553
3703
3619
3512
3501
3757
3517
3632
3428
3661
3589
3384
3444
3635
3398
3574
3537
3289
3666
3828
3669
3413
3472
3442
3489
3519
3533
3863
3526
3527
3590
3526
3589
3622
3903
3632
3550
3911
3384
3506
3888
3519
3495
3557
3401
3417
3576
3394
3563
3623
3499
3442
3599
3430
3651
3535
3467
3687
3521
3386
3551
3666
3565
3575
3597
3473
3603
3674
3446
3648
3685
3414
3411
3502
3531
3550
3593
3463
3572
3666
3523
3597
3601
3396
3655
3634
3409
3609
3638
3496
3642
3755
3589
3609
3888
3579
3722
3714
3417
3539
3670
3467
3529
3674
3584
3685
3534
3391
3715
3749
3429
3653
3661
3473
3536
3629
3470
3528
3747
3431
3580
3670
3423
3495
3541
3498
3551
3729
3534
3523
3779
3569
3436
3637
3545
3585
3704
3539
3642
3594
3528
3745
3665
3589
3502
3543
3437
3464
3696
3504
3678
3714
3446
3718
3672
3449
3574
3693
3616
3685
3791
3631
3683
3772
3646
3697
3801
3502
3742
3729
3498
3538
3598
3575
3642
3643
3502
3590
3721
3715
3622
3701
3822
3804
3847
3750
3867
3920
3688
3771
3855
3755
3662
3696
3452
3687
3724
3603
3606
3583
3537
3631
3822
3529
3656
3731
3454
3542
3794
3546
3664
3567
3532
3564
3650
3496
3739
3692
3748
3711
3713
3607
3643
3691
3698
3676
3594
3660
3609
3625
3454
3813
3582
3532
3644
3614
3597
3839
3637
3676
3782
3799
3563
3562
3747
3508
3696
3811
3515
3709
3793
3469
3805
3790
3784
3876
3820
3635
3644
3853
3480
3544
3847
3461
3660
3750
3568
3857
3811
3637
3684
3647
3652
3692
3753
3635
3689
3655
3767
3685
3819
3626
3628
3746
3632
3809
3916
3811
3923
3885
3913
3723
3813
3802
3988
3973
3629
3934
3896
3759
3755
3862
3893
3716
3713
3747
3878
4074
3714
3872
3907
3787
3864
3823
3538
3655
3689
3793
3909
3925
3793
3997
3923
3848
3756
3934
3723
3715
3701
3575
3633
3829
3763
3865
3686
3722
3720
3740
3642
3768
3896
3760
3910
3859
3685
3683
3837
3841
3827
3967
3638
3630
3853
3871
3758
3888
3854
3991
3781
3860
3831
3897
3610
3888
3905
3520
3861
3806
3683
3655
3766
3678
3815
3935
3744
3708
3675
3727
3798
3887
3675
3869
3863
3759
3813
3862
3675
3677
3780
3711
3860
4028
3841
3813
3694
3680
3667
3438
3458
3559
3583
3592
3649
3458
3480
3744
3388
3719
3755
3618
3685
3710
3502
3634
3567
3552
3557
3567
3424
3789
3716
3509
3629
3713
3714
3715
3672
3463
3642
3673
3534
3565
3619
3472
3555
3712
3308
3637
3584
3516
3567
3598
3457
3608
3723
3554
3564
3579
3401
3491
3602
3516
3475
3564
3412
3464
3610
3516
3669
3571
3490
3455
3672
3403
3541
3590
3516
3659
3581
3526
3537
3548
3485
3409
3533
3326
3431
3546
3330
3441
3555
3420
3471
3634
3518
3544
3592
3411
3460
3451
3619
3582
3587
3522
3546
3626
3592
3501
3611
3485
3684
3421
3613
3660
3570
3569
3556
3730
3457
3552
3495
3549
3620
3450
3586
3572
3491
3399
3475
3499
3459
3678
3528
3516
3691
3419
3860
3782
3563
3485
3672
3494
3499
3591
3475
3432
3590
3437
3685
3481
3411
3420
3653
3441
3617
3750
3520
3418
3612
3424
3708
3620
3502
3492
3672
3444
3513
3611
3492
3579
3567
3437
3649
3641
3537
3495
3508
3469
3588
3702
3559
3526
3624
3449
3563
3480
3306
3406
3605
3441
3596
3487
3494
3563
3626
3640
3553
3614
3390
3506
3655
3454
3697
3532
3556
3453
3611
3468
3629
3735
3535
3593
3742
3415
3692
3630
3485
3557
3576
3559
3688
3688
3635
3693
3787
3481
3564
3679
3759
3662
3651
3674
3787
3817
3529
3689
3935
3513
3810
3584
3625
3675
3699
3502
3539
3740
3665
3729
3859
3670
3593
3693
3596
3554
3596
3479
3629
3687
3673
3552
3664
3482
3746
3833
3636
3608
3518
3369
3556
3556
3496
3598
3697
3578
3617
3655
3618
3601
3575
3633
3600
3638
3585
3746
3695
3592
3605
3684
3470
3653
3685
3576
3622
3500
3595
3551
3687
3571
3655
3830
3745
3598
3691
3554
3656
3683
3555
3619
3535
3522
3651
3667
3637
3544
3781
3533
3613
3673
3492
3625
3681
3633
3559
3701
3472
3539
3697
3551
3628
3776
3572
3655
3718
3559
3791
3742
3657
3529
3669
3587
3679
3693
3575
3572
3819
3516
3546
3669
3704
3665
3896
3433
3748
3666
4136
3621
3685
3536
3662
3827
3533
3669
3708
3502
3583
3754
3555
3628
3697
3470
3584
3703
3590
3517
3652
3762
3696
3851
3558
3664
3716
3521
3689
3719
3565
3657
3709
3608
3746
3661
3485
3619
3653
3640
3522
3762
3569
3722
3723
3732
3688
3766
3651
3504
3705
3502
3768
3771
3621
3764
3797
3804
3810
3776
3636
3697
3747
3557
3699
3864
3638
3743
3638
3706
3756
3639
3703
3491
3825
3621
3784
3738
3503
3778
3760
3512
3747
3834
3586
3758
3787
3566
3686
3805
3611
3580
3669
3575
3758
3712
3748
3661
3779
3675
3749
3831
3601
3733
3690
3698
3739
3662
3577
3637
3680
3572
3756
3937
3647
3665
3759
3616
3647
3401
3371
3411
3277
3438
3787
3433
3599
3499
3228
3469
3502
3382
3548
3475
3395
3703
3652
3462
3409
3562
3459
3644
3783
3603
3738
3632
3585
3460
3580
3608
3487
3597
3360
3472
3668
3632
3670
3762
3540
3707
3611
3455
3541
3752
3432
3526
3569
3497
3563
3616
3634
3573
3602
3575
3661
3773
3587
3708
3513
3468
3544
3627
3483
3579
3652
3567
3711
3713
3482
3662
3696
3421
3533
3697
3670
3483
3588
3555
3644
3577
3594
3637
3587
3519
3560
3741
3495
3526
3658
3631
3617
3579
3500
3533
3585
3413
3660
3582
3426
3550
3412
3528
3649
3674
3449
3781
3740
3537
3591
3635
3549
3629
3556
3425
3585
3624
3705
3560
3684
3552
3691
3683
3586
3710
3669
3505
3579
3636
3498
3632
3694
3712
3591
3590
3679
3684
3657
3543
3814
3720
3650
3543
3531
3530
3642
3629
3489
3559
3546
3388
3476
3533
3386
3469
3643
3363
3567
3509
3389
3522
3495
3447
3416
3558
3407
3532
3505
3400
3419
3545
3504
3449
3662
3545
3576
3601
3352
3464
3603
3555
3545
3629
3465
3442
3585
3371
3429
3515
3411
3696
3527
3424
3513
3547
3444
3595
3626
3488
3398
3526
3593
3502
3683
3400
3552
3717
3520
3487
3605
3475
3655
3681
3541
3569
3800
3550
3490
3728
3538
3459
3546
3477
3642
3658
3540
3569
3769
3580
3536
3618
3385
3664
3628
3416
3570
3692
3526
3598
3663
3486
3556
3618
3474
3494
3669
3463
3536
3631
3466
3522
3566
3598
3550
3670
3559
3549
3662
3477
3507
3660
3415
3574
3735
3373
3681
3543
3349
3644
3512
3536
3415
3710
3435
3514
3750
3566
3601
3684
3451
3620
3932
3708
3875
3848
3899
3737
3887
3651
3770
3845
3638
3720
3916
4340
3566
3612
3409
3611
3617
3506
3562
3743
3571
3648
3744
3487
3817
3542
3536
3506
3773
3864
3790
3529
3597
3577
3796
3511
3584
4090
3776
3855
4042
3707
4017
3677
3544
3700
3789
3631
3541
3651
3587
3701
3743
3669
3792
3745
3801
3697
3635
3718
3844
3842
3699
3673
3728
3536
3649
3699
3634
3674
3714
3451
3619
3680
3455
3632
3622
3538
3672
3763
3697
3752
3791
3678
3733
3738
3486
3641
3764
3664
3667
3911
3633
3707
3591
3532
3552
3552
3567
3567
3788
3653
3616
3616
3572
3675
3658
3714
3773
3600
3703
3738
4071
3634
3818
3763
3613
3605
3717
3665
3723
3841
3629
3877
3805
3805
3722
3786
3638
3896
3869
3921
3930
4036
3550
3709
3768
3547
3645
3733
3658
4282
3888
3556
3649
3726
3439
3771
3785
3638
3584
3657
3609
3715
3820
3586
3656
3695
3613
3757
3630
3702
3591
3772
3570
3681
3839
3626
3677
3797
3758
3679
3895
3852
3907
4039
3778
3772
3870
3917
3979
3530
3908
3685
3602
3561
3523
3246
3610
3625
3322
3419
3512
3385
3442
3582
3349
3473
3516
3333
3425
3415
3448
3487
3545
3392
3439
3586
3346
3468
3624
3468
3516
3549
3601
3763
3578
3359
3655
3618
3532
3484
3622
3580
3497
3457
3403
3462
3520
3501
3317
3450
3451
3680
3601
3522
3490
3546
3482
3498
3704
3446
3488
3509
3486
3703
3492
3373
3663
3529
3562
3439
3640
3540
3594
3569
3434
3613
3649
3424
3641
3708
3475
3521
3621
3734
3493
3555
3449
3541
3645
3417
3583
3724
3579
3551
3614
3464
3578
3546
3474
3487
3604
3449
3521
3491
3393
3381
3540
3367
3572
3708
3537
3679
3671
3458
3527
3596
3328
3425
3684
3404
3460
3663
3331
3345
3563
3385
3524
3610
3337
3409
3670
3476
3471
3695
3406
3553
3638
3355
3586
3642
3471
3564
3752
3405
3516
3584
3476
3500
3676
3471
3566
3623
3470
3501
3528
3493
3549
3607
3363
3459
3608
3374
3425
3521
3480
3522
3698
3447
3481
3627
3434
3571
3656
3528
3392
3552
3560
3445
3622
3486
3515
3652
3649
3672
3709
3469
3908
3978
4048
3904
4092
3463
3652
3649
3533
3588
3801
3518
3767
3745
3537
3619
3761
3489
3632
3658
3469
3595
4013
3913
3920
3904
3887
3806
3898
3759
3773
3881
4020
3566
3629
3616
3562
3638
3737
3503
3579
3420
3677
3736
3591
3670
3739
3518
3672
3618
3467
3596
3718
3591
3586
3802
3531
3637
3723
3544
3743
3764
3836
3699
3791
3548
3752
3737
3501
3596
3654
3431
3546
4043
3561
4156
3992
3846
4093
3831
3684
3560
3675
3555
3632
3711
3568
3658
3586
3626
3553
3757
3629
3681
3604
3619
3933
4042
3867
3760
3810
3541
3524
3678
3540
3615
3822
3541
3620
3775
3538
3536
3642
3606
3728
3668
3852
3803
3717
3508
3679
3700
3717
3790
3768
3717
3733
3777
3632
3762
3764
3610
3701
3843
3694
3972
3932
3782
3843
3792
3661
3691
3765
3784
3757
3837
3643
3743
3853
3531
3876
3727
3655
3717
3597
3691
3817
3588
3630
3725
3745
3474
3647
3852
3561
3684
3766
3508
3625
3696
3517
3522
3855
3665
3658
3631
3644
3612
3733
3486
3760
3590
3408
3579
3727
3623
3657
3837
3794
3689
3756
3682
3636
3578
3547
3718
3643
3504
3805
3709
3659
3845
3847
3606
3626
3724
3680
3636
3798
3613
3768
3753
3461
3554
3712
3618
3613
3790
3633
3799
3663
3595
3699
3792
3734
3719
3688
3704
3614
3620
3598
3599
3732
3494
3609
3591
3608
3630
3694
3595
3499
3629
3432
3662
3683
3583
3686
3609
3710
3769
3786
3705
3633
3656
3595
3687
3745
3587
3494
3622
3671
3743
3724
3442
3676
3761
3569
3583
3753
3647
3952
3943
3852
3910
3766
3621
3618
3611
3706
3755
3817
3798
3582
3445
3417
3628
3283
3392
3439
3438
3446
3580
3338
3413
3559
3312
3517
3679
3666
3583
3623
3845
3792
3626
3582
3585
3564
3547
3586
3772
3548
3606
3752
3588
3662
3756
3550
3562
3604
3569
3595
3712
3446
3456
3597
3556
3538
3481
3472
3496
3638
3483
3488
3468
3461
3418
3606
3576
3661
3632
3618
3441
3563
3526
3499
3702
3555
3447
3541
3377
3561
3614
3434
3592
3651
3337
3540
3698
3552
3508
3651
3456
3574
3605
3777
3637
3598
3414
3577
3640
3394
3589
3601
3465
3548
3635
3468
3552
3539
3484
3475
3593
3517
3440
3596
3353
3474
3601
3477
3510
3632
3567
3543
3573
3573
3542
3538
3401
3535
3636
3386
3465
3664
3525
3570
3756
3377
3420
3569
3623
3418
3854
3401
3438
3642
3481
3666
3528
3437
3414
3427
3496
3328
3460
3501
3477
3471
3488
3781
3771
3615
3411
3516
3466
3506
3654
3505
3576
3650
3487
3595
3620
3492
3738
3651
3401
3545
3597
3500
3397
3557
3564
3469
3514
3409
3587
3476
3607
3521
3573
3382
3385
3549
3376
3634
3661
3466
3671
3578
3599
3566
3573
3520
3573
3692
3578
3651
3515
3468
3545
3553
3483
3551
4395
3483
3481
3724
3478
3622
3629
3408
3509
3658
3397
3571
3684
3455
3603
3572
3485
3614
3589
3397
3514
3689
3399
3632
3587
3437
3597
3699
3409
3639
3806
3500
3550
3591
3548
3542
3653
3471
3537
3549
3554
3632
3826
3543
3578
3574
3625
3554
3658
3778
3716
3599
3620
3590
3690
3496
3481
3673
3507
3643
3666
3462
3578
3575
3564
3515
3679
3542
3503
3562
3545
3566
3708
3500
3598
3655
3454
3614
3502
3409
3615
3694
3466
3529
3650
3433
3543
3677
3470
3596
3731
3464
3620
3567
3411
3629
3686
3412
3466
3502
3498
3610
3853
3496
3576
3675
3455
3514
3597
3350
3631
3590
3578
3638
3680
3553
3476
3583
3671
3663
3697
3617
3583
3725
3456
3625
3693
3477
3550
3690
3555
3672
3740
3735
3613
3737
3481
3579
3789
3636
3543
3639
3379
3616
3607
3539
3646
3619
3487
3623
3643
3509
3551
3685
3527
3637
3688
3526
3762
3652
3529
3502
3802
3560
3592
3737
3516
3558
3765
3638
3681
3742
3592
3587
3682
3633
3525
3768
3425
3554
3613
3590
3733
3736
3542
3570
3693
3527
3531
3709
3631
3656
3752
3577
3616
3617
3526
3585
3604
3722
3644
3761
3710
3943
4042
3875
3951
4045
3836
3985
4102
3921
3660
3795
3638
3580
3744
3565
3595
3741
3670
3596
3742
3628
3728
3759
3635
3597
3723
3788
3729
3834
4017
4082
4003
3966
4014
4017
3997
4113
4156
3935
4002
4000
3882
3969
3867
3864
3903
3950
3931
3786
3950
3916
3835
3921
3764
4005
3943
3830
3662
3761
3646
3829
3755
3558
3639
3569
3862
4013
3647
3763
4019
3863
3516
3570
3416
3690
3471
3560
3744
3687
3724
3617
3530
3568
3499
3736
3604
3640
3812
3566
3548
3965
3761
3712
3760
3835
3561
3862
3543
3667
3441
3425
3632
3565
3474
3434
3519
3410
3714
3497
3491
3576
3568
3408
3488
3527
3474
3683
3637
3458
3532
3674
3714
3715
3693
3663
3821
3944
3745
3565
3697
3456
3611
3577
3557
3496
3570
3729
3751
3915
3661
3549
3633
3426
3525
3660
3476
3659
3558
3462
3577
3604
3389
3473
3554
3584
3529
3586
3350
3507
3663
3534
3471
3647
3446
3502
3635
3429
3572
3630
3539
3596
3643
3533
3513
3960
3820
3959
3593
3468
3482
3562
3413
3495
3446
3427
3585
3509
3490
3766
3655
3506
3572
3536
3506
3610
3636
3428
3605
3663
3732
3681
3751
3754
3547
3575
3553
3715
3627
3542
3637
3661
3655
3623
3629
3393
3561
3586
3326
3617
3675
3626
3467
3673
3510
3441
3648
3518
3628
3651
3678
3554
3595
3599
3547
3548
3549
3673
3572
3544
3672
3645
3526
3536
3548
3373
3668
3791
3539
3664
3587
3526
3550
3569
3493
3547
3721
3403
3607
3647
3481
3543
3627
3483
3495
3623
3487
3691
3697
3503
3610
3596
3473
3561
3607
3419
3650
3500
3559
3577
3648
3734
3502
3703
3508
3537
3636
3674
3545
3654
3767
3791
3689
3730
3663
3601
3474
3562
3531
3540
3644
3717
3392
3730
3837
3666
3648
3564
3528
3519
3603
3608
3565
3729
3589
3543
3709
3528
3509
3757
3654
3705
3671
3586
3583
3700
3671
3663
3599
3448
3532
3707
3554
3776
3777
3448
3546
3741
3476
3496
3754
3629
3570
3569
3430
3619
3634
3600
3620
3762
3493
3644
3616
3511
3594
3685
3556
3632
3781
3581
3622
3767
3506
3550
3709
3555
3656
3788
3550
3767
3726
3480
3658
3679
3427
3595
3612
3447
3535
3672
3535
3668
3601
3541
3628
3679
3711
3868
3801
3799
3730
3900
3750
3725
3861
3573
3691
3664
3585
3668
3779
3654
3546
3859
3718
3705
3638
3584
3596
3817
3525
3628
3792
3557
3619
3648
3505
3518
3648
3475
3669
3737
3506
3716
3594
3607
3539
3602
3508
3687
3729
3700
3540
3611
3513
3599
3627
3680
3796
3852
3674
3686
3738
3654
3645
3572
3601
3806
3956
3566
3656
3804
3516
3794
3778
3688
3761
3718
3540
3858
3976
3633
3648
3667
3732
3756
3701
3468
3779
3662
3744
3820
3740
3565
3689
3785
3818
3725
3738
3734
3709
3700
3642
3632
3696
3567
3630
3905
3752
3798
3920
3649
3689
3757
3708
3678
3712
3775
3764
3752
3817
3852
3787
3657
3616
3617
3593
3789
3867
3821
3698
3773
3654
3676
3773
3557
3814
3796
3545
3642
3807
3529
3667
3680
3482
3673
3959
3443
3542
3852
3529
3456
3500
3516
3460
3348
3437
3471
3314
3426
3603
3386
3445
3356
3377
3544
3518
3365
3458
3538
3420
3386
3517
3415
3371
3538
3452
3362
3546
3407
3414
3545
3332
3390
3557
3379
3509
3554
3414
3563
3468
3412
3376
3521
3487
3396
3456
3341
3543
3625
3617
3663
3462
3462
3524
3557
3296
3383
3578
3518
3635
3615
3399
3430
3619
3365
3445
3621
3630
3432
3450
3394
3596
3684
3444
3470
3740
3532
3604
3727
3478
3547
3529
3450
3582
3555
3493
3396
3572
3567
3584
3715
3455
3451
3703
3530
3616
3795
3538
3588
3785
3713
3707
3700
3725
3787
3756
3668
3738
3793
3805
3750
3713
3459
3672
3639
3479
3563
3603
3519
3735
3610
3535
3557
3520
3408
3867
3872
3833
3800
3662
3576
3766
3711
3373
3568
3622
3464
3593
3703
3503
3527
3592
3415
3553
3647
3451
3566
3575
3505
3552
3706
3417
3538
3689
3474
3560
3647
3502
3523
3600
3499
3621
3614
3513
3572
3626
3421
3503
3524
3503
3575
3603
3650
3553
3642
3498
3540
3639
3522
3651
3542
3480
3602
3639
3532
3624
3749
3499
3845
3903
3568
3566
3789
3540
3674
3651
3475
3610
3684
3607
3592
3577
3392
3596
3530
3398
3606
3637
3385
3556
3639
3458
3504
3606
3356
3505
3675
3537
3638
3660
3641
3575
3608
3634
3494
3683
3539
3591
3636
3531
3586
3627
3444
3529
3621
3653
3621
3571
3692
3702
3689
3461
3524
3648
3553
3636
3646
3424
3459
3564
3527
3685
3545
3516
3569
3557
3580
3597
3741
3427
3608
3709
3542
3594
3656
3347
3586
3817
3572
3674
3668
3561
3655
3778
3430
3659
3710
3498
3537
3672
3376
3553
3639
3481
3637
3563
3540
3544
3746
3567
3633
3590
3409
3459
3731
3702
3755
3772
3547
3816
3848
3598
3637
3640
3602
3613
3591
3577
3563
3747
3543
3533
3633
3500
3632
3656
3680
3580
3714
3532
3752
3696
3734
3752
3755
3564
3637
3786
3466
3707
3730
3562
3598
3654
3593
3597
3783
3556
3709
3795
3517
3714
3730
3647
3541
3679
3656
3641
3777
3616
3733
3690
3555
3630
3765
3690
3747
3654
4000
3815
3881
3747
3553
3869
3785
3762
3720
3553
3694
3817
3536
3777
3804
3739
3807
3832
3787
3650
3773
3734
3667
3925
3755
3958
3858
3578
3771
3917
3698
3800
3777
3689
3683
3701
3734
3801
3925
3639
3677
3660
3515
3703
3783
3650
3715
3869
3676
3643
3732
3685
3693
3857
3658
3631
3734
3697
3723
3798
3559
3737
3716
3782
3585
3728
3578
3778
3890
3667
3770
3642
3616
3654
3869
3563
3641
3715
3599
3721
3756
3759
3667
3919
3538
3792
3933
3614
3671
3729
3619
3879
3737
3754
3940
3907
3753
3723
3830
3719
3840
3767
3623
3702
3771
3714
3812
3368
3671
3485
3420
3520
3571
3473
3530
3449
3356
3586
3441
3540
3609
3769
3324
3563
3666
3535
3648
3636
3305
3491
3613
3399
3695
3659
3537
3565
3566
3538
3566
3682
3494
3722
3552
3352
3476
3586
3414
3594
3544
3387
3941
4004
3849
3923
3773
3685
3826
3566
3423
3515
3516
3498
3643
3662
3587
3488
3628
3451
3385
3623
3445
3692
3722
3540
3609
3759
3441
3415
3564
3475
3480
4005
3755
3790
3951
3701
3741
3626
3409
3591
3682
3649
3540
3576
3594
3758
3721
3633
3656
3755
3413
3560
3650
3541
3607
3607
3484
3524
3525
3400
3565
3661
3450
3567
3583
3598
3653
3534
3548
3445
3653
3514
3561
3654
3387
3547
3631
3611
3653
3707
3636
3620
3646
3552
3564
3634
3666
3646
3601
3535
3554
3648
3455
3716
3601
3465
3444
3517
3555
3460
3517
3523
3549
3688
3554
3670
3629
3430
3657
3592
3533
3567
3664
3521
3641
3599
3672
3635
3781
3508
3560
3840
3525
3533
3645
3504
3628
3696
3450
3691
3609
3431
3520
3636
3467
3583
3683
3440
3441
3527
3545
3560
3726
3454
3673
3750
3501
3538
3564
3489
3780
3720
3580
3704
3679
3452
3593
3815
3680
3572
3749
3520
3523
3716
3610
3638
3618
3656
3563
3833
3668
3598
3586
3528
3689
3748
3568
3851
3621
3711
3818
3684
3582
3592
3645
3573
3619
3587
3599
3562
3664
3551
3617
3817
3578
3672
3538
3726
3597
3679
3616
3645
3850
3504
3551
3612
3449
3722
3699
3537
3620
3668
3556
3498
3775
3651
3761
3835
3524
3545
3667
3517
3779
3675
3570
3611
3682
3521
3644
3739
3549
3693
3797
3665
3700
3834
3572
3528
3696
3590
3651
3727
3619
3722
3730
3440
4971
3780
3671
3643
3807
3598
3694
3855
3991
3966
3909
3803
3959
3693
3701
3749
3909
3524
3744
3550
3560
3589
3776
3509
3802
3785
3676
3532
3615
3433
3654
3692
3530
3766
3749
3585
3713
3671
3608
3574
3690
3528
3841
3701
3629
3693
3832
3734
3931
3844
3778
3822
3579
3648
3845
3733
3678
3758
3758
3535
3766
3620
3789
3888
3814
3577
3692
3660
3599
3655
3760
3800
3873
3854
3751
3793
3885
3779
3849
3811
3858
3717
3817
3861
3607
4029
3874
3677
3762
3635
3649
3738
3663
3672
3890
3541
3742
3810
3561
3666
3798
3623
3799
3747
3627
3768
3778
3614
3678
3689
3546
3520
3770
3667
3628
3731
3679
3619
3830
3592
3714
3870
3635
3536
3880
3604
3592
3685
3712
3630
3742
3729
3629
3608
3609
3730
3771
3583
3646
3675
3579
3725
3764
3715
3811
3758
3804
3810
4024
3639
3799
3889
3770
3641
3805
3774
3740
3793
3635
3688
3741
3701
3854
4018
3853
3690
3944
3712
3868
3800
3611
3833
3840
3805
3636
3837
3822
3553
3398
3488
3542
3472
3717
3500
3585
3415
3670
3423
3462
3582
3338
3406
3699
3463
3604
3698
3464
3514
3433
3400
3551
3518
3391
3485
3594
3515
3628
3612
3452
3500
3691
3633
3477
3557
3483
3546
3636
3403
3500
3431
3491
3531
3718
3619
3669
3805
3680
3699
3674
3584
3491
3683
3557
3413
3592
3520
3769
3486
3432
3391
3661
3438
3665
3576
3463
3591
3699
3328
3529
3591
3471
3625
3644
3533
3571
3759
3725
3659
3636
3465
3484
3544
3561
3492
3773
3519
3654
3649
3603
3569
3584
3474
3511
3586
3530
3581
3683
3520
3517
3586
3524
3458
3686
3499
3479
3599
3660
3620
3647
3556
3582
3564
3304
3437
3575
3682
3532
3588
3423
3537
3689
3572
3553
3596
3469
3558
3713
3526
3526
3596
3540
3602
3747
3612
3647
3837
3527
3560
3747
3594
3707
3736
3524
3521
3640
3517
3571
3683
3454
3542
3628
3410
3493
3716
3527
3469
3639
3465
3499
3635
3668
3426
3561
3508
3545
3663
3525
3612
3563
3453
3369
3550
3468
3725
3777
3457
3561
3694
3368
3443
3629
3459
3668
3703
3494
3467
3529
3409
3966
3919
3717
3811
3669
3545
3645
3783
3667
3621
3678
3519
3586
3744
3520
3566
3634
3660
3650
3624
3593
3612
3676
3613
3561
3712
3501
3627
3733
3545
3791
3733
3576
3541
3802
3492
3628
3772
3597
3664
3699
3541
3688
3694
3425
3617
3575
3535
3484
3593
3441
3456
3670
3452
3512
3581
3550
3566
3720
3497
3560
3775
3576
3554
3698
3569
3705
3623
3613
3747
3557
3617
3641
3704
3575
3605
3701
3674
3634
3832
3588
3625
3695
3458
3739
3859
3627
3615
3862
3574
3577
3806
3849
3532
3817
3585
3576
3572
3592
3857
3961
3614
3699
3825
3617
3586
3828
3823
3741
3879
3638
3651
3814
3648
3800
3835
3754
3733
3886
3787
3768
3892
3732
3709
3761
3615
3633
3825
3668
3770
3852
3727
3885
3763
3784
3810
3926
3859
3885
3853
3744
3624
3893
3599
3754
3810
3631
3931
3814
3690
3848
3800
3871
3790
3899
3828
3835
3879
3770
3623
3672
3495
3701
3770
3628
3696
3821
3815
3537
3788
3596
3726
3816
3643
3699
3774
3638
3600
3749
3731
3668
3744
3799
3705
3796
3640
3774
3845
3709
3747
3791
3721
3791
4057
3731
3736
3918
3731
3683
3765
3567
3835
3905
3866
3579
3762
3834
3708
3747
3694
3631
3704
3707
3789
3810
3766
3659
3770
3809
3609
3631
3656
3538
3748
3640
3637
3775
3645
3679
3804
3566
3599
3698
3617
3744
3927
3517
3742
3859
3895
3922
3955
3651
3811
3915
3731
3805
3790
3735
3912
3964
3731
4012
3986
3866
3746
3839
3920
3884
3959
3906
3789
3900
3857
3835
3760
3638
3754
3822
3625
3714
3897
3878
3675
3888
3844
3860
3586
3670
3701
3735
3659
3689
3516
3563
3767
3532
3767
3739
3419
3558
3504
3445
3645
3861
3546
3653
3622
3406
3554
3557
3587
3524
3730
3532
3758
3661
3566
3587
3720
3357
3372
3547
3407
3533
3458
3346
3644
3531
3281
3480
3513
3452
3498
3710
3643
3452
3695
3723
3632
3541
3545
3511
3613
3416
3513
3636
3548
3594
3667
3524
3524
3520
3510
3391
3558
3433
3616
3484
3529
3401
3618
3499
3557
3606
3514
3565
3618
3529
3552
3753
3563
3576
3846
3398
3625
3670
3669
3729
3772
3353
3522
3691
3537
3537
3621
3534
3727
3752
3663
3724
3715
3630
3461
3621
3476
3614
3504
3714
3630
3624
3349
3530
3645
3471
3500
3713
3415
3468
3575
3363
3592
3552
3444
3616
3743
3515
3552
3676
3561
3804
3665
3729
3541
3677
3548
3648
3664
3619
3527
3679
3567
3511
3612
3522
3679
3685
3580
3602
3640
3606
3659
3603
3621
3423
3866
3493
3451
3734
3523
3490
3492
3411
3537
3769
3400
3511
3644
3610
3534
3731
3603
3559
3527
3531
3619
3677
3463
3520
3698
3513
3530
3605
3510
3502
3729
3525
3592
3647
3502
3584
3614
3487
3657
3807
3635
3611
3618
3553
3759
3643
3662
3585
3586
3575
3668
3519
3639
3528
3699
3525
3584
3790
3432
3797
3646
3535
3712
3651
3651
3623
3717
3402
3667
3629
3476
3612
3645
3501
3698
3695
3560
3656
3658
3476
3613
3665
3775
3622
3718
3669
3770
3688
3624
3709
3717
3561
3779
3760
4019
3600
3742
3664
3613
3802
3692
3724
3626
3591
3572
3719
3607
3586
3666
3525
3523
3727
3759
3736
3837
3727
3741
3761
3684
3648
3771
3651
3803
3796
3475
3714
3899
3510
3833
3578
3737
3684
3770
3559
3568
3617
3562
3669
3822
3681
3825
3861
3728
3804
3739
3968
3776
3822
3706
3685
3786
3700
3711
3731
3658
3700
3665
3482
3633
3778
3529
3691
3709
3510
3714
3717
3715
3665
3791
3671
3649
3808
3578
3740
3812
3565
3623
3753
3605
3722
3684
3594
3731
3835
3540
3743
3728
3533
3552
3683
3543
3736
3741
3688
3701
3758
3773
3734
3741
3604
3741
3834
3692
3725
3823
3647
3739
3840
3594
3750
3804
3787
3834
3824
3672
3681
3621
3437
3664
3696
3465
3582
3677
3613
3613
3702
3659
3804
3687
3514
3692
3721
3765
3658
3651
3631
3536
3687
3619
3637
3593
3430
3748
3746
3591
3721
3651
3500
3516
3775
3658
3575
3849
3562
3603
3747
3555
3597
3599
3533
3558
3660
3606
3613
3751
3640
3738
3658
3619
3622
3766
3605
3526
3720
3511
3652
3638
3546
3593
3698
3442
3641
3768
3559
3548
3819
3604
3622
3807
3566
3664
3695
3657
3644
3790
3600
3653
3696
3560
3599
3766
3572
3762
3803
3552
3719
3773
3625
3750
3356
3355
3725
3333
3498
3576
3361
3328
3451
3426
3445
3422
3360
3375
3594
3406
3420
3562
3530
3401
3432
3198
3364
3441
3290
3381
3417
3489
3268
3554
3345
3323
3461
3426
3422
3563
3419
3469
3469
3357
3499
3597
3406
3484
3556
3387
3488
3496
3293
3392
3481
3421
3482
3510
3289
3507
3540
3401
3357
3460
3422
3440
3462
3260
3496
3579
3425
3463
3504
3439
3405
3613
3461
3406
3474
3449
3460
3582
3352
3431
3537
3458
3378
3654
3464
3589
3666
3422
3440
3714
3478
3411
3493
3326
3382
3457
3350
3407
3545
3360
3524
3579
3367
3408
3544
3368
3490
3498
3424
3504
3457
3440
3467
3594
3446
3487
3469
3409
3377
3477
3434
3391
3528
3382
3448
3628
3344
3437
3505
3331
3424
3583
3320
3467
3475
3422
3602
3626
3387
3485
3608
3412
3464
3517
3377
3417
3679
3324
3500
3652
3431
3619
3693
3304
3584
3552
3658
3615
3655
3456
3539
3682
3413
3475
3549
3440
3629
3524
3332
3521
3531
3317
3422
3576
3446
3364
3618
3386
3456
3580
3461
3568
3641
3382
3411
3542
3367
3549
3634
3506
3627
3527
3409
3643
3661
3461
3639
3576
3504
3469
3571
3452
3539
3549
3472
3548
3772
3490
3523
3655
3413
3427
3563
3365
3600
3541
3413
3435
3699
3384
3471
3629
3369
3440
3587
3372
3430
3532
3526
3459
3746
3500
3542
3768
3584
3621
3668
3411
3580
3651
3438
3395
3539
3462
3600
3506
3503
3519
3858
3626
3575
3615
3446
3510
3584
3752
3631
3569
3556
3654
3726
3468
3481
3685
3597
3721
3683
3445
3675
3553
3638
3457
3660
3379
3424
3649
3534
3587
3536
3454
3604
3724
3593
3697
3780
3693
3702
3672
3699
3912
3634
3528
3657
3625
3566
3644
3837
3506
3836
3684
3667
3741
3746
3759
3729
3576
3451
3639
3613
3446
3679
3714
3587
3704
3607
3566
3877
3736
3531
3594
3758
3435
3565
3622
3593
3622
3614
3733
3620
3703
3781
3658
3835
3543
3603
3760
3521
3650
3742
3495
3478
3643
3480
3651
3775
3586
3661
3703
3655
3568
3777
3440
3470
3734
3570
3572
3689
3488
3673
3698
3508
3604
3705
3441
3636
3688
3623
3563
3761
3648
3665
3680
3420
3585
3831
3638
3547
3675
3604
3634
3576
3556
3626
3743
3533
3644
3702
3539
3594
3657
3600
3633
3693
3672
3556
3710
3512
3711
3756
3682
3676
3760
3612
3805
3794
3625
3830
3798
3750
3637
3813
3569
3772
3697
3473
3576
3771
3632
3761
3874
3572
3683
3812
3693
3847
3693
3639
3700
3776
3710
3824
3870
3709
3710
3804
3485
3646
3732
3425
3644
3668
3493
3575
3658
3639
3511
3781
3589
3700
3713
3620
3648
3817
3692
3862
3689
3644
3714
3912
3765
3659
3800
3625
3684
3659
3526
3715
3453
3376
3578
3308
3474
3578
3491
3510
3564
3397
3523
3689
3393
3544
3671
3415
3530
3624
3423
3499
3797
3427
3490
3596
3577
3595
3724
3600
3556
3711
3451
3579
3580
3395
3457
3605
3452
3624
3642
3466
3448
3605
3289
3544
3610
3516
3382
3598
3389
3431
3556
3461
3596
3598
3415
3474
3546
3465
3396
3463
3538
3583
3524
3416
3432
3555
3499
3395
3580
3468
3431
3608
3415
3557
3724
3471
3490
3565
3400
3511
3630
3530
3448
3625
3497
3528
3810
3539
3604
3569
3555
3662
3582
3556
3521
3527
3481
3516
3601
3471
3568
3685
3620
3746
3779
3447
3466
3640
3347
3568
3715
3444
3558
3644
3480
3545
3659
3519
3620
3736
3398
3574
3646
3456
3690
3675
3472
3597
3656
3528
3598
3590
3440
3687
3746
3516
3676
3672
3514
3632
3610
3701
3663
3607
3533
3502
3665
3430
3600
3662
3525
3511
3637
3459
3623
3638
3502
3514
3593
3471
3644
3510
3557
3519
3702
3505
3488
3650
3360
3578
3754
3354
3570
3617
3410
3464
3525
3400
3470
3613
3473
3400
3639
3525
3607
3551
3588
3658
3722
3353
3489
3511
3435
3450
3683
3451
3482
3603
3457
3532
3683
3422
3614
3567
3598
3509
3668
3559
3673
3644
3500
3504
3631
3593
3685
3628
3497
3548
3690
3586
3656
3651
3501
3530
3704
3629
3684
3702
3396
3628
3611
3510
3690
3729
3517
3447
3667
3498
3611
3702
3471
3545
3517
3503
3663
3683
3390
3641
3781
3425
3644
3669
3502
3613
3675
3404
3594
3619
3377
3514
3642
3480
3540
3710
3503
3601
3692
3425
3560
3593
3388
3552
3568
3418
3523
3653
3367
3675
3623
3551
3640
3668
3550
3722
3764
3521
3590
3574
3519
3534
3692
3734
3738
3866
3838
3693
3848
3795
3788
3945
3791
3765
3698
3699
3580
3718
3602
3746
3602
3736
3822
3799
3638
3669
3861
3695
3773
3820
3757
3942
3980
3699
3734
3715
3536
3619
3710
3611
3597
3698
3435
3669
3699
3451
3478
3684
3575
3828
3773
3586
3558
3662
3548
3779
3690
3714
3707
3575
3559
3760
3731
3452
3757
3642
3612
3820
3645
3820
3610
3689
3427
3657
3660
3654
3544
3797
3552
3658
3693
3576
3600
3734
3507
3640
3741
3535
3764
3793
3577
3706
3634
3609
3804
3790
3495
3652
3906
3578
3774
3601
3538
3679
3712
3718
3517
3946
3777
3791
3788
3401
3581
3732
3665
3696
3739
3617
3587
3738
3572
3600
3775
3772
3763
3827
3705
3742
3817
3685
3718
3662
3509
3648
3771
3488
3610
3786
3616
3754
3737
3636
3635
3844
3520
3744
3657
3678
3661
3777
3597
3734
3753
3649
3671
3784
3620
3705
3845
3501
3745
3619
3697
3559
3803
3676
3880
3869
3586
3681
3741
3526
3678
3748
3670
3790
3749
3654
3567
3461
3584
3534
3387
3478
3749
3529
3423
3641
3358
3499
3531
3436
3469
3693
3452
3398
3503
3409
3582
3609
3490
3527
3553
3420
3503
3541
3434
3523
3513
3493
3476
3502
3400
3468
3692
3585
3481
3512
3490
3621
3718
3619
3738
3543
3561
3431
3546
3620
3446
3576
3543
3526
3671
3480
3492
3588
3485
3510
3528
3491
3541
3610
3459
3478
3643
3490
3637
3572
3450
3623
3670
3547
3547
3652
3453
3567
3650
3412
3407
3580
3519
3421
3604
3687
3507
3563
3404
3571
3585
3319
3520
3557
3640
3563
3444
3414
3449
3616
3339
3579
3595
3352
3427
3469
3649
3509
3575
3386
3536
3603
3859
3552
3769
3439
3540
3786
3489
3545
3558
3393
3617
3644
3368
3540
3689
3478
3420
3520
3251
3587
3703
3495
3620
3650
3380
3526
3639
3511
3635
3546
3595
3556
3712
3459
3429
3554
3461
3525
3595
3367
3519
3526
3377
3400
3472
4252
3595
3549
3379
3478
3631
3474
3456
3594
3382
3491
3539
3550
3574
3752
3641
3651
3702
3487
3497
3581
3563
3546
3613
3431
3560
3641
3403
3550
3586
3339
3443
3468
3522
3591
3701
3491
3510
3655
3367
3606
3659
3452
3573
3553
3420
3446
3547
3416
3518
3624
3377
3417
3514
3330
3461
3509
3456
3471
3582
3398
3579
3487
3440
3543
3499
3354
3453
3505
3362
3581
3674
3515
3455
3643
3468
3564
3577
3517
3379
3737
3424
3514
3741
3341
3452
3561
3511
3549
3672
3391
3540
3533
3379
3478
3681
3436
3565
3649
3415
3578
3659
3366
3451
3581
3593
3621
3800
3650
3469
3751
3405
3530
3539
3513
3653
3655
3467
3565
3686
3569
3602
3724
3649
3739
3693
3602
3502
3790
3585
3617
3598
3565
3529
3739
3507
3535
3606
3487
3554
3721
3494
3487
3592
3608
3581
3735
3498
3536
3649
3493
3705
3726
3649
3663
3727
3479
3652
3710
3504
3582
3732
3488
3713
3709
3592
3565
3743
3724
3565
3768
3514
3639
3702
3475
3568
3699
3515
3557
3563
3434
3639
3696
3532
3627
3720
3511
3607
3707
3648
3635
3747
3530
3597
3773
3642
3584
3747
3588
3698
3853
3610
3660
3802
3587
3605
3754
3519
3566
3783
3572
3598
3789
3639
3526
3741
3704
3629
3622
3433
3490
3690
3529
3532
3697
3466
3583
3628
3403
3642
3768
3525
3495
3668
3427
3465
3577
3388
3669
3720
3638
3489
3565
3559
3612
3774
3423
3539
3745
3437
3502
3729
3572
3702
3638
3565
3600
3778
3441
3651
3685
3420
3539
3832
3621
3647
3749
3457
3507
3717
3552
3630
3690
3533
3635
3736
3537
3517
3709
3661
3607
3752
3461
3600
3716
3503
3490
3656
3486
3639
3716
3476
3674
3883
3555
3627
3774
3593
3661
3788
3524
3830
3726
3719
3744
3772
3598
3664
3702
3455
3507
3308
3383
3487
3386
3352
3627
3388
3416
3478
3398
3383
3425
3349
3334
3462
3315
3320
3480
3398
3375
3550
3442
3507
3579
3497
3487
3648
3487
3428
3607
3450
3477
3586
3431
3499
3496
3449
3630
3613
3404
3398
3621
3410
3511
3464
3405
3473
3674
3495
3618
3665
3477
3428
3526
3496
3541
3617
3554
3507
3603
3469
3525
3524
3561
3541
3743
3418
3515
3549
3513
3385
3503
3625
3459
3904
3602
3533
3632
3540
3660
3851
3524
3716
3770
3647
3709
3668
3790
3827
3874
3745
3708
3653
3526
3532
3675
3400
3485
3587
3642
3832
3810
3816
3679
3906
3683
3773
3787
3661
3541
3634
3644
3573
3555
3513
3504
3717
3460
3610
3681
3456
3486
3660
3475
3699
3646
3445
3515
3670
3527
3554
3549
3657
3707
3653
3516
3497
3649
3531
3543
3631
3428
3498
3753
3575
3468
3617
3467
3569
3657
3453
3510
3605
3530
3589
3597
3421
3538
3836
3673
3802
3756
3658
3709
3720
3658
3866
3832
3640
3512
3697
3456
3698
3745
3588
3694
3704
3553
3790
3757
3735
3718
3746
3665
3830
3938
3564
3669
3714
3825
3861
3832
3515
3506
3818
3416
3435
3815
3719
3749
3712
3789
3652
3835
3407
3461
3655
3697
3677
3648
3685
3642
3684
3551
3878
3807
3547
3691
3711
3603
3599
3736
3675
3703
3712
3556
3590
3790
3556
3561
3806
3560
3684
3759
3649
3678
3661
3528
3596
3654
3594
3694
3763
3613
3587
3542
3678
3801
3798
3730
3858
3806
3751
3778
3830
3809
3604
3702
3559
3528
3832
3760
3816
3840
3664
3547
3790
3741
3807
3849
3879
3763
3780
3744
3868
3677
3499
3555
3700
3525
3659
3669
3532
3609
3623
3637
3756
3691
3808
3657
3775
3695
3763
3743
3576
3588
3704
3542
3530
3664
3667
3592
3853
3491
3708
3692
3682
3714
3727
3659
3627
3814
3705
3739
3712
3680
3598
3758
3465
3650
3753
3722
3585
3915
3821
3785
4045
3883
4002
3982
4047
3936
3958
4062
3956
4202
3955
3901
4011
4015
3983
4074
3829
3712
3763
3549
3596
3728
3606
3717
3581
3568
3730
3743
3636
3690
3721
3609
3638
3755
3531
3682
3806
3635
3676
3802
3740
3692
3840
3735
3613
3994
3930
3924
4123
3940
3737
3700
3611
3664
3762
3603
3730
3783
3719
3610
3711
3635
3596
3777
3815
3774
3838
3785
3863
4002
3708
3724
3899
3746
3914
3881
3643
3509
3680
3595
3605
3673
3633
3564
3725
3609
3480
3678
3796
3718
3933
3756
3817
3892
3901
3799
3905
3776
3889
3879
3687
3794
3874
3883
3814
3814
3824
3769
3828
3837
3785
3819
3748
3832
3921
3956
3774
3934
3782
3835
3843
3612
3701
3740
3706
3549
3785
3674
3713
3671
3633
3679
3687
3507
3594
3757
3549
3793
3712
3695
3595
3338
3711
3646
3637
3419
3672
3522
3541
3555
3434
3311
3697
3534
3704
3706
3587
3757
3809
3569
3676
3799
3535
3555
3601
3527
3470
3793
3576
3725
3643
3411
3565
3550
3780
3740
3664
3649
3703
3719
3454
3542
3630
3728
3725
3768
3584
3722
3606
3453
3659
3561
3548
3635
3677
3441
3623
3620
3533
3781
3704
3669
3616
3703
3778
3580
3707
3585
3741
3898
3596
3591
3674
3684
3651
3748
3610
3764
3692
3626
3620
3633
3580
3731
4095
3418
3440
3603
3472
3499
3517
3424
3610
3756
3639
3578
3447
3648
3648
3528
3601
3533
3645
3578
3546
3658
3431
3591
3646
3513
3482
3681
3342
3583
3644
3508
3561
3626
3432
3555
3496
3436
3412
3745
3757
3806
3779
3602
3682
3681
3513
3638
3693
3478
3670
3581
3421
3694
3641
3513
3542
3789
3579
3881
3765
3582
3732
3777
3674
3634
3607
3673
3524
3792
3662
3640
3764
3611
3657
3737
3690
3683
3772
3557
3692
3728
3629
3692
3729
3578
3736
3667
3472
3674
3784
3528
3681
3772
3486
3541
3699
3682
3699
3847
3654
3658
3717
3531
3691
3687
3535
3761
3737
3499
3664
3739
3409
3871
3818
3617
3565
3666
3637
3650
3758
3518
3738
3782
3741
3634
3723
3626
3916
3983
3578
3767
3862
3751
3837
3899
3684
3716
3730
3728
3724
3851
3718
3686
3793
3779
3886
3859
3828
3581
3753
3466
3570
3716
3508
3625
3649
3528
3738
3699
3541
3574
3613
3550
3724
3721
3376
3537
3733
3438
3765
3667
3450
3757
3753
3450
3645
3718
3634
3905
3864
3653
3905
3730
3500
3769
3831
3565
3590
3834
3647
3667
3755
3533
3634
3596
3552
3663
3624
3601
3495
3717
3496
3756
3588
3658
3765
3645
3487
3624
3703
3420
3712
3740
3739
3624
3791
3638
3589
3797
3521
3780
3790
3650
3644
3690
3577
5323
3851
3487
3499
3609
3524
3534
3592
3465
3637
3784
3481
3693
3719
3547
3674
3577
3597
3628
3687
3521
3642
3707
3583
3668
3732
3617
3786
3789
3618
3701
3790
3631
3683
3737
3665
3863
3771
3702
3608
3737
3587
3701
3620
3610
3687
3702
3461
3578
3811
3677
3668
3853
3722
3587
3659
3762
3630
3612
3705
3501
3757
3526
3539
3626
3472
3604
3675
3427
3582
3610
3498
3669
3644
3484
3598
3685
3512
3537
3614
3580
3538
3679
4088
3913
3999
3679
3878
4081
3849
3667
3768
3547
3754
3751
3606
3742
3743
3733
3647
3703
3854
3951
3969
3717
3710
3558
3553
3544
3652
3631
3569
3777
3638
3589
3751
3534
3634
3576
3502
3566
3596
3609
3674
3937
3484
3877
3739
3711
3717
3676
3469
3596
3600
3601
3594
3676
3629
3605
3630
3518
3668
3733
3704
3671
3741
3554
3937
3906
3819
3738
3644
3619
3688
3755
3723
3624
3466
3366
3554
3522
3577
3658
3453
3469
3570
3447
3461
3602
3328
3565
3432
3447
3501
3570
3471
3413
3652
3522
3499
3485
3364
3504
3667
3558
3620
3578
3481
3531
3536
3549
3597
3621
3625
3510
3577
3344
3541
3583
3502
3545
3542
3537
3630
3551
3564
3631
3495
3474
3488
3673
3958
3873
3985
3734
3632
3821
3473
3735
3601
3701
3752
3684
3686
3690
3782
3551
3695
4025
3594
3716
3923
3745
3911
3847
3672
3896
3603
3618
3575
3639
3363
3602
3677
3478
3617
3667
3647
3514
3639
3494
3565
3584
3650
3660
3571
3570
3524
3651
3592
3600
3895
4061
3937
3608
3519
3600
3727
3494
3490
3585
3495
3470
3699
3516
3592
3707
3559
3513
3754
3598
3407
3559
3435
3443
3633
3447
3570
3523
3443
3414
3560
3458
3528
3507
3383
3462
3566
3476
3500
3480
3430
3424
3571
3440
3493
3581
3427
3613
3572
3476
3368
3546
3456
3389
3479
3520
3417
3509
3441
3556
3522
3335
3503
3553
3408
3468
3675
3376
3446
3573
3409
3381
3590
3402
3394
3545
3425
3545
3468
3523
3389
3716
3500
3511
3674
3500
3569
3640
3439
3496
3580
3628
3556
3703
3693
3865
3745
3694
3638
3728
3709
3688
3777
3578
3673
3715
3507
3789
3506
3600
3588
3626
3536
3531
3687
3552
3599
3829
3530
3598
3610
3482
3518
3625
3461
3563
3570
3667
3616
3822
3683
3647
3659
3710
3640
3715
3489
3605
3680
3557
3691
3674
3542
3707
3733
3498
3587
3662
3588
3561
3796
3629
3689
3679
3529
3625
3732
3515
3417
3644
3458
3687
3743
3455
3656
3856
3680
3569
3772
3588
3674
3694
3594
3713
3619
3594
3751
3717
3555
3636
3839
3583
3825
3704
3538
3766
4001
3695
3750
3906
3519
3728
3771
3559
3541
3832
3556
3671
3760
3705
3607
3761
3565
3542
3837
3548
3621
3794
3549
3563
3803
3544
3582
3719
3642
3833
3874
3591
3731
3729
3730
3833
3713
3582
3585
3681
3486
3533
3687
3477
3686
3688
3663
3797
3726
3586
3606
3807
3771
3679
3555
3518
3580
3692
3525
3674
3811
3691
3751
3816
3836
3714
3917
3584
3580
3743
3536
3596
3652
3705
3546
3756
3700
3782
3742
3684
3821
3975
3640
3492
3589
3853
3611
3712
3572
3648
3680
3632
3711
3859
3562
3671
3671
3547
3665
3801
3451
3541
3761
3569
3687
4038
3834
3966
3555
3603
3681
3802
3608
3636
3744
3626
3722
3732
3527
3614
3756
3592
3642
4485
3695
3696
3870
3705
3732
3921
3760
3664
3737
3521
3641
3739
3910
3735
3602
3626
3642
3813
3596
3796
3781
3634
3661
3701
3531
3714
3668
3602
3660
3851
3779
3761
3915
3814
3747
3940
3669
3992
3926
3717
3762
3950
3869
3898
3892
3712
3912
3942
3700
3839
3951
3697
3607
3644
3454
3618
3465
3510
3525
3535
3471
3653
3468
3544
3634
3432
3460
3587
3624
3695
3787
3628
3757
3512
3345
3450
3470
3414
3501
3636
3413
3520
3481
3503
3553
3556
3462
3510
3584
3549
3673
3704
3703
3793
3705
3565
3572
3729
3531
3716
3711
3656
3693
3817
3698
3599
3653
3421
3498
3612
3422
3558
3667
3636
3596
3672
3744
3668
3618
3578
3533
3648
3766
3514
3573
3785
3487
3701
3569
3644
3729
3733
3806
3864
3698
3732
3831
3606
3593
3654
3589
3647
3689
3813
3809
3834
3704
3820
3726
3560
3620
3775
3774
3798
3871
3571
3685
3493
3547
3567
3656
3586
3462
3729
3463
3771
3773
3368
3657
3561
3442
3527
3580
3606
3705
3514
3450
3553
3528
3339
3407
3761
3540
3626
3550
3654
3732
3834
3382
3555
3644
3657
3594
3756
3469
3576
3622
3547
3666
3679
3611
3779
3847
3777
3855
3763
3696
3661
3725
3633
3520
3755
3634
3751
3932
3706
3718
3613
3503
3588
3629
3442
3610
3746
3393
3720
3835
3552
3772
3784
3747
3816
4005
3807
3862
3920
3617
3798
3846
3696
3905
3792
3579
3820
3712
3600
3653
3723
3720
3494
3766
3512
3723
3831
3625
3792
3819
3702
3536
3645
3578
3663
3673
3537
3443
3658
3545
3678
3739
3542
3498
3767
3522
3456
3559
3485
3630
3759
3492
3638
3646
3628
3678
3885
3594
3663
3774
3564
3627
3630
3392
3555
3679
3619
3610
3586
3593
3590
3657
3446
3631
3635
3571
3656
3658
3445
3672
3639
3527
3574
3645
3558
3660
3620
3601
3687
3819
3707
3730
3610
3440
3630
3681
3653
3527
3740
3445
3510
3712
3621
3667
3674
3434
3425
3738
3589
3578
3765
3527
3590
3715
3632
3536
3560
3418
3416
3632
3527
3567
3719
3345
3530
3640
3405
3474
3669
3563
3657
3654
3704
3536
3602
3482
3617
3741
3556
3597
3647
3468
3595
3577
3475
3621
3792
3581
3554
3781
3591
3538
3691
3649
3743
3672
3468
3884
3793
3458
3607
3678
3626
3561
3726
3429
3626
3688
3666
3461
3575
3401
3628
3699
3615
3651
3729
3611
3623
3588
3452
3458
3611
3462
3697
3801
3573
3765
3792
3510
3532
3705
3610
3670
3570
3473
3691
3671
3596
3654
3722
3597
3623
3715
3543
3509
3785
3584
3553
3632
3437
3715
3817
3473
3516
3681
3788
3619
3768
3544
3668
3666
3672
3545
3757
3413
3552
3625
3470
3709
3605
3489
3597
3639
3478
3520
3776
3538
3605
3787
3625
3632
3738
3543
3630
3773
3593
3624
3709
3509
3731
3804
3565
3692
3738
3573
3675
3789
3513
3603
3801
3601
3633
3675
3707
3676
3717
3691
3650
3729
3671
3856
3800
3637
3874
3772
3702
3921
3809
3809
3758
3852
3567
3696
3754
3669
3901
3839
3769
3660
3881
3481
3555
3481
3554
3576
3339
3442
3445
3463
3472
3590
3303
3504
3447
3283
3534
3564
3429
3435
3855
3643
3723
3391
3340
3394
3472
3534
3462
3555
3490
3477
3604
3487
3442
3585
3465
3481
3635
3308
3577
3648
3436
3490
3702
3502
3509
3584
3390
3677
3651
3308
3511
3424
3308
3391
3582
3389
3514
3481
3385
3602
3578
3389
3628
3583
3400
3541
3527
3340
3564
3677
3451
3453
3542
3335
3445
3526
3603
3549
3531
3476
3502
3459
3408
3450
3587
3351
3540
3603
3330
3578
3492
3436
3379
3531
3417
3509
3510
3453
3555
3501
3393
3615
3641
3570
3478
3655
3493
3523
3615
3397
3567
3464
3451
3558
3596
3481
3566
3658
3471
3508
3609
3588
3896
3903
3438
3656
3787
9891
3851
3441
3321
3399
3507
3381
3560
3574
3397
3490
3522
3411
3523
3521
3383
3433
3496
3371
3484
3475
3422
3545
3507
3435
3539
3579
3412
3479
3559
3441
3492
3494
3453
3474
3695
3453
3522
3611
3443
3476
3522
3470
3465
3623
3432
3504
3483
3404
3548
3866
3421
3500
3558
3414
3593
