923
1364
1117
908
855
1042
835
791
940
703
840
981
684
771
959
822
830
985
794
846
970
811
774
1037
677
812
1034
797
798
956
727
710
923
805
722
1106
841
820
937
774
700
1038
833
786
1211
907
896
1144
1064
782
1016
778
1738
1023
719
761
1450
643
766
878
1593
730
989
684
841
983
823
726
975
727
776
1105
696
801
1128
906
732
1079
708
807
938
648
841
933
855
867
1056
722
977
1077
860
785
1093
696
805
1014
857
858
1092
727
836
983
729
874
973
660
816
992
709
797
997
703
861
1148
908
793
1058
716
823
1098
837
794
945
865
781
1084
643
771
1009
730
745
1008
759
858
983
664
853
978
747
867
1106
684
1002
1080
831
813
1071
743
829
1109
753
814
1191
722
1060
1107
708
767
967
878
797
994
856
820
1038
771
1069
956
698
834
946
823
880
1277
825
824
1129
808
982
1124
937
853
1017
840
1060
1038
815
807
1313
753
852
1179
903
821
1096
884
827
1196
948
987
1124
911
941
1180
824
841
1049
697
975
1117
680
1030
1112
869
939
1109
600
778
956
661
815
1002
847
934
1109
802
1021
1127
666
918
1100
899
936
1132
805
871
1027
750
891
1089
840
963
1162
711
982
1011
831
881
1081
887
818
1228
864
844
1235
665
996
1076
874
1100
1268
752
970
1128
686
924
1089
840
1049
1041
1084
1192
1250
729
887
1113
654
907
1077
815
818
1168
1067
1132
1462
1067
1079
1338
836
1117
1356
847
926
1310
978
1076
1195
898
973
1255
890
1015
1292
813
1008
1107
805
927
1313
888
963
1112
766
1043
1264
873
947
1111
800
1085
1124
848
867
1113
794
831
1156
926
909
1143
763
994
1239
731
910
1540
1130
1318
1399
935
1292
1529
942
1158
1080
784
858
1071
738
960
1046
695
903
1181
738
982
1195
731
917
1146
776
944
1109
801
1256
1037
870
891
1029
817
906
1432
938
992
1226
804
785
1185
659
1039
1124
803
900
1127
698
923
1206
818
1025
1105
721
942
1122
694
882
1374
681
885
1111
759
949
1082
835
990
1275
703
848
1177
936
1006
1122
945
1006
1188
895
1224
1129
871
1062
1134
897
913
1310
691
969
1155
682
984
1249
812
935
1299
786
975
1288
741
1011
1185
876
1013
1448
795
1068
1150
806
918
1249
682
1040
1176
701
881
1203
838
902
1116
618
848
1052
722
1022
1282
796
1046
1178
811
1550
730
779
977
1201
767
1162
816
871
886
1050
733
905
753
720
914
774
1552
983
777
781
1008
761
810
1025
908
879
1052
695
869
1064
739
661
954
673
793
937
655
783
1103
791
788
984
828
808
986
863
938
922
752
685
849
718
715
902
695
705
889
864
761
1055
1152
790
986
781
803
964
706
819
945
698
659
1015
669
779
964
954
747
921
678
774
1020
747
685
943
638
692
1028
652
662
968
663
722
1012
650
726
921
746
759
949
655
856
960
753
753
978
883
814
1105
842
822
981
926
866
1056
792
862
964
762
890
1110
886
834
1008
703
979
1187
784
902
1047
821
840
1063
766
886
1289
825
876
932
808
971
1067
775
959
1165
819
917
1107
692
801
877
729
736
992
766
803
1100
810
954
949
858
878
997
864
867
1048
872
964
1015
691
842
1097
739
928
1123
911
912
1231
653
903
957
681
805
1107
856
1039
1138
739
1040
1163
916
752
1041
756
778
1016
690
863
1075
688
879
1129
712
730
1002
839
942
1025
861
791
1062
889
932
1113
795
1008
1062
869
999
997
827
913
979
785
1013
1090
818
899
1163
758
759
926
741
977
1091
826
856
1019
717
854
1058
730
1017
1228
908
759
1312
780
865
1046
848
924
1187
843
874
1053
853
980
1204
705
975
1231
747
1078
1183
752
1075
1253
786
782
1345
738
1030
1263
763
915
1061
949
1119
1208
819
1049
1157
735
955
1255
814
1121
1176
806
1087
1065
988
928
1420
726
921
1023
950
976
1155
760
1018
1156
737
1038
1265
796
1076
1123
649
831
957
844
1010
1101
969
987
1145
1175
1101
1359
1047
1005
1131
889
1066
1139
760
1027
1269
705
925
1207
815
899
1201
704
951
1131
730
829
1052
804
1011
1152
1083
1049
1064
910
1158
1106
809
881
1176
651
1015
1015
701
909
1249
737
945
1016
733
898
1124
653
852
1167
843
1041
1084
858
833
1175
597
872
1122
813
1140
1312
870
1060
1286
637
988
1077
825
841
1025
750
890
1047
645
911
1111
754
851
1115
737
889
1144
648
840
1088
728
1130
1063
712
897
1061
756
1045
1141
671
979
1055
673
860
1112
656
865
1208
924
984
1160
713
875
1082
799
1053
1095
746
919
1055
688
1057
1120
804
841
1135
831
993
1145
811
852
1060
624
976
1158
787
1026
1092
957
989
1082
720
898
1049
736
949
1097
726
874
679
721
914
851
750
908
718
741
876
768
1100
1195
880
910
891
1056
794
1003
784
789
911
768
761
949
839
712
975
650
892
863
819
757
920
644
875
872
647
732
1031
851
726
866
639
641
1005
744
676
842
623
790
906
664
972
975
837
876
903
787
800
920
649
775
1009
733
681
1035
657
855
975
726
1168
1169
701
912
1481
1012
795
957
600
982
1100
730
1498
1404
719
13232
992
888
766
946
821
777
966
863
746
1051
847
958
1169
825
865
1025
732
1086
1077
735
791
1481
861
856
1046
1691
1015
1019
735
1360
1400
769
848
2030
742
814
1019
1529
760
985
843
773
1059
941
804
1040
736
1049
1120
773
1054
922
806
957
955
781
826
1001
716
962
1187
717
761
991
777
765
1081
681
823
936
772
808
1090
706
796
990
915
833
1202
637
1288
989
734
751
991
703
949
999
787
762
1184
751
877
1036
806
843
1159
722
851
1036
706
1056
1097
710
1036
999
796
901
1093
925
942
1042
923
1040
1096
881
980
1098
862
1000
1076
807
922
1141
838
988
996
754
989
1254
941
1166
1116
945
884
1086
723
856
1076
903
1012
1104
875
867
1162
777
1033
1069
792
798
1073
735
915
1102
752
1142
995
919
887
950
623
842
1030
715
846
1079
805
863
1130
669
971
1168
763
762
1083
792
977
1108
787
813
1128
791
1139
1106
905
984
1252
720
800
1139
823
867
1142
920
903
1335
768
885
1144
822
870
1267
1255
757
1109
676
917
1064
910
1410
1588
1112
1082
1511
860
925
1183
677
1023
1103
819
1129
1161
809
914
1179
722
1018
1046
868
1001
1213
669
1039
1083
782
960
1111
810
843
1413
760
912
1127
775
1085
1167
734
953
1100
704
1184
1081
1159
863
1296
724
904
1129
814
923
1086
852
866
1212
777
957
1047
723
928
1209
819
1112
1103
856
1160
1276
831
997
1142
825
971
1101
806
1017
1146
901
1131
1155
809
860
1084
911
898
1131
731
832
1073
777
1027
1130
760
1020
1188
764
925
1058
751
1016
1135
846
828
1192
836
901
1182
876
1361
1385
840
788
1183
738
875
1127
664
922
1237
771
1015
1145
840
1028
1102
820
1135
1093
739
826
1187
823
894
1164
771
928
1177
814
1080
1137
670
855
1129
704
1158
1097
719
1050
1076
890
969
1220
803
1067
1055
706
845
1126
726
904
1080
933
871
1153
770
982
1248
931
884
919
739
1098
744
924
1054
730
788
1024
644
763
983
753
794
1276
674
890
1002
784
847
1036
613
681
903
931
875
1102
874
673
924
718
889
1011
896
865
1034
755
847
1186
701
766
1056
739
691
991
846
789
972
718
937
1074
826
824
936
762
930
993
736
913
1027
839
723
1127
947
952
982
823
881
1057
686
1082
939
997
819
1012
750
790
992
818
820
1014
785
942
1031
932
812
989
675
775
1019
818
834
1106
711
983
1004
726
1008
1015
743
900
823
620
774
913
768
762
1073
756
1052
986
675
808
992
771
868
994
673
923
931
746
791
1142
695
897
897
922
1001
1150
868
761
921
833
951
972
696
756
994
664
748
988
708
776
880
812
783
931
637
681
995
660
774
1001
663
830
973
727
883
1059
834
762
1062
823
986
1103
679
780
981
777
752
1154
675
774
973
708
827
913
726
802
987
678
685
936
813
873
1009
737
908
1064
710
736
1007
886
1049
1043
684
866
1007
914
894
1087
741
819
1064
824
899
1087
779
893
1130
692
879
989
826
908
1249
828
1031
1052
859
902
1068
781
1014
1145
843
913
1120
899
960
1135
784
887
1112
756
896
973
699
811
1047
768
790
1014
833
878
1046
814
881
1071
852
894
1082
846
793
1155
878
834
1139
769
914
1137
763
761
1129
766
1121
1095
750
913
1010
789
873
1143
837
987
1139
807
1036
1005
780
973
1032
795
878
1025
863
801
1126
720
887
1022
752
1049
1368
849
999
985
718
759
1011
715
898
1026
714
954
1230
788
816
1103
694
901
1279
1030
847
1310
771
1040
1242
774
915
1082
681
906
1146
791
895
1090
703
890
1132
926
1112
1215
769
1184
1065
799
1034
1151
675
1036
981
633
871
1022
804
869
1112
719
918
1187
714
966
1168
746
929
1045
743
962
1082
716
982
1074
784
945
1052
635
940
1056
666
794
1072
909
909
1082
881
1114
1316
781
967
1159
749
937
1055
844
1003
1134
865
1012
1162
763
931
1115
741
1030
1227
940
1108
1144
814
861
1151
764
938
1085
825
873
1223
714
877
1132
793
945
1213
854
946
1161
776
923
1060
835
856
1044
624
925
1063
797
870
1106
794
1003
1221
887
1048
1202
698
1004
1145
845
940
1166
731
1000
1116
857
1081
1178
793
906
1093
824
1219
1158
880
900
1557
793
1085
1116
933
930
1364
727
983
1212
920
1026
1196
916
1011
1193
888
1263
1502
908
942
781
815
983
1178
820
1114
1260
809
1110
1093
947
1125
1268
923
1118
813
962
1070
913
962
1053
788
791
995
926
822
932
824
866
1014
791
870
870
943
837
1194
871
826
1112
863
769
1042
785
878
1044
745
919
1047
866
798
912
877
845
1114
876
889
1063
807
1028
1085
783
890
932
803
864
1066
729
752
998
855
813
1052
675
813
961
920
791
974
739
803
907
651
891
972
650
772
1091
783
875
1073
788
862
925
690
731
986
725
722
1047
957
798
1155
791
707
1208
767
635
889
684
824
1145
689
897
1067
612
862
994
697
933
956
700
784
971
725
752
1095
768
817
1029
699
871
1091
696
756
1042
854
804
1019
823
739
1035
757
948
1022
822
782
1013
660
876
1017
761
887
995
745
757
1020
729
799
1016
689
911
967
723
740
996
635
1035
1033
680
876
1002
671
925
1004
705
832
1060
829
833
1013
799
1028
1032
907
961
1012
622
777
1030
632
1114
1124
787
879
1128
830
893
983
797
866
1048
714
952
984
699
910
1045
956
848
1338
633
927
1007
885
966
1006
773
899
1162
782
957
1081
860
885
1265
776
954
1327
829
952
1028
930
882
1134
837
879
1098
779
1027
1113
704
918
1046
679
881
1078
771
964
1136
851
926
1131
655
972
1062
807
963
1090
832
829
980
701
909
1117
717
775
1091
786
874
1063
686
902
1134
810
955
1080
758
934
1107
838
879
1136
819
1122
1227
752
885
1146
669
980
984
666
982
1031
846
1061
1190
799
942
1145
787
959
1228
723
962
1064
737
926
1157
889
1004
1157
769
955
1153
732
914
1209
709
823
1022
843
918
1035
786
897
1071
741
882
1029
685
968
1063
806
881
1051
811
929
1204
742
1062
1081
810
970
1193
656
787
1003
623
940
1130
655
998
1044
853
855
1077
826
992
1068
852
914
1152
666
919
1094
728
993
1128
639
1001
1108
726
928
1054
797
934
1107
784
1011
1112
692
985
1096
787
1131
1143
872
945
1151
866
872
1058
687
842
1058
713
896
1136
866
889
1178
685
1002
1108
791
1022
1202
937
971
1192
800
1033
1234
846
1031
1199
906
983
1067
737
888
1444
802
913
1194
799
905
1050
850
863
1189
693
1065
1185
798
1050
1217
694
1035
1243
841
1080
1083
780
929
1118
820
979
1172
676
1020
1161
901
1000
1238
898
1017
1120
808
951
1322
887
1084
1359
845
1128
726
1004
1033
778
745
1020
765
854
931
753
768
963
739
771
1027
845
913
1104
784
981
1183
800
924
973
742
879
930
838
736
954
773
736
1042
780
894
908
790
789
800
622
759
1052
848
897
1093
749
742
1036
786
749
1034
773
1076
996
718
807
972
698
779
975
722
864
979
760
835
1126
747
939
965
805
712
973
680
951
1004
741
729
1071
825
856
1136
924
872
1028
778
859
1085
703
746
969
1054
1113
1117
803
884
1096
794
799
1158
770
825
1010
768
835
1071
775
812
1053
773
789
992
767
904
1098
787
898
1053
981
839
938
722
723
1057
790
968
1079
852
894
1162
829
944
1060
956
822
1020
873
923
1132
742
1054
1048
805
814
1022
841
994
1011
723
842
968
698
902
1139
831
1040
1087
821
927
1169
815
816
1003
716
769
1151
808
963
1126
665
748
1079
838
988
1244
801
947
1162
764
793
1068
675
967
1137
738
773
982
743
748
1038
871
856
1154
733
761
1008
765
783
1174
645
861
1069
660
891
1023
771
782
1107
718
871
981
725
784
976
794
886
1040
708
820
1088
816
762
1262
685
847
1062
719
969
1107
795
778
1155
734
819
1061
820
862
1105
736
817
988
650
878
1003
727
823
970
665
898
1088
758
908
1061
686
822
1005
769
840
1090
827
968
1058
693
779
1090
738
830
1043
819
939
1214
718
857
1124
806
985
1136
822
976
965
657
852
1125
902
882
1205
767
958
1052
689
877
1193
736
831
1055
827
992
1161
875
827
1103
724
1074
1236
820
1069
1137
832
931
1051
775
1023
1098
755
921
1265
767
857
1148
844
1050
1166
952
944
1139
821
944
1020
751
893
1057
895
973
1086
785
1035
1082
745
1097
1128
943
967
1273
759
1063
1062
813
1056
1134
917
955
1202
675
880
1322
870
974
1124
757
843
1016
628
856
1107
854
976
1190
786
883
1087
739
989
1218
919
847
1009
778
988
1063
812
860
1205
866
999
1111
833
911
1247
724
935
1089
717
1019
1054
1070
793
1150
718
1355
1419
667
977
1158
836
910
1225
786
1077
1072
715
887
1172
802
939
1181
693
997
1091
837
922
1050
764
1301
1230
959
945
1143
988
1038
1203
783
1052
1177
909
1040
1148
948
976
1079
785
868
1182
881
982
1234
741
1145
1186
856
1015
1161
767
1024
1296
871
1068
1189
732
1075
1535
859
1030
1292
933
878
1150
763
1128
1175
875
1098
1186
880
1125
1273
836
1040
1135
907
1050
1116
842
997
831
837
999
1206
885
997
757
950
1031
898
734
1028
826
820
966
846
744
891
836
762
1047
933
826
1229
792
806
975
885
777
962
955
863
1038
768
699
937
615
787
967
748
686
1047
780
903
963
727
825
879
758
780
1020
703
797
990
1070
770
1014
811
881
949
657
836
1028
725
810
972
729
725
930
788
751
975
713
893
907
767
782
971
850
780
954
746
732
1134
724
736
1131
722
688
1046
700
720
1160
833
843
1009
729
755
1172
727
729
924
660
833
1012
948
789
1047
714
900
951
789
793
1068
756
840
997
684
828
1049
774
834
1062
837
896
970
760
791
1444
1141
940
925
734
762
1022
713
753
1029
728
839
920
746
788
1010
638
907
951
629
828
969
744
826
939
677
718
1073
776
915
988
807
824
902
704
869
991
757
764
985
772
814
1001
734
763
975
711
769
940
656
889
1031
652
747
936
662
844
1004
669
811
1176
798
915
968
803
887
945
689
688
954
690
843
1044
702
809
957
700
745
959
670
870
996
915
757
1031
697
997
1075
697
739
1102
684
807
992
745
882
1013
689
797
1114
683
823
998
812
835
1072
766
932
1159
720
1026
1223
882
831
1215
796
921
1191
708
1248
1175
836
863
993
892
812
1223
812
918
1070
849
1057
988
700
906
1133
671
903
1073
759
872
1081
874
863
1218
790
1047
1213
753
772
1070
750
966
1153
775
908
1061
705
830
1161
861
1032
1113
808
952
1306
813
965
1124
863
919
1152
777
974
1250
893
950
1281
781
918
1031
758
968
1238
726
1045
1161
786
851
1132
697
884
1093
777
983
1088
699
910
1141
763
930
1263
723
1032
1172
828
945
1270
827
1110
1123
852
922
1171
825
942
1262
695
1008
1133
705
976
1067
769
986
1147
827
945
1167
689
797
1029
693
1088
1071
769
855
1188
659
935
1161
765
846
1318
644
1137
1127
724
826
1111
929
960
1070
751
920
1464
729
918
1004
624
969
1099
727
929
1100
713
884
1153
738
898
1101
679
885
1192
750
977
1050
701
870
1097
661
899
1126
703
1011
1135
810
1082
1103
649
1140
1217
812
960
1207
822
990
1091
798
903
1285
823
995
1134
907
918
1189
674
943
1038
757
955
1093
790
985
1171
1002
947
1165
732
1016
1256
790
932
1083
769
907
1313
755
980
668
928
946
830
682
980
1250
815
945
834
733
986
1211
718
1016
800
931
1084
904
850
957
817
809
1239
672
871
1054
836
802
1067
920
703
1005
807
907
1019
759
788
998
725
821
937
793
895
1048
829
923
1061
895
809
975
857
917
991
792
904
1012
682
735
864
634
854
1048
751
1000
961
979
764
1026
680
784
1140
878
966
1006
741
953
1144
871
883
1033
982
978
903
988
841
1035
982
998
1091
876
892
1132
824
917
1037
720
1085
955
725
913
1044
818
800
1011
823
903
1064
851
902
973
821
787
1025
763
988
1019
775
846
995
803
938
961
880
823
1050
694
896
1027
811
840
1043
689
733
1008
1028
885
948
617
896
1061
640
992
1049
822
787
956
800
833
980
782
836
1112
751
944
934
659
755
1138
745
793
921
734
855
1105
667
891
1093
671
829
1219
733
1022
1092
745
815
970
655
780
939
686
775
970
636
789
937
682
754
1209
769
883
1096
672
920
997
770
790
1158
711
863
1071
827
800
1094
703
845
955
684
874
1143
713
790
953
724
852
1129
750
795
882
633
897
956
732
811
989
693
852
957
746
828
1066
649
749
1008
631
807
1003
655
883
1059
674
766
1005
736
784
1011
677
769
1067
673
781
1083
772
904
1096
710
908
1171
797
1005
1178
701
981
1270
787
968
1194
724
814
1145
702
822
1149
789
925
1020
1050
827
1117
719
756
1127
762
805
993
836
891
1179
684
915
1060
804
818
1090
733
897
1019
761
733
1073
759
1058
1078
716
995
1172
855
1078
1001
771
869
1054
811
888
1145
755
1030
1126
732
824
1088
862
913
1136
1053
1100
1050
755
970
1114
731
903
1129
797
885
1219
626
865
1144
721
776
1104
829
1028
1107
821
995
1124
773
897
1130
661
1404
1193
805
981
1260
668
1104
1174
873
1009
1606
1082
1407
1488
1019
1175
1364
882
1207
1394
1071
1099
1407
1036
1155
1351
855
1157
1403
935
1210
1248
753
966
1178
701
952
1266
904
1019
1215
778
1075
1138
767
961
1118
769
897
1066
708
988
1158
719
1004
1062
653
857
1284
756
1138
1232
681
1162
1309
754
1163
1151
764
975
1087
851
1078
1280
738
962
1152
691
932
1180
888
1018
1208
682
898
1080
707
980
1105
745
948
1235
777
1006
1192
925
868
1169
641
914
1165
762
1047
1284
711
893
1133
729
1032
1228
886
1030
1181
742
1081
1462
1120
1306
923
1056
1137
1084
862
980
735
837
1075
676
819
1063
841
885
1052
801
908
966
712
745
1014
927
671
915
712
876
938
694
764
974
765
728
919
979
858
1047
746
696
988
821
686
1004
812
921
958
906
872
1161
741
765
961
841
727
996
708
896
1086
984
729
1104
740
877
977
831
820
1129
705
846
1034
641
713
1034
709
826
939
955
1174
944
901
907
1053
764
874
988
998
862
1080
820
839
1022
814
789
965
856
861
985
648
861
1107
738
998
1140
730
994
1085
954
892
1003
755
877
1013
833
822
1111
864
910
1004
806
834
977
776
1017
961
826
803
1005
782
799
1149
755
900
1221
832
831
1115
1006
981
1219
800
912
1238
870
844
1041
811
897
1168
864
750
924
771
922
1043
750
953
1140
817
895
1160
931
886
1027
698
828
1072
727
893
1112
879
804
859
802
1032
978
891
826
1185
651
981
1047
929
845
1211
914
863
1144
831
893
1100
740
911
1083
814
917
1048
691
966
1003
694
1000
1155
655
958
1463
1214
1104
1214
852
1160
1404
1110
1302
1346
1037
1054
1224
880
1162
1236
957
1032
1225
949
953
1249
971
1046
1200
851
1085
1378
736
904
983
762
807
1025
637
977
1150
750
874
1151
766
878
1133
729
962
1168
777
847
1155
765
854
1089
687
893
1134
790
1049
1151
865
923
1136
756
841
1088
762
859
1197
740
1072
1097
828
919
1208
838
855
1082
820
904
1099
666
914
1136
819
895
1105
732
985
1070
770
872
1107
819
823
1035
793
831
1091
785
1035
1158
804
1025
1174
861
1039
1095
631
1028
1201
857
872
1025
699
1064
1125
817
932
1215
674
1015
1156
707
969
1238
694
1022
1238
1049
892
1237
877
1055
1099
761
1013
1209
747
1174
1336
800
989
1127
718
913
1210
726
1074
1052
895
921
1141
714
1006
1091
748
859
1178
799
1071
1247
739
1084
1334
695
934
1225
805
972
1340
709
962
1101
661
1019
1132
652
1042
1240
732
882
1159
766
1081
1125
762
807
1042
722
925
1209
708
989
1146
756
1013
1188
869
1015
1140
780
919
1131
840
1123
1148
846
899
1184
771
921
1165
623
965
1068
783
977
1144
719
970
1376
835
987
1068
760
1046
1227
1103
1246
1316
1049
1297
1321
922
1160
1346
939
936
1162
740
1049
1225
674
1008
1263
912
968
1075
714
898
1190
732
971
1139
955
925
1275
728
988
1247
807
1077
1177
944
1253
1284
653
887
1153
758
1013
1258
763
851
1195
671
978
885
791
1067
737
748
978
748
820
944
746
722
955
799
771
1029
871
808
1097
801
820
907
719
743
997
689
749
913
755
689
1055
734
713
1058
863
954
1050
925
820
976
765
780
1471
1134
1103
1157
1107
817
1105
737
785
1005
858
889
1183
789
881
1056
1329
1268
1464
1106
1066
995
765
800
1109
794
868
991
700
675
995
657
775
991
949
881
1103
763
850
910
894
799
1184
1053
941
990
870
933
1055
1162
1099
1278
1253
1024
1217
968
1067
1227
1061
1094
1200
1264
1008
1188
1072
1078
1318
933
991
1203
983
1213
1199
820
846
977
778
947
1100
865
874
1051
686
772
1128
739
970
933
854
796
962
814
952
1057
908
813
1072
762
1133
1112
897
908
976
902
852
1127
915
998
969
729
759
1096
792
845
1055
829
805
1170
671
932
967
758
929
1133
810
928
1407
1161
1046
1200
883
1110
1140
948
1027
1141
852
917
1083
853
930
1329
814
888
1003
755
876
1077
752
859
1082
796
810
1087
985
1033
1248
902
784
1094
778
922
1113
723
1120
1144
866
920
1107
734
931
1113
765
906
1038
841
931
1215
786
1104
1140
823
1161
1247
815
858
1234
889
870
992
874
877
1527
1098
1115
1240
760
966
1051
755
924
1048
890
979
1087
787
1119
1091
862
872
1090
813
885
1099
756
875
1063
667
918
1081
807
935
1067
859
858
1161
838
929
1116
755
917
1053
639
985
1066
761
868
1054
683
1029
1262
762
1056
1036
734
922
1132
836
973
1075
895
1017
1109
820
918
1062
762
879
1109
837
904
1130
622
966
1351
945
1112
1130
790
890
1217
687
934
1004
770
902
1233
732
1000
1091
831
956
1119
897
931
1188
860
982
1084
718
948
1122
836
959
1111
705
855
1078
777
949
1138
839
854
1077
825
856
1169
776
992
1129
694
970
1159
757
1031
1112
768
1002
1066
1002
989
1159
753
953
1092
721
865
1190
776
868
1273
816
922
1138
744
931
1170
710
986
1147
907
1045
1258
740
1059
1181
813
1130
1075
699
872
1177
845
927
1111
658
947
1156
747
1177
1110
722
844
1302
950
1005
1123
716
995
1338
850
953
1051
720
853
1068
793
984
1142
721
1104
1143
878
852
1340
817
1004
1115
810
939
1382
806
1050
1254
888
1041
1097
855
1061
1205
792
957
1162
756
961
1095
781
904
1195
738
1030
1172
803
1015
1096
797
996
1163
839
1059
1103
766
955
1165
759
1039
1099
747
889
1071
686
991
784
781
915
785
853
914
790
870
1069
864
951
1032
712
792
1042
691
867
1068
694
826
972
861
853
923
716
945
1023
796
936
973
749
799
918
666
824
986
796
736
962
733
805
1019
777
833
1016
714
774
1017
763
823
1209
811
714
952
855
918
910
854
814
1055
760
870
1028
672
889
903
789
819
985
705
926
1043
734
890
923
662
751
958
778
988
989
796
861
1029
849
790
1133
662
888
1061
814
817
1038
781
906
936
784
746
1043
829
868
1016
814
997
987
807
822
945
808
924
1119
761
838
1029
649
718
1078
766
911
1169
713
1766
1320
1078
1127
1173
927
1024
1237
915
708
1110
976
804
911
735
976
995
752
796
1161
746
856
977
652
822
1260
711
1003
964
679
822
1075
874
915
1076
637
803
1043
747
835
1155
699
981
1055
689
890
1008
832
886
1008
777
798
1201
735
851
995
824
968
1109
713
893
979
767
842
971
677
848
1333
1133
1097
1174
697
829
979
829
971
1125
719
912
1097
958
907
1146
737
991
1120
834
929
1153
753
1177
1377
911
1128
1231
1057
1151
1390
1090
1061
1359
1200
1214
1260
978
1044
1258
986
1122
1163
942
1171
1263
729
910
1004
690
801
1014
685
961
1148
1141
1004
1092
690
841
1211
765
833
1102
676
870
1063
693
940
1129
759
928
1064
724
856
1067
727
954
1110
705
869
1061
673
835
1040
763
850
1134
692
924
1109
827
908
1090
700
808
1213
1102
1048
1048
640
1007
1280
665
985
1066
724
891
983
700
923
1157
758
869
996
738
1017
1108
683
935
1137
719
815
1033
630
1052
1113
681
849
1045
901
867
1133
719
859
1030
692
982
1279
749
888
1123
761
1000
1204
949
932
1150
800
848
1095
813
993
1180
728
939
1135
735
850
1115
840
1037
1157
892
885
1067
761
936
1217
856
1059
1260
757
1053
1153
676
943
1154
728
1017
1084
747
1104
1183
841
1011
1258
813
976
1117
695
987
1152
712
1025
1182
858
1044
1196
818
907
1120
706
981
1173
759
894
1062
764
839
1151
868
1033
1143
751
999
1134
829
897
1234
800
1014
1141
748
1169
1133
920
1123
1241
631
983
1069
687
1062
1275
794
1110
1145
734
1118
1194
876
1038
1199
706
1048
1155
677
1046
1223
872
992
1345
860
939
1219
855
1050
1150
697
897
1053
712
1019
829
718
1117
865
751
941
660
826
978
853
744
953
1148
750
1044
1139
719
1083
967
845
1032
753
995
1031
686
686
954
797
993
1021
700
720
996
810
1047
959
729
774
967
828
877
945
692
845
1006
760
795
1160
716
745
1020
809
819
996
944
965
1013
927
762
1018
940
811
1034
735
874
1039
830
798
1044
884
698
1085
929
893
939
721
714
999
812
1136
1010
814
731
1010
790
880
1083
727
840
964
783
866
1065
958
909
1045
848
881
1143
842
843
1033
821
772
946
608
751
1011
836
805
1020
796
886
1094
776
911
949
814
826
1057
783
1008
1136
742
872
1114
742
940
1140
694
885
1018
782
882
1084
749
950
1013
791
848
1080
717
903
1007
789
970
970
867
826
1064
908
939
1062
739
858
1022
792
945
999
724
808
1305
841
913
1054
708
847
1019
716
942
1132
809
852
1033
820
984
971
795
957
1053
690
905
1114
778
779
927
769
727
1063
664
819
1010
721
999
1110
709
734
955
884
852
954
642
725
941
808
911
1036
783
794
1100
758
925
1021
723
821
972
645
827
984
654
743
1097
627
871
1133
671
910
1233
753
1008
1175
834
788
1130
607
879
1097
728
918
1119
767
788
1083
740
806
1006
788
840
1038
757
883
1075
750
855
970
794
741
957
690
948
1002
727
1035
1152
732
891
949
664
843
977
616
779
1166
718
1095
1066
839
829
1021
741
999
1131
881
873
1202
744
872
1167
769
883
1124
687
859
1089
688
887
1235
856
960
1165
706
837
1369
840
1037
1067
831
924
1092
718
977
1064
766
860
1059
730
866
1074
658
999
1252
684
869
1039
685
978
1107
762
950
1135
924
951
1119
775
961
1160
728
1156
1089
794
1007
1167
765
1037
1067
666
970
1103
818
970
1287
786
1003
1104
935
1014
1296
754
1106
1022
922
950
1278
856
941
1143
799
1028
1205
714
1059
1309
722
1061
1133
780
978
1191
985
1133
1361
1012
850
1075
683
918
1038
686
950
1205
736
1126
1125
807
1111
1103
812
1000
1156
815
1191
1065
774
1001
1111
615
845
1084
694
962
1365
814
971
1158
775
1014
1165
835
979
1074
726
1003
1139
762
813
1134
773
822
1055
653
936
1093
995
1026
1175
620
878
1057
818
967
1190
1068
1058
1191
787
958
1118
718
915
1238
719
1002
1115
947
912
1143
860
1023
1110
796
883
1199
837
968
1145
771
957
1097
779
1040
1156
732
1122
858
875
1070
772
806
955
700
880
1035
754
918
943
764
789
971
710
897
1136
872
916
1157
902
1217
1438
1152
1073
1201
1011
1038
1185
1201
901
1537
1248
1201
1489
1105
983
1204
949
1220
1154
894
844
1000
743
784
1040
941
892
1048
712
869
968
735
796
982
833
878
967
742
776
1061
721
771
1051
669
748
942
763
928
1355
846
809
1088
778
888
1101
883
749
1119
747
977
1060
624
876
985
665
930
907
768
756
1105
729
954
1104
753
807
1038
684
832
945
769
846
942
859
874
1045
943
722
960
577
1063
1215
664
697
991
657
933
1079
909
737
1189
680
944
1004
664
738
964
643
1017
1086
639
868
1030
859
933
1021
691
817
990
761
753
943
735
762
1078
767
792
1013
718
732
1014
669
811
1000
738
777
961
781
823
993
676
909
924
657
853
1045
638
801
964
784
832
1277
849
895
1006
762
830
1000
789
947
1007
870
814
1099
722
724
1053
706
821
919
769
1030
925
840
920
1065
778
945
946
772
784
1099
876
846
1148
751
829
1004
630
891
1005
654
777
1036
943
890
965
628
794
1072
701
826
1309
832
989
1118
646
717
1090
701
881
1122
838
889
1068
808
917
1027
828
876
1174
712
779
1045
712
1062
1108
794
912
1170
843
825
1121
782
875
1078
765
858
1076
799
890
1031
802
883
1033
730
833
1041
814
871
1277
651
884
1071
691
938
1009
758
850
1143
691
961
1054
1012
874
1115
737
753
1003
752
1164
1041
864
923
1102
929
931
1110
830
935
1146
680
892
1253
762
829
1091
720
1073
1125
847
865
1107
670
942
1173
686
960
1047
749
917
1114
883
962
1170
877
1027
1150
817
1014
1232
704
1064
1123
808
978
1165
768
997
1024
944
926
1165
912
1081
1294
732
1099
1123
832
839
1074
911
919
1185
815
949
1119
822
955
1177
848
991
1164
798
969
1214
750
1003
1079
767
849
1132
802
1007
1166
709
944
1118
741
935
1159
707
1111
1182
745
976
1353
741
965
1154
642
906
1273
790
1221
1088
868
1016
1102
797
1031
1183
763
908
1274
706
860
1182
765
1099
1273
888
991
1364
835
953
1169
797
1109
1126
782
852
1318
799
1024
1188
803
986
1538
1052
983
1157
842
922
1263
791
931
1257
883
952
1234
741
916
1115
696
973
1147
761
1436
1473
933
1250
1471
1143
1098
1535
828
991
1176
772
960
1128
914
984
1257
684
961
1074
774
992
663
793
1018
707
932
975
1480
731
975
744
786
1030
656
742
902
845
713
1075
944
879
1040
673
894
1022
726
715
1073
651
911
963
721
744
930
806
798
1017
684
761
1224
714
676
970
762
721
907
664
682
1004
736
910
1000
781
833
1062
822
734
1111
719
850
897
728
895
1106
750
942
991
927
829
1068
718
924
1008
752
690
1071
741
736
965
760
907
1026
788
836
1017
678
823
993
816
884
1062
755
914
1087
890
950
1081
805
694
1014
683
774
946
761
799
1125
695
768
1047
798
794
999
814
746
1018
672
1011
1064
862
933
976
781
942
998
854
976
1215
799
898
1054
770
842
1052
781
844
1049
754
989
1115
906
1105
1147
666
809
1199
807
833
1098
732
898
1069
754
936
1067
947
959
1239
868
940
985
667
822
968
731
912
1003
742
933
1026
895
789
1006
970
869
1147
750
963
967
913
863
1027
1111
938
1090
784
788
1061
741
864
1105
829
1005
1173
740
951
956
778
970
1166
1005
821
1068
788
884
1094
758
928
1117
845
823
1176
772
842
1170
861
871
1273
772
1065
1190
726
833
1099
762
1034
1182
768
974
1122
728
785
1103
651
931
1121
810
974
978
790
886
976
851
1002
1148
705
964
1110
801
922
995
727
846
1017
714
1029
1221
994
987
1038
729
941
1094
800
997
1089
695
914
1103
709
899
1158
764
1014
1095
773
944
1123
707
982
1337
712
942
1129
768
1122
1139
716
957
1210
759
930
1516
837
818
1067
641
956
968
663
881
1023
668
924
1053
867
1053
1095
809
940
1224
694
1007
1103
749
848
1031
773
830
1075
688
918
1113
707
1009
1019
926
886
1207
978
914
1184
723
967
1106
844
897
1168
781
913
1213
692
850
1137
1019
985
1155
826
1001
1365
683
910
1081
748
972
1132
980
981
1139
782
872
1143
918
1047
1192
869
1014
1073
813
955
1130
741
1013
1120
726
1038
1176
755
1023
1172
754
963
1085
803
1074
1170
680
990
1171
797
1071
1132
880
903
1160
815
1024
1142
776
979
1218
845
961
1326
989
1077
1077
802
859
1036
803
960
1313
652
1052
1173
734
1048
1186
844
997
1019
651
1141
1137
743
856
1047
698
900
1098
797
1044
1140
897
938
1119
706
955
1174
668
996
1095
803
794
1107
655
979
1140
796
1172
1291
703
863
1213
730
851
1080
835
909
1164
700
885
1093
929
981
1182
884
969
716
727
878
802
791
889
868
723
942
727
733
932
777
797
936
650
783
941
753
703
999
848
756
929
748
788
1040
756
825
981
851
844
1083
828
762
942
870
794
1017
685
746
960
818
808
1063
725
815
1240
722
717
1019
747
743
1024
731
944
916
860
715
973
879
867
1073
734
895
970
719
702
980
775
822
1086
650
807
1011
835
834
1052
841
950
1001
841
985
1025
802
785
955
736
767
965
802
878
1012
826
778
1010
688
845
1023
744
786
1060
739
859
1188
817
875
1060
653
825
975
682
899
1014
747
874
1003
699
837
1058
643
719
938
684
984
943
760
820
963
744
794
975
789
818
1179
779
838
942
789
770
929
693
894
1122
779
770
982
865
1002
1010
661
756
1129
910
1033
1046
755
848
965
712
811
1004
660
841
1088
723
914
976
734
916
1103
801
801
1092
669
884
1073
780
906
1018
806
864
1025
757
752
1076
722
798
1064
699
896
1003
889
874
981
678
935
1009
757
860
1130
661
879
1099
682
933
1151
838
923
1100
971
828
975
746
739
1039
783
922
1184
820
978
1104
945
907
1174
746
839
1351
695
970
1059
700
824
1153
853
993
923
750
922
1228
666
979
1149
664
881
992
684
819
1119
780
896
1096
870
892
1149
684
1047
1076
746
843
1145
760
1072
1069
723
840
1113
743
919
1207
754
1213
1022
662
813
1052
595
875
1004
810
1054
1179
868
1032
1191
822
802
1109
670
1027
1135
814
841
1156
744
981
1053
677
829
1099
648
921
1019
651
807
1166
676
1032
1142
687
865
972
615
845
1036
783
861
1047
678
874
1063
649
911
998
773
811
1157
697
993
1142
722
874
1200
725
1020
1312
792
778
1000
757
1008
1087
943
795
1054
701
829
1006
704
820
1129
662
1210
1059
678
960
1087
587
943
1029
952
980
1201
743
923
1039
680
895
1126
646
963
1165
609
997
1161
785
908
1045
657
890
1045
669
966
1486
946
869
1093
858
1259
1346
774
1190
1220
615
951
1166
760
1002
1242
726
1089
1130
966
1056
1080
866
1011
1096
720
979
1094
764
1064
1089
767
1085
1174
941
1024
1192
966
890
1092
815
897
1101
865
1122
1177
918
931
1063
745
979
1153
672
993
1138
841
894
1088
789
1201
1153
707
902
1081
721
968
1206
1000
873
1268
1056
1063
1294
865
1038
1197
693
1022
1436
771
1053
1133
790
965
1140
698
943
1124
830
990
1133
801
1097
910
839
982
834
835
1184
744
876
966
833
775
980
743
817
966
914
747
1018
737
832
1082
882
900
915
893
917
881
927
910
1174
917
839
1070
958
711
1047
709
872
947
804
1049
1057
837
983
1109
851
1040
937
934
785
1009
765
844
1092
802
1045
963
994
639
890
649
771
1031
749
785
994
664
792
1022
740
833
1094
754
920
937
904
837
1013
791
849
947
918
812
1008
812
904
1103
837
894
927
748
964
1018
884
752
992
667
845
1100
1013
865
1009
793
868
1161
790
979
962
898
927
1075
831
869
1027
883
902
1092
825
928
1084
919
881
970
793
748
1035
729
744
1240
791
958
1070
758
728
1077
739
822
941
942
804
1200
704
968
983
878
815
1015
809
930
1157
846
995
1044
731
895
945
854
765
1067
759
810
1017
701
1014
1111
767
844
1002
842
915
985
781
976
991
876
850
1154
698
829
1069
842
861
1194
852
891
1064
754
846
1051
739
934
1137
867
1010
1106
749
796
1055
717
880
1115
899
875
1119
730
971
1140
774
967
1039
851
894
1098
847
886
1088
762
1036
1006
824
980
1185
854
953
996
940
951
1193
845
1081
1061
710
1005
1058
694
929
1043
704
983
1138
656
861
1071
684
836
1082
781
841
1138
750
982
1138
796
923
1024
879
964
1077
753
976
1068
833
959
1068
729
894
1132
878
794
1110
751
920
1018
737
899
1227
685
1013
1101
808
863
1067
720
837
1132
812
1010
1021
682
973
1052
830
902
1159
774
925
1057
844
806
1025
760
1006
1143
708
869
1060
703
858
1030
793
1003
1231
817
1044
1236
714
908
1125
866
870
1071
829
954
1212
784
977
1101
848
1007
1234
652
884
1142
704
788
1143
657
1031
1132
784
969
1117
683
1090
1232
931
1044
1243
976
1010
1262
741
963
1284
750
972
1125
762
939
1084
679
982
1040
786
1026
1189
723
1066
1455
748
1125
1129
751
1092
1145
761
922
1214
655
881
1073
696
945
1095
787
1109
1122
714
1027
1249
767
1004
1337
784
988
1178
623
962
1217
765
967
1204
842
958
1142
914
1066
1196
705
1112
1207
952
1039
1240
1045
1053
1248
863
958
1081
749
1096
1380
766
1193
1111
716
1005
1198
685
1038
1209
770
879
1070
681
927
1080
821
962
1142
694
1009
1142
715
874
1343
821
1058
1134
762
1004
1139
747
993
1116
749
1118
1201
767
995
1155
733
1039
1228
717
938
1165
762
1145
800
922
925
1116
855
1015
1278
834
920
708
797
1051
909
861
1028
732
865
1086
826
693
1061
731
728
981
737
752
1066
912
850
1066
768
761
1074
870
986
970
842
1034
1101
875
826
1015
852
933
1122
845
817
1069
816
844
1068
830
872
1052
924
901
919
730
905
1033
807
898
1056
787
876
1051
661
1075
1079
893
884
908
658
719
884
768
721
936
890
696
981
683
920
967
700
766
1062
723
825
1091
848
856
969
898
900
997
610
758
926
829
773
1226
802
863
1068
592
698
1105
812
715
924
640
690
935
672
783
954
844
743
939
698
708
1038
635
779
970
663
734
1030
788
749
994
875
948
1120
737
699
1109
621
850
908
860
918
1118
761
727
925
724
751
1814
742
759
1095
742
933
962
754
734
1008
785
849
939
702
779
944
703
810
952
632
827
967
671
826
979
654
821
929
709
763
960
634
859
1012
800
837
969
727
850
1087
714
876
963
778
1020
999
730
803
1060
697
800
1187
672
883
1073
826
864
965
701
723
1002
760
1369
1287
1122
1063
1092
1007
1210
1410
951
1160
1397
1119
1157
1426
1090
1219
1408
1058
925
1122
829
832
1118
717
899
1048
787
863
1095
751
984
1362
1022
1141
1285
909
1263
1371
762
972
1050
763
815
1363
813
1074
1118
833
897
1083
1566
1281
1355
889
1257
1351
992
1385
1461
1160
1275
1366
967
1113
1229
1001
1224
1360
1047
1198
1294
662
989
1148
799
1290
1369
692
1088
1101
708
841
1174
709
843
992
776
811
1105
669
821
1102
646
839
1046
776
923
1137
786
811
1046
744
807
1111
859
1020
1207
720
939
1063
685
838
1008
705
855
1113
690
945
1138
707
928
1044
662
837
1084
676
910
1073
773
1046
1136
754
899
1100
761
879
1104
771
912
1168
787
942
1126
656
874
1060
714
870
1103
663
915
1184
736
909
1156
680
882
1062
643
980
1045
815
1030
1037
763
821
1119
739
932
1163
921
851
1133
805
979
1063
696
814
1198
640
889
1171
727
874
1031
674
913
1067
662
899
1050
784
857
1036
735
947
1135
743
1032
1076
651
836
1121
683
970
1184
645
1070
1113
693
895
1152
647
886
1204
700
1080
1240
738
860
1062
862
921
1114
699
1008
1283
777
910
1147
688
935
1251
691
896
1078
733
879
1069
795
937
816
757
924
1198
722
943
1100
828
930
1189
822
933
645
905
922
719
731
909
667
860
1099
747
780
1083
826
800
900
770
778
938
694
752
1050
734
853
938
707
899
964
995
782
1046
767
722
1062
693
762
944
686
811
953
813
764
1084
774
810
1034
763
871
1087
748
750
1152
889
834
997
733
884
1171
667
1021
1250
842
1001
997
859
792
1052
758
846
1047
773
929
902
971
930
1104
868
939
972
725
923
1138
895
927
1077
724
875
962
752
827
1044
751
878
1215
739
924
1024
897
868
1184
745
854
1022
733
918
1227
775
896
1126
810
900
1203
857
869
972
942
924
1107
772
999
1010
791
741
1150
825
778
963
788
793
1065
693
897
1072
809
864
1236
760
947
1229
944
825
1242
694
812
1166
719
971
1031
1001
949
986
1000
944
1008
809
924
1029
800
1037
1166
705
1000
1105
850
841
1045
681
778
1125
632
802
1159
740
902
1163
660
764
1049
711
865
1018
715
736
995
622
814
999
996
2519
1064
659
766
1022
836
835
1249
650
803
961
652
715
954
775
951
1024
692
794
959
685
821
988
740
787
949
674
775
1036
676
880
979
695
875
972
658
914
1085
745
779
977
689
825
999
710
815
1028
651
856
979
661
915
1021
718
836
1024
645
1020
986
981
911
1126
834
1052
1111
795
956
1101
745
988
1118
712
1009
1181
1055
869
1219
735
972
1182
929
927
1122
743
956
1264
755
1127
1072
719
1005
1132
753
917
992
712
830
1081
710
928
1242
685
858
1044
640
917
1058
641
977
1021
637
876
1084
686
848
1092
804
852
1025
984
940
989
717
1046
1016
653
834
1048
714
972
1190
734
934
1079
743
843
1159
1041
1090
1212
825
880
1086
724
855
1015
740
889
1066
614
789
1025
653
970
1039
732
1002
1210
1012
1066
1124
626
970
1048
663
783
1038
870
930
1026
727
848
1021
690
869
1122
650
825
1049
707
916
1187
750
1037
1308
877
885
1249
821
1073
1172
869
1027
1073
874
930
1046
879
1141
1166
827
899
1216
909
867
1217
786
992
1221
833
1005
1201
741
823
1231
815
887
1079
807
1042
1120
850
918
1172
718
971
1065
860
1042
1235
828
899
1169
785
986
1187
724
1231
1259
792
1011
1130
732
956
1529
772
1092
1151
797
1061
1148
786
973
1246
719
916
1197
820
1003
1280
842
939
1236
808
945
1250
769
926
1120
1006
987
1298
808
1170
1228
703
1004
720
704
990
777
825
1002
870
895
915
875
864
953
883
972
1103
785
849
1018
666
757
936
733
703
1084
821
928
960
806
870
997
827
775
1062
895
880
1076
773
874
1046
763
819
902
722
755
945
653
887
939
735
797
926
843
1031
931
740
761
962
655
717
1050
682
688
939
638
729
862
871
736
1002
795
839
1065
866
704
938
686
777
917
712
693
1000
742
795
875
697
834
976
799
846
898
690
802
1216
617
715
931
779
773
911
686
839
880
813
712
1014
682
742
1004
649
712
886
650
699
887
703
825
944
690
719
1003
734
766
906
729
701
976
629
744
936
602
764
945
694
739
970
632
789
1024
746
681
990
692
749
970
649
746
981
606
723
1007
627
735
1025
617
924
1172
825
888
1144
712
953
1108
759
918
1075
805
827
1084
790
840
1030
792
1008
1079
675
980
996
849
937
1055
681
973
1046
804
831
1067
815
910
970
737
985
1091
764
851
1037
905
895
989
732
884
1080
659
787
1184
734
911
1174
834
842
1034
980
850
1257
738
938
1003
693
930
1143
759
911
1064
818
824
974
744
983
1039
713
920
1034
704
776
1013
750
794
1008
827
842
1087
762
894
1015
848
1020
1072
769
955
1056
775
998
1171
718
939
1108
805
887
1170
723
925
1095
753
786
1067
695
814
1076
751
843
1071
732
897
1247
756
888
1098
909
939
1198
705
828
1074
838
803
1081
743
968
1217
820
877
1119
724
975
1065
864
882
1108
726
966
1199
780
1022
1085
856
984
1114
729
905
1183
784
848
1126
755
906
1236
765
838
1081
763
1204
1163
826
900
1089
975
973
1185
907
1147
1118
902
872
1089
849
1045
1018
928
916
1307
815
1059
1076
736
963
1140
718
1003
1142
754
1041
1251
753
936
1152
776
999
1173
675
928
1177
811
879
1112
851
1107
1237
867
1046
1130
649
907
1153
744
994
1277
776
957
1140
898
923
1193
790
849
1073
701
917
1140
757
1042
1139
697
1019
1107
799
995
1169
747
1076
1118
890
980
1203
641
859
1132
774
989
1178
724
998
1114
754
884
1197
758
919
1119
875
921
1284
812
1110
1088
780
978
1262
827
1038
1214
943
926
1119
1172
987
1264
921
993
1152
768
976
1111
604
1075
1350
713
1001
1111
795
1125
1149
832
912
1169
815
989
1064
742
891
1199
798
906
1229
867
889
1155
861
935
1117
766
982
1185
801
914
1070
788
916
1108
662
1024
773
834
933
678
651
852
682
750
1007
680
715
1083
909
907
1041
755
872
973
664
653
962
621
819
972
771
707
1036
700
881
926
872
790
905
793
916
1026
848
904
911
712
776
955
717
779
1026
752
857
993
807
809
989
916
765
952
770
816
964
795
897
1065
767
997
955
822
937
1022
803
801
948
691
752
986
810
915
973
873
867
1110
852
763
982
724
800
1049
648
878
1054
829
788
981
742
816
983
776
812
1008
744
866
940
631
815
1076
697
692
1154
789
823
928
721
829
991
792
814
1166
798
1042
1097
767
763
1158
693
818
1078
897
897
999
1061
950
1068
752
944
974
874
876
1001
796
893
1110
743
901
1049
774
870
1025
724
830
1002
686
945
1049
865
929
983
748
907
1124
749
853
1053
684
842
1115
793
823
1052
754
853
1035
815
908
973
814
874
1005
733
811
947
847
944
1049
713
754
1028
683
914
1131
806
1076
1093
665
802
1173
716
836
1166
755
886
973
819
836
1047
764
858
1141
780
899
1038
867
898
1084
634
856
964
802
908
1073
767
874
994
717
839
987
747
948
1064
656
1033
1129
756
908
1067
711
1002
1194
719
774
1078
676
937
1016
755
838
1127
729
1139
1002
802
806
1345
708
880
1104
715
826
1019
695
854
1108
764
801
1038
658
943
973
646
859
1128
764
824
1023
740
1027
1143
721
987
1185
712
1098
1209
682
888
1096
778
897
1154
769
908
1057
725
858
1028
742
878
1034
776
815
985
743
799
1221
747
873
1190
688
943
1032
789
847
1066
825
978
1198
737
934
1113
749
945
1325
835
991
1074
813
914
1106
724
858
1252
732
897
1096
847
987
1155
729
1027
1163
894
986
1188
706
926
1096
808
1019
1215
793
966
1046
776
958
1066
707
879
1152
725
1009
1086
696
1107
1150
875
979
1097
706
946
1271
836
853
1237
758
1020
1167
714
937
1069
702
1128
1244
838
1100
1123
680
913
1126
804
859
1151
700
975
1157
796
946
1316
769
979
1107
709
975
1178
756
950
1149
704
910
1207
849
1028
1195
690
852
1046
966
1047
1149
651
937
1148
785
867
1271
765
960
1103
817
871
1213
848
1007
1201
850
1028
1361
1003
1104
1254
748
828
1115
697
928
1130
743
1066
1083
647
1150
1080
764
943
1121
723
963
1208
844
910
1056
733
1102
1240
741
836
1279
736
930
881
614
1053
831
752
917
1042
671
952
1283
657
947
1193
672
840
744
652
936
942
855
904
639
694
877
620
637
931
700
703
946
862
675
940
796
641
912
699
799
983
841
643
1096
758
996
982
871
857
1009
720
863
982
708
995
893
807
886
998
681
695
968
714
773
978
771
867
1052
777
683
989
906
881
1014
768
816
1019
761
766
980
784
852
1096
776
908
999
701
789
972
709
790
944
696
721
863
786
900
956
664
747
916
821
847
1062
686
907
1016
654
721
905
769
781
1018
805
861
1161
893
921
1077
686
858
984
734
888
1054
758
800
1022
668
812
1003
934
1139
1007
770
857
1104
895
793
1027
867
862
1006
837
816
938
919
845
1027
754
886
920
749
859
1103
903
1011
1053
810
766
1025
743
1002
1018
838
777
1005
753
779
949
698
1033
1005
723
877
1115
846
838
1135
838
908
1108
827
1183
1163
824
933
1142
844
924
1100
746
965
1047
779
884
1047
713
986
1088
802
833
1070
763
994
1152
699
857
1108
848
865
1060
804
847
1011
848
888
948
835
934
1091
670
880
1078
727
845
1074
733
850
1087
739
886
1124
782
935
1210
857
983
1077
816
940
1171
757
898
1212
694
854
1043
744
834
1098
816
889
1042
823
878
1020
725
797
995
694
880
1050
777
961
1064
639
937
1016
896
963
1103
743
860
1110
847
810
1100
789
985
1198
748
894
1107
792
1018
1076
658
991
1070
822
967
1124
828
915
1098
768
988
1134
806
865
1091
725
823
1073
755
908
1232
792
850
1078
888
896
1118
684
892
1192
813
818
1023
723
843
1075
757
899
1061
731
894
1174
636
764
1099
656
901
949
627
957
1022
637
794
1103
720
815
1131
745
834
1023
667
841
1044
674
895
981
656
789
1112
766
803
1105
625
855
1033
885
870
1073
675
925
1132
716
1114
1031
747
928
1105
613
938
1076
679
867
1107
655
879
998
663
1024
1171
671
892
1147
694
843
1052
734
1053
1013
655
874
1092
666
872
1073
626
870
1084
622
883
1032
702
874
1190
609
850
1068
644
779
1114
649
993
1140
703
873
1194
942
1215
1210
1080
836
1138
771
1001
1114
682
865
1182
694
1025
1163
680
879
1075
671
1032
1081
656
1009
1152
779
995
1137
829
1046
1015
630
857
1139
710
827
1009
682
862
1136
738
917
1102
699
866
1102
636
906
1228
770
961
1276
803
965
784
685
826
834
820
1016
710
752
968
765
930
973
772
858
1024
676
905
934
724
771
994
788
814
1227
640
725
972
699
776
994
682
800
986
766
821
944
607
707
1036
674
759
989
846
693
908
676
705
990
709
728
1064
684
694
1051
743
736
1093
786
743
1009
930
773
1131
824
1060
1234
576
680
948
702
763
923
659
877
1035
726
732
1018
830
739
1081
874
792
1553
712
749
1025
1272
871
967
676
918
1060
691
900
1055
790
822
1196
1612
788
979
802
820
1032
704
872
1729
900
812
1010
723
831
1058
753
739
1142
706
876
994
851
818
980
692
813
984
750
818
1029
760
849
952
783
908
1209
776
991
1004
886
905
1030
862
952
1095
804
851
1020
673
919
1006
841
937
1007
769
903
1007
971
929
1173
811
908
1022
823
1047
1130
712
1354
1005
831
936
1120
734
789
1110
651
999
1006
674
881
1009
755
909
1114
723
936
1067
946
1010
1071
923
893
1066
812
935
1043
773
895
1082
755
909
1165
842
948
1150
989
1083
1117
812
924
1046
725
975
999
911
882
1063
745
1072
1119
714
904
1056
725
783
1021
939
890
1469
832
837
1170
875
962
1155
721
942
1013
878
1034
1149
769
979
1122
761
822
1070
816
887
1084
691
832
990
733
849
983
829
933
1135
739
1012
1159
812
909
1156
730
894
1076
809
890
1069
867
1013
1189
951
1054
1200
858
1139
1115
821
987
1094
742
878
1036
734
914
1015
771
923
1131
816
840
1153
855
1015
1148
875
910
1081
803
940
1145
876
919
1086
749
984
1100
848
892
1187
788
991
1141
789
926
1138
677
892
1091
774
912
1099
892
1041
1083
778
908
1084
864
1004
1108
769
1063
1133
748
1000
1138
725
979
1145
765
1029
1237
704
993
1193
778
1110
1103
813
1001
1067
727
1006
1200
842
1041
1112
681
981
1138
841
975
1132
745
942
1138
676
873
1012
753
1214
1234
686
1005
1159
705
909
1116
847
849
1135
855
971
1107
860
936
1217
818
989
1185
730
971
1083
755
1146
1082
673
1039
1195
824
955
1134
739
839
1089
776
919
1203
791
932
1147
812
1080
1281
797
1160
1192
737
1077
1127
773
984
1133
876
955
1173
831
1017
1119
793
981
1145
704
928
1107
805
869
1129
787
983
1181
730
1015
1259
805
876
1048
811
900
1100
755
955
1097
757
1025
1290
716
918
1084
740
937
1097
717
962
1226
769
1052
1208
874
984
1098
750
952
1122
699
844
1142
717
1150
889
743
1029
736
741
882
748
809
971
791
729
924
706
713
1061
681
720
969
684
713
960
717
767
926
718
717
984
746
865
905
708
808
944
670
687
935
720
751
1055
731
787
951
706
764
913
736
683
991
706
786
948
677
747
948
733
750
1108
678
808
939
674
855
1198
669
739
913
728
859
1019
815
823
1108
