5299
5415
3061
2916
3045
3122
2976
3004
3209
2959
3001
3140
2905
3055
3113
2958
3018
3116
2951
3053
3131
2989
3019
3117
2995
3034
3118
2954
3028
3144
2968
3036
3104
2996
3022
3114
2989
3037
3122
2995
3011
3112
2977
2983
3063
2856
2922
3013
2859
2896
3036
2862
2917
3056
2885
2929
3055
2887
2919
3055
2883
2905
3012
2859
2899
3031
2865
2900
3038
2899
2909
3043
2848
2942
3067
2859
2922
3035
2890
2924
3039
2876
2947
3078
2882
2944
3052
2884
2944
3153
2995
3080
3155
2986
3046
3148
2990
3055
3136
2996
3049
3149
2981
3069
3166
2982
3061
3148
2994
3052
3144
2980
3045
3155
2979
3052
3142
2996
3048
3137
2993
3072
3134
2986
3061
3142
2983
3058
3139
2980
3045
3143
2978
3123
3154
2998
3044
3147
2979
3065
3154
2979
3072
3142
2977
3082
3153
2960
3047
3156
2979
3056
3118
2949
3054
3182
2978
3052
3153
2993
3042
3156
2976
3051
3157
2996
3059
3165
2988
3050
3126
3015
3046
3171
2987
3087
3151
3029
3074
3156
3000
3092
3153
3007
3057
3164
3016
3064
3184
3013
3068
3139
2995
3071
3160
3001
3072
3172
2942
3070
3163
3007
3053
3151
2993
3088
3179
3015
3084
3173
3004
3087
3182
2991
3067
3150
2995
3075
3157
3001
3053
3178
3002
3100
3143
3019
3083
3170
2999
3080
3136
3015
3061
3158
2996
3073
3162
2994
3070
3156
3016
3083
3168
3024
3097
3173
2989
3058
3143
3036
3077
3161
3031
3097
3625
3003
3054
3142
2986
3092
3143
3034
3078
3148
2991
3086
3166
3016
3056
3169
2978
3078
3165
3017
3130
3138
3089
3062
3093
2925
3050
3174
2989
3085
3173
3011
3070
3179
2994
3080
3247
3099
3242
3301
3170
3256
3331
3174
3200
3299
3174
3214
3295
3181
3213
3307
3150
3231
3316
3193
3211
3295
3153
3078
3278
3172
3225
3304
3110
3227
3289
3162
3233
3276
3172
3203
3294
3181
3172
3287
3147
3231
3298
3195
3217
3280
3218
3207
3261
3196
3232
3279
3187
3175
3253
3150
3172
3279
2948
3188
3250
3120
3165
3299
3096
3179
3277
3107
3039
3287
3091
3185
3248
3101
3153
3246
3101
3190
3200
3113
3164
3249
3132
3181
3189
3124
3193
3271
3139
3181
3303
3147
3234
3294
3188
3209
3279
3156
3198
3253
3173
3205
3295
3166
3232
3310
3181
3209
3281
3153
3215
3352
3175
3227
3304
3151
3193
3293
3132
3214
3320
3157
3215
3277
3068
3172
3295
3110
3159
3260
3142
3162
3281
3210
3212
3321
3162
3197
3307
3218
3202
3267
3144
3229
3303
3166
3144
3197
3046
3126
3193
3054
3076
3227
3046
3126
3216
3041
3096
3237
3054
3121
3215
3030
3105
3219
3049
3097
3217
3043
3134
3202
3061
3053
3235
3067
3171
3243
3152
3215
3271
3150
3177
3307
3156
3171
3178
3155
3228
3294
3139
3224
3276
3147
3208
3246
3145
3201
3142
3149
3196
3281
3158
3187
3196
3137
3176
3309
3110
3199
3296
3145
3211
3304
3178
3204
3286
3152
3210
3310
3125
3133
3272
3141
3211
3303
3151
3210
3294
3171
3163
3194
3120
3196
3286
3141
3188
3291
3085
3207
3254
3205
3160
3295
3133
3193
3264
3163
3200
3285
3151
3244
3305
3155
3226
3304
3117
3209
3294
3168
3210
3287
3120
3204
3271
3079
3192
3288
3128
3216
3270
3153
3203
3287
3122
3216
3282
3137
3145
3275
3109
3198
3314
3154
3213
3317
3131
3131
3132
3102
3189
3250
3050
3242
3319
3140
3175
3289
3029
3201
3276
3145
3216
3293
3086
3212
3305
3155
3135
3318
3087
3205
3272
3142
3146
3302
3031
3188
3318
3143
3152
3302
3121
3223
3232
3107
3220
3304
3075
3197
3241
3142
3163
3282
3066
3206
3253
3150
3145
3296
3070
3225
3287
3160
3142
3297
3039
3226
3260
3116
3110
3308
3019
3206
3265
3143
3140
3293
3066
3220
3284
3110
3152
3290
3054
3201
3257
3164
3148
3292
3112
3217
3217
3166
3134
3293
3050
3248
3300
3157
3160
3311
3088
3216
3168
3070
3141
3239
3061
3148
3248
3118
3194
3293
3110
3223
3200
3147
3158
3315
3080
3203
3140
3150
3236
3301
3035
3227
3231
3108
3132
3299
3068
3200
3220
3152
3134
3314
3055
3176
3226
3150
3186
3315
3066
3215
3226
3131
3120
3298
3061
3202
3307
3148
3093
3283
3066
3211
3227
3169
3137
3295
3100
3241
3251
3139
3141
3308
3134
3196
3171
3171
3122
3298
3091
3218
3180
3141
3113
3286
3049
3196
3198
3184
3075
3315
3049
3199
3250
3157
3124
3314
3089
3211
3213
3159
3112
3320
2993
3200
3224
3155
3150
3310
3020
3212
3196
3168
3149
3301
2972
3225
3153
3156
3099
3307
3053
3215
3211
3155
3130
3333
3009
3221
3118
3161
3092
3311
3075
3209
3186
3151
3164
3324
3057
3219
3233
3173
3165
3296
3055
3201
3241
3161
3057
3318
3035
3226
3208
3102
3151
3304
3106
3222
3207
3183
3116
3340
3029
3123
3141
3005
3059
3216
2969
3151
3096
2985
2982
3236
2985
3104
3148
3045
2993
3239
3072
3126
3205
3058
3091
3222
3044
3143
3058
3043
3096
3250
3050
3136
3185
3092
3076
3247
3078
3152
3167
3080
3005
3249
3101
3148
3184
3120
3074
3228
3082
3133
3185
3113
3104
3231
2920
3121
3119
3057
3021
3166
2998
3133
3146
2984
3093
3171
3098
3045
3169
3013
3117
3231
3078
3158
3105
3076
3109
3161
3054
3155
3110
3060
3094
3158
3059
3150
3138
3033
3115
3232
3076
3158
3225
3041
3123
3164
3079
3133
3121
3121
3216
3260
3147
3250
3265
3111
3180
3260
3049
3202
3264
3066
3224
3286
3156
3241
3197
3110
3237
3295
3147
3232
3236
3123
3272
3286
3133
3282
3242
3191
3246
3287
3177
3265
3246
3125
3230
3289
3182
3255
3259
3128
3234
3270
3074
3256
3344
3170
3197
3237
3091
3238
3167
3107
3223
3301
3150
3250
3237
3166
3162
3369
3079
3291
3202
3285
3166
3381
3151
3246
3206
3226
3194
3428
3061
3184
3312
3130
3115
3407
3083
3259
3263
3304
3129
3385
3083
3242
3255
3272
3228
3283
3100
3215
3258
3264
3194
3314
3113
3243
3262
3259
3133
3383
3125
3261
3375
3224
3241
3399
3132
3240
3248
3272
3144
3385
3107
3134
3256
3089
3148
3262
3028
3165
3256
3073
3155
3264
3034
3162
3260
3075
3167
3255
3041
3159
3265
3091
3077
3185
3010
3127
3198
3072
3138
3250
3074
3144
3250
3037
3004
3213
3193
3295
3420
3182
3237
3291
3154
3116
3137
3073
3164
3266
3186
3215
3267
3133
3179
3298
3157
3230
3241
3159
3181
3308
3153
3203
3299
3132
3186
3304
3052
3206
3299
3149
3181
3260
3184
3202
3215
3139
3198
3336
3164
3220
3220
3130
3102
3214
3026
3111
3188
3038
3099
3210
3029
3103
3221
3053
3114
3216
3049
3113
3191
3024
3110
3196
3042
3091
3221
3039
3062
3196
3034
3094
3212
3036
3104
3203
3029
3095
3171
3034
3083
3219
3053
3101
3211
3046
3087
3211
3054
3102
3203
3024
3088
3194
3038
3097
3223
3034
3102
3224
3019
3092
3215
3040
3088
3194
3028
3101
3213
3046
3085
3251
3018
3098
3236
3032
3101
3221
3013
3084
3087
3028
3093
3200
3041
3088
3237
3048
3104
3201
3062
3182
3341
3281
3340
3539
3179
3222
3303
3133
3195
3246
3029
3224
3296
3184
3238
3328
3215
3194
3288
3174
3200
3279
3191
3193
3307
3177
3205
3307
3137
3206
3311
3122
3206
3253
3140
3191
3273
3160
3183
3320
3141
3198
3289
3125
3217
3279
3143
3181
3304
3134
3141
3266
3142
3212
3280
3139
3178
3266
3139
3209
3336
3166
3254
3299
3186
3238
3307
3155
3233
3290
3139
3146
3223
3064
3137
3230
3039
3136
3229
3058
3107
3187
3053
3128
3217
3042
3113
3218
3063
3140
3208
3070
3115
3231
3099
3114
3311
3201
3242
3351
3181
3266
3398
3212
3217
3334
3189
3235
3370
3198
3269
3327
3192
3258
3400
3225
3221
3306
3212
3262
3370
3180
3232
3370
3173
3289
3378
3154
3213
3347
3198
3251
3384
3192
3258
3350
3158
3183
3347
3239
3279
3376
3223
3260
3368
3210
3293
3316
3168
3218
3413
3181
3268
3381
3177
3224
3378
3156
3286
3357
3191
3309
3404
3212
3261
3363
3203
3288
3368
3048
3336
3338
3201
3278
3395
3167
3257
3327
3232
3247
3382
3203
3244
3381
3034
3263
3364
3189
3239
3308
3218
3261
3349
3185
3253
3317
3168
3229
3341
3172
3241
3339
3212
3205
3369
3147
3279
3351
3161
3243
3356
3168
3262
3333
3221
3230
3349
3200
3133
3330
3169
3265
3348
3189
3275
3363
3189
3272
3305
3192
3284
3322
3194
3265
3356
3201
3255
3334
3193
3280
3361
3154
3072
3352
3161
3217
3418
3157
3263
3348
3198
3171
3208
3214
3264
3375
3188
3264
3333
3175
3280
3324
3180
3284
3320
3145
3173
3339
3148
3234
3364
3149
3251
3316
3181
3235
3249
3157
3253
3328
3069
3207
3332
3198
3225
3282
3101
3196
3327
3133
3261
3332
3158
3220
3347
3162
3214
3313
3155
3258
3314
3166
3231
3278
3170
3237
3237
3152
3229
3306
3163
3244
3297
3137
3235
3340
3166
3246
3341
3159
3226
3352
3147
3210
3326
3147
3246
3330
3140
3253
3322
3164
3225
3344
3267
3232
3288
3115
3243
3329
3109
3229
3338
3123
3263
3314
3140
3228
3296
3164
3237
3330
3130
3203
3301
3138
3235
3319
3173
3247
3283
3131
3208
3318
3167
3224
3321
3134
3198
3318
3138
3217
3297
3145
3250
3323
3136
3217
3326
3133
3215
3306
3128
3219
3336
3158
3213
3302
3144
3224
3293
3162
3225
3303
3144
3159
3205
3057
3124
3199
3051
3119
3203
3065
3102
3211
3051
3103
3217
3046
3108
3207
3053
3129
3184
3080
3130
3220
3084
3129
3196
3073
3131
3208
3075
3118
3194
3059
3136
3223
3071
3126
3212
3038
3120
3195
2960
3124
3224
3074
3117
3181
3065
3120
3189
3044
3117
3197
3056
3128
3208
3065
3113
3234
3057
3224
3210
3087
3200
3291
3078
3186
3222
3086
3214
3261
3055
3219
3288
3056
3234
3304
3056
3140
3218
3143
3136
3270
3070
3227
3220
3058
3191
3372
3249
3307
3339
3214
3223
3378
3233
3327
3365
3248
3306
3379
3211
3324
3334
3261
3272
3413
3251
3305
3376
3282
3230
3371
3200
3275
3354
3145
3238
3313
3196
3248
3304
3197
3232
3300
3152
3237
3305
3194
3236
3331
3188
3247
3310
3184
3239
3325
3191
3249
3317
3171
3235
3276
3138
3236
3295
3183
3225
3302
3163
3258
3306
3178
3241
3329
3207
3237
3288
3174
3239
3312
3187
3236
3313
3165
3230
3316
3169
3272
3306
3168
3237
3328
3171
3257
3332
3165
3226
3306
3188
3258
3309
3187
3225
3321
3158
3214
3351
3163
3201
3306
3035
3129
3265
3166
3234
3326
3152
3210
3299
3187
3239
3316
3218
3244
3330
3185
3247
3305
3189
3249
3317
3170
3119
3365
3231
3287
3316
3190
3318
3420
3154
3370
3448
3280
3185
3347
3217
3298
3392
3322
3261
3440
3169
3369
3358
3206
3286
3337
3328
3328
3285
3245
3235
3387
3145
3292
3326
3214
3278
3355
3174
3352
3279
3287
3223
3419
3143
3319
3284
3195
3301
3362
3158
3266
3287
3100
3222
3349
2996
3130
3232
3117
3234
3342
3148
3260
3269
3187
3088
3219
3171
3223
3335
3143
3216
3309
3139
3210
3300
3167
3225
3328
3174
3233
3329
3305
3252
3427
3189
3228
3337
3299
3256
3452
3234
3251
3346
3296
3250
3314
3181
3251
3441
3352
3270
3463
3223
3259
3424
3273
3333
3481
3206
3229
3379
3207
3236
3516
3201
3241
3404
3317
3343
3353
3270
3344
3370
3271
3269
3486
3226
3401
3339
3323
3229
3319
3188
3423
3286
3318
3242
3303
3184
3370
3321
3314
3265
3416
3219
3412
3356
3310
3253
3432
3277
3206
3306
3231
3274
3508
3270
3416
3363
3334
3246
3307
3169
3269
3361
3343
3242
3492
3166
3222
3323
3251
3248
3393
3160
3327
3312
3220
3220
3374
3224
3284
3389
3280
3325
3415
3178
3234
3330
3170
3233
3301
3143
3215
3340
3141
3242
3305
3164
3148
3165
3050
3097
3231
3071
3115
3247
3038
3131
3245
3039
3097
3260
3038
3102
3209
3031
3082
3252
3071
3140
3265
3028
3129
3241
3054
3122
3225
3058
3097
3238
3072
3115
3250
3072
3143
3246
3070
3045
3217
3055
3109
3226
3051
3143
3243
3045
3091
3210
3053
3112
3223
3026
3108
3225
3048
3127
3193
3052
3114
3251
3047
3024
3228
3076
3109
3230
3063
3120
3224
3024
3100
3120
3062
3128
3268
3054
3114
3228
3048
3154
3261
3056
3125
3252
3059
3113
3235
3060
3118
3141
3046
3126
3238
3053
3111
3222
3129
3134
3233
3055
3109
3227
3096
3098
3237
3066
3144
3240
3059
3153
3262
3060
3106
3226
3079
3139
3227
3078
3063
3241
3041
3119
3248
3039
3120
3245
3082
3128
3193
3045
3124
3250
3060
3118
3262
3057
3137
3257
3098
3150
3197
3064
3128
3242
3067
3124
3251
3085
3139
3254
3067
3113
3266
3062
3122
3230
3079
3073
3245
3052
3126
3232
3052
3129
3235
3062
3122
3233
3078
3129
3230
3077
3116
3229
3058
3126
3239
3057
3117
3254
3053
3111
3210
3067
3144
3240
3062
3147
3232
3064
3111
3222
3157
3231
3315
3176
3237
3322
3100
3112
3221
3049
3114
3236
3033
3115
3257
3053
3125
3223
3065
3143
3215
3032
3107
3222
3071
3120
3216
3044
3081
3209
3049
3112
3252
3051
3122
3264
3063
3089
3231
3046
3101
3225
3048
3129
3225
3045
3135
3248
3055
3111
3209
3065
3097
3241
3041
3102
3218
3041
3125
3269
3047
3099
3134
2960
3151
3206
3122
3188
3229
3085
3157
3271
3078
3194
3309
3141
3232
3303
3150
3156
3312
3132
3212
3315
3158
3407
3314
3140
3183
3331
3150
3183
3144
2968
3008
3129
2957
3021
3173
2951
2998
3136
2960
3006
3126
2937
3023
3136
2956
3001
3110
2955
3029
3139
2954
3039
3108
2953
3016
3113
2957
3016
3120
2970
2994
3110
2959
3002
3134
2948
3022
3192
2973
3010
3110
2957
3015
3111
2956
3017
3108
2947
2993
3115
2952
3057
3122
2958
3022
3137
2956
3018
3119
2968
3013
3155
2953
3013
3132
2945
3008
3130
2954
3016
3155
2943
3006
3128
2942
3005
3129
2952
3009
3130
2956
3015
3125
2939
3009
3131
2975
3001
3200
3059
3118
3233
3086
3145
3221
3072
3120
3239
3106
3130
3261
3071
3127
3249
3077
3137
3249
3078
3130
3250
3081
3121
3222
3083
3131
3220
3082
3159
3215
3092
3131
3203
3067
3133
3203
3105
3114
3221
3073
3128
3213
3085
3145
3234
3075
3146
3207
3093
3110
3221
3070
3138
3206
3088
3115
3206
3071
3127
3193
2972
2990
3117
2949
3004
3129
2955
3024
3140
2943
3011
3121
2940
3034
3111
2944
3022
3136
2945
3010
3125
2941
3043
3140
2953
3004
3122
2946
3001
3141
2944
3014
3160
2945
3016
3128
2943
3008
3140
2946
3013
3120
2936
2999
3121
2938
2998
3168
2995
3036
3150
2958
3092
3161
2972
3030
3161
2967
3074
3184
2991
3035
3145
2969
3050
3120
2953
3000
3111
2956
2994
3115
2936
2997
3111
2931
3001
3120
2932
3002
3150
2957
3023
3151
2935
2994
3110
2931
3025
3111
2926
3020
3115
2959
2990
3132
2962
3023
3129
2949
3017
3110
2951
2996
3152
2951
3010
3131
2946
3025
3125
2947
3027
3152
2977
3032
3166
2987
3054
3160
2975
3038
3161
2966
3029
3146
2977
3044
3187
2968
3039
3154
2968
3035
3144
2974
3029
3149
2971
3036
3150
2968
3100
3166
2999
3032
3144
2968
3073
3256
3104
3137
3296
3068
3205
3285
3077
3146
3251
3065
3157
3259
3084
3144
3246
3100
3128
3256
3091
3102
3290
3087
3153
3278
3089
3142
3290
3075
3141
3253
3072
3138
3281
3076
3141
3273
3083
3135
3271
3074
3125
3278
3050
3046
3161
2985
3025
3167
3079
3144
3298
3092
3161
3309
3090
3165
3291
3083
3153
3268
3075
3162
3303
3095
3154
3271
3105
3147
3235
3043
3182
3351
3265
3314
3349
3236
3265
3361
3113
3122
3274
3145
3274
3322
3112
3176
3253
3112
3184
3264
3116
3180
3245
3116
3187
3290
3112
3146
3260
3101
3186
3258
3104
3171
3309
3125
3198
3280
3132
3160
3239
3137
3143
3257
3073
3173
3266
3096
3177
3229
3099
3176
3314
3094
3175
3243
3093
3161
3254
3102
3188
3242
3123
3142
3261
3084
3194
3297
3095
3183
3286
3123
3173
3263
3101
3179
3264
3101
3164
3465
3210
3259
3392
3222
3288
3376
3213
3275
3358
3202
3297
3375
3201
3292
3408
3179
3287
3370
3220
3257
3390
3173
3269
3378
3206
3271
3388
3210
3276
3344
3240
3282
3379
3190
3274
3375
3238
3251
3377
3201
3309
3359
3201
3305
3395
3201
3314
3344
3210
3290
3379
3208
3320
3343
3222
3306
3296
3247
3310
3353
3234
3313
3394
3211
3187
3289
3136
3211
3291
3105
3208
3251
3119
3206
3296
3130
3193
3255
3126
3179
3302
3107
3189
3217
2993
3034
3150
2971
3028
3154
2966
3033
3184
2973
3034
3141
2966
3027
3144
2973
3040
3119
2961
3031
3137
2966
3034
3151
2968
3038
3144
2967
3024
3147
2967
3032
3162
2968
3025
3158
2988
3025
3161
2966
3042
3144
2975
3023
3148
3021
3048
3175
3028
3056
3166
3007
3114
3233
3111
3143
3246
3106
3146
3262
3111
3143
3251
3070
3158
3241
3110
3140
3247
3109
3194
3219
3112
3194
3237
3089
3176
3238
3109
3170
3279
3093
3192
3219
3108
3153
3232
3108
3167
3253
3114
3134
3268
3099
3161
3266
3109
3178
3274
3097
3178
3251
3100
3149
3296
3109
3154
3268
3111
3167
3265
3092
3167
3245
3093
3161
3253
3095
3166
3305
3107
3176
3251
3087
3171
3250
3091
3154
3267
3126
3148
3260
3106
3148
3263
3091
3169
3260
3079
3151
3271
3085
3159
3259
3117
3142
3273
3094
3160
3248
3101
3138
3257
3092
3162
3227
3098
3147
3231
3118
3172
3237
3100
3147
3246
3091
3159
3242
3122
3146
3257
3105
3142
3244
3111
3164
3231
3100
3164
3284
3119
3157
3231
3099
3185
3235
3103
3162
3244
3088
3182
3248
3125
3164
3262
3091
3166
3234
3101
3163
3295
3099
3179
3226
3112
3171
3260
3098
3172
3254
3098
3154
3234
3082
3176
3235
3125
3159
3224
3118
3166
3232
3098
3158
3271
3096
3160
3260
3107
3171
3260
3091
3190
3247
3110
3176
3280
3073
3193
3265
3133
3167
3281
3105
3181
3374
3190
3254
3361
3180
3277
3351
3197
3267
3359
3217
3243
3351
3215
3259
3362
3213
3276
3340
3228
3258
3366
3201
3172
3348
3206
3249
3366
3215
3283
3349
3221
3285
3265
3211
3264
3357
3218
3256
3374
3217
3262
3361
3226
3252
3276
3132
3263
3375
3210
3248
3369
3220
3258
3371
3221
3233
3395
3211
3283
3364
3210
3255
3354
3205
3275
3355
3239
3277
3374
3197
3297
3340
3207
3271
3360
3235
3283
3366
3138
3284
3361
3201
3272
3349
3223
3269
3404
3204
3283
3362
3218
3266
3362
3215
3295
3366
3197
3285
3380
3201
3274
3365
3201
3233
3392
3213
3258
3352
3222
3263
3384
3211
3265
3362
3206
3247
3354
3192
3277
3283
3145
3177
3292
3121
3178
3265
3109
3176
3271
3123
3183
3279
3044
3167
3293
3116
3202
3276
3130
3174
3264
3130
3196
3262
3130
3167
3288
3128
3181
3296
3136
3134
3320
3133
3193
3265
3139
3172
3277
3122
3201
3287
3141
3183
3288
3121
3196
3262
3149
3187
3303
3122
3171
3260
3139
3183
3277
3116
3199
3267
3140
3193
3283
3114
3200
3288
3158
3179
3295
3136
3180
3289
3129
3198
3282
3114
3181
3269
3115
3196
3307
3138
3195
3267
3114
3180
3277
3114
3178
3279
3142
3204
3278
3120
3181
3256
3119
3210
3291
3127
3182
3267
3116
3179
3283
3141
3179
3265
3119
3195
3303
3125
3198
3256
3113
3181
3270
3115
3197
3286
3138
3193
3289
3103
3205
3276
3139
3189
3294
3130
3213
3304
3119
3196
3306
3131
3189
3269
3115
3199
3307
3129
3193
3284
3124
3197
3300
3138
3178
3295
3136
3187
3290
3134
3209
3250
3136
3190
3285
3119
3192
3283
3127
3202
3305
3119
3195
3286
3125
3181
3309
3124
3197
3284
3124
3188
3296
3141
3188
3276
3132
3187
3300
3107
3190
3283
3135
3195
3291
3120
3192
3279
3151
3182
3282
3137
3187
3272
3182
3167
3299
3113
3218
3271
3146
3200
3275
3133
3204
3264
3150
3180
3269
3136
3203
3285
3099
3204
3290
3118
3191
3291
3137
3194
3280
3134
3219
3314
3144
3199
3293
3131
3174
3282
3149
3213
3296
3141
3210
3298
3137
3190
3301
3123
3195
3303
3141
3202
3313
3130
3205
3296
3130
3190
3294
3118
3197
3278
3149
3192
3299
3134
3188
3295
3137
3189
3298
3132
3109
3189
3140
3264
3375
3271
3282
3405
3228
3335
3268
3159
3274
3283
3186
3187
3326
3130
3178
3327
3137
3172
3296
3109
3180
3284
3097
3181
3300
3112
3162
3297
3149
3159
3278
3143
3171
3304
3128
3180
3281
3113
3165
3278
3108
3166
3324
3085
3184
3333
3117
3173
3271
3117
3179
3273
3106
3168
3300
3111
3185
3287
3136
3170
3281
3115
3170
3284
3117
3165
3310
3110
3174
3283
3102
3169
3271
3118
3181
3294
3114
3175
3277
3105
3171
3291
3120
3171
3285
3113
3171
3291
3105
3168
3294
3102
3176
3272
3103
3163
3303
3105
3188
3298
3098
3165
3271
3107
3161
3275
3130
3150
3283
3113
3164
3271
3103
3159
3304
3119
3168
3285
3120
3156
3258
3107
3154
3296
3119
3163
3291
3122
3175
3280
3139
3234
3294
3139
3198
3282
3206
3323
3369
3276
3344
3358
3141
3248
3314
3174
3098
3471
3362
3287
3420
3318
3297
3416
3281
3300
3294
3150
3329
3446
3162
3345
3423
3249
3377
3470
3367
3408
3380
3360
3378
3553
3368
3424
3383
3292
3409
3444
3365
3437
3412
3287
3309
3440
3295
3450
3397
3363
3395
3483
3333
3455
3404
3310
3416
3475
3335
3420
3383
3245
3309
3396
3332
3424
3410
3301
3301
3419
3292
3296
3390
3211
3289
3375
3290
3293
3362
3297
3302
3393
3260
3295
3371
3301
3299
3363
3291
3277
3399
3128
3173
3288
3094
3172
3293
3113
3189
3295
3129
3204
3305
3122
3175
3282
3126
3169
3294
3153
3089
3276
3087
3166
3274
3132
3156
3317
3113
3170
3313
3229
3320
3382
3233
3282
3378
3220
3298
3375
3221
3294
3378
3229
3288
3390
3284
3294
3397
3257
3298
3365
3251
3309
3386
3245
3295
3409
3262
3291
3378
3254
3309
3383
3261
3314
3321
3231
3304
3372
3265
3281
3397
3219
3307
3380
3167
3298
3415
3244
3306
3380
3256
3298
3378
3270
3223
3401
3278
3289
3403
3294
3313
3382
3304
3288
3370
3257
3290
3391
3251
3299
3305
3144
3181
3270
3152
3182
3296
3140
3190
3278
3159
3190
3293
3140
3192
3263
3171
3168
3290
3146
3213
3268
3127
3183
3280
3135
3207
3297
3143
3202
3297
3140
3233
3280
3140
3191
3300
3142
3206
3302
3152
3194
3288
3163
3193
3301
3137
3216
3286
3156
3185
3297
3152
3199
3288
3127
3201
3287
3130
3203
3296
3130
3206
3316
3131
3207
3301
3228
3242
3338
3199
3260
3395
3136
3171
3315
3126
3196
3191
3001
3106
3200
3003
3067
3184
3004
3077
3193
3009
3061
3179
3008
3061
3184
2992
3079
3256
2997
3060
3176
3000
3086
3178
3004
3083
3185
3000
3061
3177
2998
3060
3203
3013
3059
3196
3000
3075
3210
2992
3058
3187
3002
3086
3174
3016
3077
3242
3024
3067
3197
3012
3114
3240
3017
3062
3208
3037
3073
3191
3009
3078
3174
3013
3083
3241
3014
3067
3190
3009
3075
3223
3005
3085
3202
3009
3071
3188
3010
3070
3192
3025
3078
3181
3010
3068
3206
3001
3072
3202
3035
3091
3192
3004
3082
3218
3012
3080
3186
3008
3072
3211
3006
3064
3195
3007
3069
3215
3206
3330
3351
3179
3333
3308
3085
3214
3368
3176
3194
3290
3158
3243
3312
3169
3212
3278
3153
3217
3226
3184
3221
3346
3149
3232
3332
3135
3208
3337
3189
3224
3289
3172
3216
3321
3050
3227
3312
3165
3225
3307
3189
3242
3379
3180
3299
3320
3188
3225
3313
3170
3367
3335
3149
3208
3308
3178
3221
3313
3162
3237
3329
3163
3232
3329
3159
3221
3318
3165
3224
3317
3173
3228
3299
3176
3205
3321
3154
3211
3285
3167
3237
3312
3151
3234
3293
3149
3212
3319
3160
3208
3311
3160
3222
3346
3160
3206
3305
3201
3210
3297
3149
3212
3336
3177
3235
3296
3186
3210
3308
3139
3438
3466
3285
3401
3437
3304
3358
3413
3260
3394
3348
3272
3453
3408
3248
3386
3406
3275
3370
3431
3291
3338
3410
3248
3418
3440
3338
3440
3475
3361
3390
3486
3393
3383
3528
3335
3476
3501
3391
3392
3521
3315
3437
3470
3358
3407
3550
3351
3444
3483
3378
3407
3514
3362
3433
3475
3400
3413
3411
3360
3444
3475
3405
3387
3538
3297
3462
3488
3388
3405
3446
3211
3455
3508
3381
3400
3499
3337
3300
3470
3383
3403
3490
3229
3284
3391
3232
3290
3392
3250
3275
3333
3190
3269
3328
3193
3266
3323
3194
3264
3322
3208
3261
3331
3180
3224
3333
3201
3281
3332
3194
3241
3353
3178
3264
3392
3198
3273
3335
3200
3284
3286
3189
3192
3337
3207
3260
3352
3109
3285
3344
3205
3255
3279
3204
3249
3328
3176
3201
3342
3181
3269
3327
3222
3248
3335
3193
3259
3288
3222
3267
3296
3194
3275
3298
3191
3229
3365
3200
3259
3349
3193
3235
3345
3180
3265
3348
3099
3191
3323
3172
3243
3281
3177
3292
3389
3237
3209
3416
3301
3353
3456
3264
3348
3423
3294
3331
3448
3276
3359
3431
3363
3340
3414
3297
3339
3439
3311
3324
3453
3288
3382
3425
3270
3334
3456
3304
3336
3424
3304
3340
3427
3257
3359
3368
3281
3348
3439
3289
3324
3456
3333
3346
3432
3297
3322
3424
3305
3326
3362
3295
3326
3426
3297
3326
3434
3296
3369
3434
3288
3354
3433
3281
3333
3418
3301
3330
3442
3284
3347
3431
3248
3346
3425
3282
3340
3443
3299
3339
3461
3286
3359
3442
3270
3234
3427
3289
3363
3449
3304
3333
3470
3284
3361
3422
3299
3355
3454
3263
3352
3405
3293
3337
3450
3307
3344
3420
3288
3343
3429
3273
3359
3455
3302
3333
3423
3316
3366
3397
3295
3341
3446
3240
3342
3450
3273
3343
3418
3229
3315
3400
3319
3362
3294
3281
3356
3440
3343
3345
3421
3286
3373
3414
3319
3386
3436
3288
3368
3439
3301
3394
3413
3297
3357
3431
3306
3360
3463
3292
3369
3426
3295
3346
3490
3295
3350
3421
3269
3347
3443
3265
3376
3425
3263
3329
3421
3261
3360
3437
3268
3357
3414
3278
3310
3437
3154
3346
3430
3290
3364
3467
3345
3318
3385
3301
3353
3460
3272
3343
3432
3285
3354
3452
3270
3351
3460
3234
3225
3073
3164
3231
3445
3298
3219
3082
3146
3175
3091
3139
3223
3423
3172
3230
3089
3141
3232
3093
3166
3355
3090
3131
3229
3071
3140
3229
3121
3089
3218
3090
3157
3239
3085
3134
3237
3095
3178
3256
3104
3157
3249
3095
3057
3231
2974
3171
3265
3106
3160
3239
3094
3170
3221
3054
3131
3224
3096
3147
3240
3056
3097
3232
3158
3324
3257
3084
3440
3400
3151
3274
3256
3118
3320
3401
3124
3159
3260
3086
3326
3342
3186
3291
3229
3208
3226
3392
3104
3158
3267
3218
3197
3334
3205
3224
3222
3128
3271
3327
3197
3301
3196
3215
3235
3280
3121
3229
3300
3088
3204
3385
3173
3258
3361
3227
3251
3359
3195
3292
3297
3143
3252
3379
3144
3254
3279
3101
3296
3319
3221
3242
3267
3161
3227
3319
3192
3253
3339
3210
3181
3239
3208
3239
3240
3182
3298
3231
3215
3232
3336
3185
3271
3319
3226
3283
3203
3116
3297
3371
3130
3191
3304
3208
3151
3329
3135
3174
3168
3076
3270
3385
3228
3205
3293
3220
3253
3388
3207
3248
3378
3090
3126
3225
3074
3243
3240
3182
3150
3315
3095
3207
3306
2965
3230
3326
3068
3251
3264
3091
3229
3300
3012
3116
3309
3164
3151
3291
3175
3218
3253
3184
3140
3346
3099
3159
3228
3168
3163
3244
3172
3212
3305
3174
3148
3241
3097
3263
3246
3146
3229
3305
3177
3216
3236
3136
3153
3249
3072
3135
3320
3169
3250
3293
3098
3241
3217
3098
3046
3230
3162
3232
3198
3146
3188
3294
3067
3181
3223
3088
3279
3329
3179
3272
3309
3158
3170
3321
3166
3275
3222
3070
3169
3209
3146
3246
3218
3172
3149
3260
3162
3237
3208
3136
3245
3313
3102
3244
3223
2955
3042
3154
2996
3060
3164
2967
3047
3161
2966
3032
3162
2919
2969
3131
2960
3022
3157
3083
3110
3157
2959
3083
3149
2974
3037
3186
2977
3009
3125
2967
3027
3135
2956
3018
3135
2949
3027
3137
2953
3022
3140
2951
3024
3129
2954
3016
3156
2949
3023
3147
2956
3008
3098
2958
3012
3172
2943
3022
3147
2947
3058
3152
2950
3009
3123
2957
3037
3151
2943
3030
3146
3113
3150
3248
3080
3174
3249
3102
3024
3235
3124
3148
3220
3038
3173
3260
3101
3172
3272
3097
3175
3255
3121
3164
3260
3079
3169
3248
3109
3152
3253
3082
3167
3210
3092
3150
3253
3085
3151
3241
3098
3158
3264
3101
3161
3267
3098
3117
3236
3080
3178
3249
3097
3139
3246
3065
3158
3253
3118
3161
3253
3081
3158
3239
3081
3144
3244
3087
3142
3266
3103
3131
3252
3091
3154
3246
3028
3111
3242
3086
3153
3233
3096
3162
3252
3076
3152
3234
3102
3155
3251
3012
3127
3179
3100
3151
3251
3067
3154
3216
3103
3157
3224
3109
3169
3433
3155
3190
3299
3160
3185
3232
3146
3167
3259
3078
3192
3251
3134
3188
3254
3124
3176
3237
3119
3188
3239
3105
3192
3241
3107
3158
3232
3136
3167
3204
3110
3172
3240
3097
3201
3237
3133
3167
3152
3139
3173
3266
3127
3184
3275
3094
3185
3258
3030
3184
3311
3088
3193
3239
3108
3153
3290
3092
3173
3263
3128
3172
3280
3115
3164
3256
3142
3170
3266
3099
3139
3266
3123
3183
3258
3087
3190
3257
3130
3167
3256
3082
3161
3260
3143
3177
3282
3111
3126
3170
2958
3045
3132
2973
3030
3149
2988
3037
3147
2973
3009
3166
2971
3042
3156
2973
3028
3132
2981
3042
3126
2984
3032
3146
2936
2985
3161
3009
3156
3231
3034
3204
3249
3146
3058
3090
3048
3152
3254
3193
3247
3297
3145
3255
3309
3167
3221
3327
3183
3219
3283
3156
3216
3305
3080
3200
3300
3162
3218
3310
3208
3214
3287
3124
3125
3282
3182
3222
3308
3143
3209
3283
3150
3219
3259
3139
3221
3297
3141
3198
3316
3123
3237
3296
3136
3223
3283
3179
3198
3333
3160
3178
3306
3147
3245
3319
3171
3223
3302
3074
3207
3317
3156
3167
3275
3135
3193
3308
3160
3205
3317
3169
3237
3228
3118
3175
3311
3160
3214
3315
3148
3199
3332
3171
3170
3326
3205
3198
3329
3159
3228
3315
3230
3231
3314
3143
3202
3295
3147
3229
3312
3192
3248
3303
3141
3235
3312
3229
3226
3309
3167
3208
3329
3182
3226
3298
3165
3234
3298
3190
3079
3184
3027
3063
3141
2981
3051
3203
2987
3038
3085
3087
3137
3231
3069
3141
3253
3049
3148
3239
3007
3136
3211
3053
3076
3252
2997
3153
3216
3063
3137
3231
3067
3109
3230
3067
3125
3201
3076
3146
3121
3072
3166
3225
3010
3116
3234
3048
3125
3247
3063
3124
3211
3071
3125
3238
3045
3143
3222
3075
3126
3224
2990
3149
3278
3104
3151
3295
3101
3139
3263
3096
3164
3298
3098
3182
3273
3097
3185
3270
3109
3177
3234
3128
3172
3274
3104
3177
3265
3096
3165
3250
3120
3176
3263
3128
3151
3268
3108
3181
3271
3110
3170
3267
3123
3162
3264
3105
3170
3259
3112
3138
3265
3119
3179
3273
3093
3179
3261
3120
3168
3250
3118
3166
3277
3088
3163
3258
3115
3175
3259
3047
3167
3254
3108
3193
3261
3104
3165
3255
3090
3075
3173
3086
3158
3271
3106
3171
3256
3122
3166
3171
3128
3209
3247
3122
3180
3256
3105
3186
3260
3129
3192
3258
3102
3192
3293
3115
3168
3275
3093
3166
3259
3125
3110
3301
3139
3176
3272
3102
3194
3268
3120
3186
3279
3123
3177
3283
3123
3206
3285
3122
3170
3264
3115
3164
3266
3116
3182
3270
3111
3150
3279
3134
3193
3273
3129
3169
3282
3110
3185
3281
3111
3152
3276
3140
3194
3254
3099
3193
3257
3109
3167
3264
3101
3152
3268
3098
3175
3283
3116
3176
3264
3140
3168
3259
3138
3157
3249
3105
3168
3256
3126
3168
3187
3132
3200
3268
3131
3186
3256
3128
3185
3259
3127
3190
3267
3138
3173
3265
3129
3197
3300
3122
3181
3287
3126
3138
3261
3088
3138
3336
3126
3222
3258
3001
3180
3224
3108
3239
3295
3209
3171
3315
3102
3244
3247
3188
3179
3342
3100
3212
3276
3188
3160
3342
3108
3238
3201
3147
3172
3325
3115
3165
3173
3166
3186
3347
3119
3221
3248
3146
3175
3321
3110
3206
3278
3174
3161
3299
3100
3215
3258
3175
3167
3307
3093
3256
3249
3199
3177
3296
3137
3201
3262
3171
3203
3328
3121
3284
3278
3210
3193
3305
3119
3198
3271
3185
3197
3320
3119
3237
3259
3202
3181
3317
3104
3252
3266
3175
3200
3276
3116
3244
3272
3184
3194
3341
3107
3258
3276
3187
3181
3311
3118
3235
3276
3186
3203
3304
3097
3227
3251
3186
3125
3269
3111
3168
3278
3134
3204
3288
3125
3189
3280
3105
3186
3217
3117
3156
3293
3095
3171
3244
3124
3171
3277
3120
3180
3281
3134
3168
3274
3105
3171
3254
3136
3160
3262
3127
3180
3270
3107
3183
3265
3097
3177
3237
3117
3154
3274
3107
3178
3292
3105
3196
3255
3119
3197
3265
3142
3191
3260
3138
3177
3241
3121
3169
3281
3159
3204
3259
3132
3163
3277
3094
3173
3241
3141
3196
3271
3149
3204
3263
3137
3162
3261
3136
3184
3263
3155
3160
3276
3117
3161
3198
3128
3171
3265
3100
3169
3263
3118
3176
3255
3159
3179
3241
3132
3170
3261
3119
3190
3239
3125
3178
3252
3122
3183
3244
3128
3188
3269
3118
3168
3278
3141
3190
3278
3114
3162
3292
3140
3162
3277
3117
3186
3268
3124
3202
3303
3114
3188
3275
3123
3198
3289
3120
3187
3270
3125
3199
3275
3129
3186
3268
3119
3146
3297
3137
3197
3263
3113
3184
3281
3114
3157
3275
3064
3198
3290
3082
3196
3273
3112
3196
3270
3103
3156
3282
3136
3149
3282
3161
3185
3241
3123
3110
3272
3143
3210
3243
3133
3175
3263
3126
3184
3286
3128
3164
3265
3125
3182
3248
3123
3159
3255
3090
3186
3263
3127
3184
3275
3104
3177
3275
3139
3176
3291
3148
3189
3267
3103
3194
3287
3146
3205
3289
3114
3175
3298
3137
3178
3295
3138
3195
3282
3118
3184
3289
3136
3193
3282
3124
3193
3283
3126
3178
3277
3097
3170
3269
3128
3175
3282
3115
3210
3274
3133
3202
3279
3122
3234
3294
3143
3194
3274
3115
3176
3257
3042
3178
3268
3097
3187
3291
3122
3174
3293
3099
3177
3281
3234
3352
3165
2983
3201
3253
3110
3162
3258
3078
3155
3227
3007
3033
3170
3182
3213
3356
3203
3263
3247
3114
3205
3266
3156
3218
3305
3142
3208
3202
3152
3252
3299
3192
3202
3351
3125
3250
3272
3195
3196
3326
3138
3257
3282
3207
3198
3330
3063
3271
3273
3205
3200
3353
3125
3280
3273
3181
3097
3347
3138
3206
3294
3138
3213
3334
3169
3239
3247
3174
3219
3286
3130
3332
3305
3186
3184
3325
3136
3230
3319
3188
3185
3317
3186
3255
3279
3172
3211
3319
3142
3261
3275
3168
3230
3361
3133
3249
3293
3186
3226
3345
3137
3263
3306
3196
3213
3348
3163
3237
3267
3238
3205
3352
3140
3265
3368
3233
3225
3418
3191
3235
3276
3188
3252
3350
3146
3240
3291
3131
3195
3348
3143
3240
3313
3180
3211
3309
3156
3196
3320
3163
3263
3284
3163
3210
3311
3152
3189
3340
3163
3240
3307
3167
3251
3246
3198
3268
3371
3207
3277
3343
3205
3322
3358
3230
3304
3376
3211
3296
3308
3175
3254
3364
3230
3261
3353
3209
3289
3359
3189
3281
3368
3230
3258
3346
3132
3281
3330
3205
3123
3370
3164
3265
3351
3214
3319
3332
3218
3273
3322
3230
3281
3362
3222
3261
3357
3257
3220
3361
3092
3237
3345
3226
3267
3377
3172
3282
3319
3222
3232
3365
3189
3255
3322
3233
3255
3359
3200
3235
3261
3209
3226
3363
3184
3263
3310
3206
3225
3359
3123
3282
3358
3221
3248
3353
3200
3291
3362
3219
3201
3345
3178
3305
3293
3205
3198
3369
3053
3153
3217
3096
3092
3271
3073
3157
3220
3107
3107
3184
3032
3099
3204
3005
3108
3262
3043
3095
3177
3053
3077
3245
3026
3093
3251
3050
3090
3190
3006
3090
3203
3156
3148
3167
3027
3118
3239
3035
3100
3207
3015
3086
3210
3024
3105
3226
3036
3100
3210
3029
3079
3206
3024
3070
3215
3039
3103
3214
3045
3092
3194
3016
3036
3162
3029
3068
3189
3032
3068
3220
3038
3090
3207
3045
3082
3187
3015
3098
3206
3035
3092
3235
3047
3095
3214
3063
3079
3234
3027
3111
3227
3035
3101
3215
3031
3121
3155
3044
3073
3207
3062
3104
3211
3027
3097
3185
3061
3109
3211
3073
3094
3209
3059
3121
3232
3076
3114
3209
3062
3103
3209
3065
3089
3253
3051
3096
3197
3049
3103
3200
3067
3098
3215
3050
3110
3245
3046
3092
3255
3015
3075
3178
3019
3090
3195
3047
3103
3232
3034
3117
3247
3064
3117
3187
2986
3110
3203
3147
3237
3280
3133
3215
3321
3136
3241
3295
3176
3229
3300
3060
3248
3305
3126
3250
3187
3151
3239
3316
3165
3241
3304
3161
3216
3289
3061
3204
3319
3165
3218
3314
3135
3227
3307
3159
3058
3308
3091
3213
3300
3178
3231
3332
3162
3206
3216
3193
3140
3300
3146
3220
3319
3173
3225
3296
3166
3208
3291
3151
3195
3277
3167
3225
3281
3170
3219
3307
3114
3215
3308
3146
3202
3317
3176
3217
3311
3136
3252
3287
3140
3210
3310
3141
3193
3279
3165
3200
3302
3174
3204
3277
3160
3205
3326
3179
3244
3286
3172
3208
3266
3141
3233
3312
3152
3201
3291
3143
3231
3314
3195
3221
3339
3135
3244
3373
3140
3285
3394
3213
3299
3367
3154
3276
3361
3208
3208
3360
3160
3291
3381
3208
3227
3378
3193
3266
3349
3205
3235
3347
3165
3295
3301
3210
3273
3345
3203
3252
3323
3190
3293
3358
3263
3330
3410
3281
3394
3445
3341
3355
3430
3346
3398
3430
3293
3354
3417
3345
3387
3483
3162
3212
3317
3160
3204
3298
3158
3213
3301
3164
3208
3298
3156
3220
3295
3168
3243
3298
3170
3233
3353
3157
3228
3328
3150
3305
3309
3171
3193
3330
3167
3224
3347
3170
3228
3308
3174
3243
3355
3152
3296
3300
3183
3242
3332
3170
3239
3332
3186
3186
3283
3121
3192
3278
3132
3233
3328
3177
3228
3363
3234
3271
3388
3111
3268
3319
3165
3215
3346
3167
3210
3327
3179
3212
3337
3145
3243
3356
3223
3072
3391
3167
3202
3326
3178
3211
3328
3184
3240
3309
3151
3269
3356
3184
3237
3322
3190
3228
3353
3153
3245
3347
3178
3224
3342
3141
3232
3334
3148
3219
3323
3130
3266
3354
3195
3238
3339
3175
3269
3340
3198
3240
3354
3135
3231
3272
3143
3192
3309
3132
3233
3287
3188
3234
3331
3165
3214
3351
3051
3251
3339
3162
3259
3342
3169
3235
3342
3188
3247
3322
3188
3229
3339
3179
3264
3319
3168
3224
3316
3151
3232
3316
3158
3226
3343
3166
3236
3334
3178
3241
3333
3128
3258
3304
3155
3232
3350
3126
3258
3334
3146
3249
3232
3204
3242
3381
3172
3333
3356
3177
3312
3376
3184
3294
3371
3194
3307
3301
3152
3284
3365
3206
3253
3269
3229
3323
3394
3183
3245
3402
3178
3233
3152
3165
3173
3160
3203
3254
3374
3192
3264
3322
3180
3259
3198
3084
3183
3315
3191
3259
3358
3168
3275
3339
3182
3258
3338
3190
3243
3316
3176
3270
3376
3184
3260
3359
3174
3253
3353
3172
3280
3341
3204
3260
3344
3227
3184
3332
3015
3251
3340
3176
3269
3305
3180
3218
3227
3188
3279
3320
3198
3249
3356
3210
3282
3339
3116
3227
3344
3187
3236
3383
3184
3268
3327
3179
3171
3321
3160
3251
3311
3176
3235
3289
3175
3241
3216
3176
3248
3305
3208
3228
3295
3132
3287
3322
3216
3266
3356
3175
3275
3333
3194
3160
3352
3214
3280
3324
3193
3300
3356
3192
3296
3352
3194
3252
3358
3174
3299
3357
3196
3254
3358
3198
3285
3335
3222
3299
3360
3201
3279
3340
3181
3246
3330
3193
3219
3355
3182
3161
3253
3193
3255
3354
3173
3247
3355
3148
3224
3296
3029
3213
3273
3114
3188
3301
3165
3202
3315
3154
3155
3317
3057
3154
3312
3178
3167
3300
3101
3329
3250
3166
3151
3227
3139
3208
3314
3166
3235
3284
3072
3198
3216
3160
3218
3308
3147
3221
3266
3149
3219
3303
3085
3242
3306
3121
3232
3307
3173
3218
3312
3145
3184
3259
2954
3225
3285
3114
3218
3266
3141
3223
3233
3072
3178
3317
3083
3236
3297
3148
3236
3323
3153
3232
3295
3140
3230
3304
3081
3139
3203
2977
3041
3135
2995
3046
3131
2975
3033
3138
2998
3050
3146
2988
3056
3139
2972
3050
3145
3004
3050
3119
3013
3063
3137
3165
3149
3295
3114
3223
3309
3139
3231
3316
3154
3236
3245
2981
3031
3124
2960
3025
3115
2954
3011
3132
2958
3017
3121
2966
3018
3135
2960
3040
3114
2987
3007
3141
2946
3070
3137
2956
3016
3112
2969
3027
3094
2965
3019
3132
2948
3049
3106
2973
3014
3124
2994
3092
3118
2950
3007
3126
2951
3010
3115
2944
3002
3130
2943
3011
3120
2941
3005
3111
2942
3009
3150
2966
3018
3149
2953
3011
3124
2952
3027
3128
2938
3009
3127
2952
3007
3147
2979
3003
3123
2938
3011
3120
2956
3065
3127
2951
3006
3124
2980
3011
3120
2965
3025
3115
2964
3003
3125
2965
2999
3116
2952
3006
3144
2958
2999
3141
2956
3009
3133
2955
3010
3146
2961
3002
3137
2956
3019
3130
2957
3016
3121
2955
2997
3152
2953
3042
3138
2961
2992
3137
2951
3020
3112
2952
3021
3141
2949
3018
3132
3059
3113
3202
2995
3163
3251
3069
3142
3248
3074
3164
3253
3075
3157
3221
3083
3135
3255
3072
3147
3243
3075
3135
3248
3078
3137
3245
3075
3033
3138
2957
3009
3116
2942
3013
3124
2983
3039
3161
2951
3008
3119
2944
3001
3136
2939
3014
3126
2943
3003
3131
2937
3005
3123
2965
3002
3139
2937
3052
3157
2973
3039
3175
2969
3035
3153
2939
2999
3142
2967
3026
3115
2942
3019
3129
2947
3000
3156
2947
3012
3139
2938
3000
3116
2948
3020
3135
2974
3025
3137
2957
3018
3139
2957
3022
3131
2957
3018
3168
2955
3014
3125
2956
3011
3140
2993
3016
3131
2954
3012
3151
2957
3015
3150
2967
3038
3137
2949
3018
3142
3191
3292
3398
3192
3283
3419
3206
3285
3353
3206
3214
3427
3167
3230
3348
3191
3224
3363
3204
3268
3352
3175
3267
3377
3195
3266
3328
3185
3252
3335
3204
3265
3359
3227
3261
3312
3197
3272
3335
3184
3256
3296
3179
3275
3365
3203
3259
3289
3201
3270
3349
3211
3261
3277
3230
3263
3347
3210
3246
3295
3159
3239
3351
3198
3262
3281
3211
3267
3325
3200
3263
3293
3207
3268
3364
3232
3246
3282
3231
3268
3345
3197
3264
3307
3200
3167
3265
3218
3252
3284
3208
3265
3365
3185
3301
3287
3175
3247
3355
3227
3263
3263
3216
3271
3353
3242
3258
3301
3188
3265
3349
3227
3275
3295
3223
3298
3364
3219
3268
3325
3193
3271
3359
3222
3275
3297
3212
3265
3353
3225
3273
3293
3200
3269
3354
3236
3300
3323
3196
3264
3360
3222
3271
3302
3222
3263
3345
3192
3281
3322
3194
3267
3399
3248
3288
3307
3212
3280
3322
3234
3407
3441
3322
3258
3353
3236
3274
3307
3240
3258
3379
3235
3278
3317
3171
3292
3324
3177
3273
3308
3205
3257
3365
3193
3266
3330
3194
3251
3338
3246
3259
3336
3223
3269
3277
3206
3259
3279
3187
3265
3348
3207
3264
3292
3221
3261
3355
3196
3248
3290
3229
3270
3323
3192
3268
3298
3207
3236
3358
3208
3282
3321
3187
3259
3461
3206
3310
3382
3216
3272
3332
3217
3308
3306
3311
3275
3344
3146
3469
3284
3362
3262
3355
3252
3292
3303
3315
3270
3379
3221
3266
3310
3214
3264
3353
3246
3444
3313
3294
3179
3372
3236
3433
3309
3151
3261
3530
3246
3429
3201
3295
3260
3356
3247
3392
3290
3366
3266
3506
3014
3073
3292
3093
3292
3380
3211
3278
3329
3221
3135
3221
3228
3225
3348
3212
3332
3316
3257
3295
3350
3266
3326
3392
3191
3268
3415
3237
3326
3381
3141
3282
3407
3168
3295
3351
3216
3275
3412
3196
3154
3376
3214
3201
3400
3265
3292
3339
3202
3282
3369
3232
3309
3283
3218
3288
3393
3298
3281
3348
3109
3216
3405
3296
3327
3360
3263
3258
3393
3298
3283
3353
3212
3296
3375
3089
3141
3257
3074
3097
3228
3070
3131
3248
3078
3127
3232
3076
3136
3243
3065
3152
3232
3072
3145
3272
3109
3175
3289
3100
3129
3283
3093
3141
3260
3106
3146
3248
3070
3115
3277
3027
3198
3268
3092
3159
3296
3104
3181
3293
3096
3169
3283
3094
3156
3271
3076
3125
3252
3057
3135
3256
3067
3144
3255
3216
3311
3421
3493
3409
3398
3231
3398
3426
3308
3302
3268
3137
3237
3377
3221
3285
3339
3137
3225
3350
3220
3323
3357
3223
3218
3395
3220
3285
3333
3217
3264
3390
3225
3300
3319
3265
3220
3366
3216
3264
3330
3249
3238
3357
3217
3298
3385
3203
3229
3366
3239
3275
3320
3187
3215
3384
3226
3289
3331
3230
3241
3254
3140
3207
3344
3138
3249
3264
3069
3211
3328
3141
3212
3273
3127
3194
3324
3132
3261
3288
3224
3290
3324
3218
3235
3372
3207
3293
3363
3220
3236
3372
3206
3287
3322
3225
3230
3405
3145
3297
3304
3215
3247
3360
3223
3300
3319
3241
3206
3383
3214
3300
3309
3203
3228
3365
3218
3310
3303
3224
3219
3349
3280
3300
3309
3218
3305
3390
3293
3344
3355
3284
3299
3389
3256
3275
3300
3219
3301
3380
3181
3288
3308
3232
3311
3379
3260
3301
3294
3202
3137
3384
3268
3299
3322
3255
3314
3301
3256
3273
3390
3261
3300
3381
3273
3321
3375
3313
3314
3443
3230
3384
3300
3225
3295
3340
3259
3396
3329
3190
3210
3385
3260
3314
3291
3339
3290
3375
3251
3275
3289
3319
3273
3370
3156
3307
3324
3302
3309
3373
3255
3376
3378
3330
3217
3380
3248
3291
3280
3216
3308
3414
3266
3374
3344
3255
3288
3437
3276
3302
3348
3299
3282
3431
3279
3382
3322
3238
3295
3387
3266
3290
3406
3222
3264
3379
3266
3296
3333
3192
3273
3385
3275
3284
3417
3211
3256
3375
3244
3268
3384
3219
3250
3363
3259
3289
3381
3297
3261
3383
3255
3271
3334
3189
3260
3286
3149
3194
3277
3214
3202
3220
3184
3194
3261
3214
3244
3273
3172
3285
3287
3144
3237
3281
3166
3288
3240
3109
3236
3255
3166
3294
3274
3130
3218
3339
3159
3279
3312
3221
3265
3341
3149
3205
3300
3137
3230
3314
3152
3291
3291
3215
3253
3291
3143
3327
3291
3207
3245
3266
3059
3259
3230
3136
3241
3334
3205
3353
3313
3290
3252
3341
3193
3221
3285
3239
3217
3358
3167
3392
3390
3247
3305
3303
3209
3377
3329
3242
3294
3302
3177
3386
3320
3250
3250
3421
3200
3383
3322
3225
3244
3426
3218
3369
3336
3238
3321
3331
3195
3367
3309
3142
3215
3311
3191
3335
3409
3225
3220
3327
3201
3332
3429
3250
3234
3363
3219
3271
3297
3226
3288
3269
3208
3265
3263
3164
3221
3289
3083
3168
3232
3119
3235
3283
3202
3166
3186
3142
3228
3282
3194
3183
3267
3130
3228
3280
3122
3199
3229
3120
3220
3285
3134
3192
3217
3113
3163
3271
3194
3180
3245
3126
3214
3298
3160
3197
3270
3114
3186
3300
3159
3185
3211
3118
3182
3309
3065
3224
3245
3151
3204
3292
3153
3171
3162
3144
3099
3327
3168
3187
3204
3145
3162
3303
3154
3205
3227
3139
3185
3322
3166
3183
3164
3125
3176
3305
3164
3194
3226
3117
3165
3304
3143
3108
3209
3147
3180
3327
3156
3178
3229
3137
3161
3304
3145
3178
3208
3103
3150
3300
3165
3181
3219
3149
3149
3316
3162
3231
3212
3140
3159
3301
3176
3193
3236
3131
3148
3290
3151
3208
3241
3148
3158
3297
3153
3194
3228
3119
3157
3302
3153
3213
3267
3130
3159
3304
3164
3192
3234
3127
3156
3307
3143
3195
3157
3138
3144
3309
3136
3202
3222
3130
3142
3287
3134
3205
3155
3123
3147
3315
3133
3196
3209
3126
3146
3292
3141
3163
3229
3144
3146
3325
3124
3192
3228
3149
3132
3311
3156
3191
3260
3125
3156
3307
3118
3200
3233
3150
3144
3306
3125
3145
3173
3103
3083
3284
3110
3156
3363
3215
3239
3390
3223
3288
3301
3266
3257
3372
3183
3287
3353
3248
3263
3384
3214
3284
3291
3266
3124
3386
3109
3286
3250
3260
3236
3381
3134
3215
3237
3135
3125
3322
3117
3171
3206
3130
3149
3293
3110
3117
3166
3147
3230
3371
3186
3309
3262
3256
3245
3416
3166
3284
3261
3256
3218
3379
3090
3308
3295
3235
3247
3401
3145
3304
3153
3054
3161
3283
3105
3172
3242
3167
3177
3323
3029
3131
3232
3093
3183
3316
3112
3211
3247
3297
3208
3399
3143
3312
3361
3226
3194
3392
3137
3316
3242
3252
3194
3398
3240
3309
3273
3252
3193
3398
3186
3307
3335
3240
3179
3391
3167
3312
3339
3271
3193
3401
3166
3311
3256
3300
3199
3391
3167
3324
3295
3259
3181
3394
3172
3299
3327
3252
3204
3401
3163
3292
3327
3252
3180
3415
3169
3304
3298
3263
3194
3326
3171
3314
3369
3215
3187
3421
3158
3304
3360
3168
3215
3416
3150
3311
3364
3262
3218
3414
3164
3324
3307
3196
3210
3419
3156
3301
3329
3243
3189
3393
3160
3281
3368
3255
3195
3445
3109
3312
3312
3249
3187
3364
3165
3234
3307
3250
3193
3423
3145
3330
3321
3255
3199
3301
3062
3295
3198
3216
3157
3377
3097
3276
3199
3186
3146
3383
3121
3285
3321
3188
3155
3385
3208
3328
3336
3239
3261
3442
3180
3346
3344
3255
3262
3406
3189
3335
3353
3226
3283
3427
3195
3337
3330
3234
3257
3397
3181
3304
3375
3243
3335
3507
3350
3433
3585
3357
3174
3356
3346
3399
3505
3337
3363
3398
3278
3388
3478
3341
3200
3480
3329
3415
3498
3307
3371
3425
3299
3320
3395
3239
3391
3457
3219
3393
3477
3317
3379
3460
3295
3380
3493
3308
3431
3452
3130
3275
3527
3327
3258
3455
3273
3426
3399
3253
3424
3372
3216
3219
3321
3145
3164
3319
3095
3232
3287
3135
3153
3323
3076
3177
3294
3165
3169
3343
3099
3220
3327
3111
3154
3312
3085
3196
3306
3165
3152
3335
3093
3227
3319
3161
3155
3310
3096
3226
3298
3114
3197
3339
3090
3200
3304
3133
3151
3313
3092
3173
3302
3119
3126
3285
3091
3217
3319
3142
3154
3332
3097
3172
3319
3162
3184
3330
3112
3216
3325
3140
3168
3302
3096
3190
3283
3101
3149
3328
3093
3218
3318
3141
3152
3285
3069
3163
3308
3165
3184
3340
3069
3245
3325
3143
3156
3317
3103
3192
3293
3098
3162
3292
3079
3202
3324
3138
3147
3315
3133
3191
3348
3151
3192
3335
3111
3211
3280
3143
3167
3282
3072
3189
3286
3123
3182
3322
3111
3204
3308
3127
3175
3335
3106
3217
3324
3153
3144
3280
3174
3213
3323
3126
3162
3317
3135
3202
3420
3087
3128
3287
3098
3205
3274
3128
3175
3310
3058
3183
3266
3140
3179
3337
3043
3189
3271
3088
3177
3280
3059
3197
3265
3144
3119
3390
3210
3332
3505
3318
3311
3418
3253
3341
3380
3252
3289
3418
3143
3326
3384
3311
3297
3418
3217
3328
3366
3308
3274
3476
3201
3328
3392
3334
3305
3446
3249
3351
3376
3266
3299
3405
3216
3335
3375
3258
3313
3439
3175
3346
3394
3306
3296
3332
3180
3357
3409
3310
3293
3426
3169
3277
3343
3263
3333
3425
3252
3315
3409
3292
3326
3418
3246
3302
3391
3251
3319
3423
3188
3338
3352
3287
3304
3478
3249
3341
3347
3258
3285
3428
3248
3335
3386
3286
3297
3412
3239
3318
3278
3269
3289
3411
3249
3323
3389
3286
3296
3435
3240
3361
3385
3261
3280
3402
3224
3342
3388
3341
3292
3469
3264
3323
3399
3320
3302
3261
3304
3352
3372
3309
3330
3432
3300
3314
3384
3301
3363
3402
3262
3371
3375
3287
3341
3421
3305
3383
3381
3293
3329
3456
3288
3360
3403
3301
3334
3467
3265
3358
3381
3284
3370
3440
3280
3369
3414
3296
3338
3416
3284
3345
3383
3280
3333
3441
3294
3332
3379
3287
3357
3453
3288
3347
3415
3261
3341
3413
3268
3353
3399
3270
3348
3450
3296
3352
3397
3253
3311
3434
3298
3343
3404
3274
3331
3426
3258
3352
3430
3266
3279
3399
3216
3329
3354
3242
3272
3425
3229
3328
3456
3295
3285
3447
3249
3350
3390
3289
3200
3332
3073
3368
3364
3289
3298
3415
3271
3358
3384
3229
3268
3438
3180
3335
3392
3283
3271
3443
3249
3352
3385
3287
3324
3433
3201
3352
3374
3302
3296
3463
3220
3343
3401
3289
3280
3471
3201
3327
3397
3297
3254
3432
3263
3362
3362
3309
3286
3443
3275
3342
3412
3368
3297
3438
3200
3375
3393
3280
3315
3446
3209
3374
3398
3290
3293
3398
3208
3322
3400
3281
3308
3419
3260
3365
3375
3268
3294
3421
3187
3343
3390
3288
3268
3401
3165
3350
3422
3289
3298
3468
3193
3341
3407
3233
3315
3445
3204
3339
3386
3309
3317
3406
3183
3323
3355
3326
3284
3440
3267
3329
3352
3233
3280
3444
3227
3309
3357
3299
3302
3450
3187
3349
3372
3314
3297
3426
3183
3323
3369
3268
3265
3444
3274
3372
3387
3270
3308
3477
3178
3338
3370
3368
3289
3470
3275
3321
3388
3293
3282
3412
3224
3363
3399
3278
3290
3414
3290
3342
3438
3275
3319
3460
3257
3349
3361
3289
3200
3324
3279
3355
3390
3304
3369
3454
3290
3265
3265
3079
3302
3440
3302
3329
3421
3291
3354
3466
3294
3339
3378
3286
3337
3440
3301
3363
3389
3306
3361
3444
3212
3349
3378
3285
3289
3442
3278
3358
3407
3307
3362
3445
3268
3365
3424
3269
3320
3453
3266
3392
3411
3332
3290
3366
3233
3357
3455
3298
3353
3447
3184
3376
3475
3284
3318
3466
3290
3345
3415
3286
3309
3469
3231
3357
3436
3280
3381
3462
3212
3356
3451
3308
3299
3447
3228
3337
3424
3276
3366
3415
3260
3246
3463
3153
3350
3437
3129
3228
2978
3158
3191
3438
3148
3212
3448
3275
3354
3445
3164
3229
3417
3157
3216
3012
3293
3346
3427
3156
3255
3065
3156
3203
3101
3107
3217
3094
3155
3206
3050
3142
3207
3070
3167
3131
3092
3075
3242
3077
3138
3227
3086
3130
3246
2995
2984
3254
3080
3179
3223
3082
3091
3218
3086
3175
3304
3150
3147
3303
3080
3188
3298
3117
3150
3238
3068
3188
3279
3142
3128
3289
3076
3194
3273
3143
3136
3299
3127
3205
3270
3151
3124
3312
3064
3200
3282
3165
3110
3300
3072
3215
3247
3106
3141
3317
3063
3205
3249
3137
3129
3302
3068
3170
3258
3104
3127
3304
3024
3157
3282
3116
3131
3308
3072
3247
3243
3139
3145
3300
3110
3214
3290
3151
3131
3315
3052
3200
3282
3138
3144
3313
3085
3197
3301
3143
3145
3248
3096
3146
3198
3120
3143
3272
3067
3150
3231
3124
3068
3267
3057
3179
3222
3113
3144
3313
3029
3180
3205
3132
3141
3246
3052
3183
3241
3127
3140
3235
2955
3172
3214
3103
3130
3271
3037
3167
3221
3087
3071
3249
3060
3155
3247
3128
3141
3238
3073
3171
3118
3128
3150
3232
3114
3179
3214
3102
3133
3255
2999
3181
3206
3140
3146
3284
3067
3190
3218
3137
3088
3288
3032
3207
3211
3101
3127
3254
3065
3186
3151
3124
3158
3262
3029
3194
3207
3082
3098
3253
3019
3164
3218
3132
3135
3248
3078
3198
3147
3108
3080
3257
3104
3118
3268
3126
3127
3247
2953
3163
3112
3110
3124
3291
3061
3197
3209
3115
3156
3258
3014
3177
3207
3097
3122
3263
3107
3183
3193
3126
3086
3254
3120
3155
3207
3105
3124
3258
3009
3157
3145
3116
3148
3184
3098
3190
3202
3126
3090
3255
3042
3177
3209
3106
3137
3259
3103
3182
3190
3145
3153
3295
3080
3049
3154
3023
3026
3146
2935
3067
3177
3006
3044
3181
3005
3036
3123
2980
2958
3166
2964
3050
3134
2956
3071
3156
2983
3045
3129
2979
3025
3161
2983
3051
3147
2984
3052
3137
2979
3038
3153
3008
3038
3156
3038
3069
3116
2984
3031
3166
2985
3058
3124
2975
3027
3173
2971
3050
3143
2974
3025
3137
2989
3032
3119
2980
3036
3171
2968
3042
3185
3149
3094
3287
3111
3204
3267
3137
3192
3291
3137
3173
3191
3097
3166
3228
3064
3099
3206
3037
3014
3201
2898
3100
3161
3017
3062
3241
3032
3046
3132
3033
3024
3194
2959
3100
3121
3036
3096
3212
2969
3081
3187
3034
3090
3217
3040
3093
3223
3015
3000
3210
2955
3057
3210
3037
3193
3284
3108
3230
3287
3173
3149
3218
3067
3189
3259
3080
3164
3262
3071
3240
3269
3088
3168
3283
3035
3209
3320
3127
3154
3253
3209
3191
3239
3139
3249
3288
3123
3295
3349
3244
3219
3278
3061
3189
3303
3140
3085
3221
3104
3208
3306
3070
3111
3290
3132
3226
3385
3269
3207
3364
3173
3210
3289
3224
3169
3201
3130
3305
3311
3161
3198
3234
3057
3211
3290
3097
3275
3244
2985
3081
3105
2969
2999
3159
2901
3005
3080
2899
2984
3133
2881
3045
3087
2946
2974
3152
2894
3008
3097
2967
2987
3150
2878
3023
3104
2964
2989
3133
2876
3029
3113
2983
2985
3139
2875
3003
3089
2960
2911
3176
2874
3017
3113
2962
2984
3118
2967
3057
3098
2959
2987
3143
2886
3030
3092
2966
2996
3178
2903
3020
3062
2958
2976
3181
2865
3019
3093
2960
2981
3146
2900
3041
3085
2956
2980
3138
2896
3021
3095
2963
2979
3149
2887
3021
3099
2981
2989
3191
2873
3021
3105
2972
2966
3151
2887
3020
3099
2951
2975
3136
2867
3018
3138
3048
3073
3230
3041
3111
3196
3036
3067
3243
3036
3125
3216
3069
3042
3146
2981
3025
3155
2960
3029
3142
2957
3020
3127
2987
3026
3172
2961
3027
3123
2999
3035
3174
2972
3030
3139
2980
3026
3168
2967
3042
3152
2972
3034
3135
2968
3039
3132
2980
3024
3173
2959
3040
3156
2963
3032
3327
3106
3201
3287
3130
3259
3318
3111
3178
3306
3082
3197
3331
3013
3200
3314
3163
3214
3200
3043
3219
3311
3085
3046
3300
3046
3220
3307
3091
3250
3287
3100
3227
3231
3132
3087
3253
3095
3172
3326
3104
3029
3137
3069
3231
3323
3124
3124
3284
3026
3056
3142
2982
3123
3141
3030
3116
3269
3008
3098
3267
3029
3103
3189
3054
3093
3208
3012
3107
3178
3019
3103
3222
3014
3105
3176
3034
3108
3177
3006
3108
3162
3039
3084
3230
3023
3084
3189
3045
3085
3295
3058
3208
3289
3123
3149
3288
3119
3185
3260
3128
3166
3267
3076
3207
3276
3135
3228
3271
3053
3197
3282
3124
3167
3268
3088
3187
3261
3142
3125
3288
3088
3200
3276
3114
3186
3269
3087
3223
3258
3128
3165
3268
3071
3209
3304
3114
3208
3261
3067
3225
3289
3120
3207
3284
3092
3204
3273
3134
3183
3299
3075
3189
3306
3143
3208
3254
3059
3187
3263
3149
3178
3294
