8994
9157
3854
3051
3157
3328
3091
3149
3220
3036
3198
3201
3074
3133
3231
3028
3095
3259
3085
3149
3229
3093
3159
3253
3088
3151
3234
3096
3155
3241
3085
3152
3247
3091
3155
3258
3096
3158
3258
3086
3147
3236
3022
3163
3255
3073
3152
3240
3079
3142
3264
3089
3146
3247
3079
3140
3237
3094
3143
3229
3085
3146
3234
3082
3148
3245
3110
3155
3244
3080
3146
4379
3102
3140
3223
3102
3159
3262
3071
3139
3131
3109
3162
3255
3095
3170
3221
3078
3134
3233
3102
3156
3244
3093
3162
3240
3091
3144
3225
3013
3145
3262
3047
3152
3167
3081
3165
3246
3022
3150
3270
3090
3146
3235
3071
3141
3248
3080
3134
3240
3043
3148
3284
3075
3139
3279
3086
3151
3272
3093
3065
3174
3115
3149
3280
3026
3129
3286
3060
3137
3275
3101
3135
3262
3080
3139
3257
3099
3133
3254
3052
3149
3287
3089
3153
3269
3089
3145
3271
3086
3124
3245
3037
3147
3275
3077
3160
3269
3089
3150
3184
3082
3122
3249
3004
3141
3238
3100
3144
3265
3093
3063
3262
3065
3120
3282
3098
3156
3300
3103
3052
3195
3113
3158
3276
3076
3119
3274
3080
3056
3260
3081
3139
3303
3065
3120
3276
3136
3152
3298
3100
3154
3294
3048
3149
3284
3093
3161
3282
3106
3163
3275
3087
3130
3280
3090
3155
3271
3045
3164
3275
3092
3164
3264
3127
3189
3295
3094
3160
3275
3101
3165
3273
3105
3161
3278
3126
3185
3274
3115
3152
3255
3142
3160
3290
3098
3160
3263
3097
3167
3289
3096
3155
3276
3099
3156
3281
3083
3161
3264
3093
3149
3279
3109
3148
3283
3098
3150
3270
3087
3170
3228
3110
3171
3304
3092
3170
3300
3084
3182
3312
3112
3163
3290
3078
3168
3314
3079
3164
3194
3072
3153
3270
3080
3154
3253
3058
3147
3283
3100
3145
3271
3557
3158
3261
3102
3164
3265
3099
3158
3277
3092
3058
3271
3103
3151
3203
3084
3140
3290
3012
3147
3299
3091
3154
3254
3097
3156
3238
3103
3167
3279
3100
3164
3283
3095
3159
3278
3117
3190
3315
3100
3169
3280
3103
3155
3288
3107
3201
3290
3104
3188
3269
3097
3178
3283
3092
3190
3304
3097
3178
3283
3087
3199
3259
3101
3179
3268
3111
3177
3285
3128
3169
3172
3080
3177
3301
3117
3166
3300
3129
3176
3296
3105
3172
3268
3137
3166
3295
3110
3169
3296
3114
3173
3311
3104
3171
3306
3100
3172
3310
3105
3173
3295
3114
3185
3277
3099
3168
3302
3108
3173
3306
3111
3171
3305
3107
3162
3324
3105
3170
3273
3153
3171
3284
3130
3167
3283
3118
3171
3282
3121
3181
3291
3139
3164
3288
3131
3167
3323
3130
3166
3301
3129
3163
3300
3121
3173
3271
3128
3161
3279
3109
3176
3284
3123
3188
3297
3125
3166
3276
3128
3181
3283
3120
3185
3296
3137
3190
3308
3130
3180
3272
3111
3183
3200
3120
3187
3274
3115
3184
3302
3153
3212
3297
3115
3175
3269
3116
3177
3298
3116
3182
3286
3118
3199
3301
3124
3179
3287
3101
3189
3298
3124
3175
3299
3107
3181
3291
3108
3168
3285
3113
3173
3316
3105
3163
3297
3120
3169
3284
3108
3204
3295
3106
3169
3303
3112
3175
3318
3113
3166
3281
3118
3166
3322
3121
3167
3302
3110
3173
3282
3118
3178
3286
3109
3171
3300
3093
3187
3294
3110
3175
3317
3117
3174
3279
3131
3172
3291
3112
3177
3303
3127
3169
3271
3122
3188
3294
3125
3197
3285
3119
3160
3280
3122
3099
3269
3120
3181
3293
3125
3185
3281
3117
3165
3298
3130
3166
3272
3114
3184
3272
3121
3184
3276
3131
3175
3268
3129
3183
3324
3157
3211
3292
3099
3139
3273
3115
3177
3302
3116
3178
3303
3145
3300
3341
3218
3254
3356
3208
3260
3300
3180
3163
3380
3101
3248
3311
3249
3362
3437
3162
3179
3325
3100
3270
3417
3247
3341
3398
3247
3296
3461
3245
3284
3426
3276
3320
3221
3286
3294
3397
3224
3301
3414
3278
3318
3401
3047
3173
3248
3128
3198
3259
3116
3178
3250
3115
3157
3258
3131
3148
3258
3125
3173
3264
3142
3160
3269
3106
3191
3281
3117
3205
3254
3130
3169
3260
3116
3172
3276
3098
3203
3238
3120
3181
3261
3128
3164
3250
3137
3183
3271
3124
3196
3268
3129
3159
3245
3103
3168
3219
3123
3177
3280
3097
3192
3277
3108
3162
3256
3161
3164
3266
3124
3167
3276
3095
3199
3257
3124
3200
3284
3082
3175
3286
3123
3170
3261
3107
3167
3293
3124
3128
3258
3104
3164
3239
3115
3185
3284
3118
3178
3219
3123
3176
3241
3116
3182
3263
3145
3180
3275
3098
3161
3261
3109
3170
3260
3141
3186
3267
3124
3180
3274
3128
3218
3243
3042
3188
3246
3119
3235
3298
3121
3183
3305
3125
3286
3354
3253
3283
3389
3251
3295
3377
3226
3296
3388
3220
3274
3377
3224
3289
3384
3205
3291
3402
3249
3269
3397
3202
3200
3373
3209
3268
3363
3224
3294
3365
3233
3283
3356
3230
3271
3354
3250
3266
3381
3209
3272
3227
3226
3289
3434
3249
3319
3416
3247
3318
3405
3227
3332
3407
3263
3309
3412
3228
3334
3449
3270
3324
3382
3239
3331
3375
3212
3327
3376
3248
3302
3401
3253
3272
3424
3305
3332
3414
3251
3311
3410
3239
3297
3430
3236
3300
3430
3230
3328
3376
3259
3297
3398
3262
3326
3388
3235
3310
3421
3218
3337
3407
3231
3315
3421
3287
3327
3394
3249
3320
3401
3237
3341
3392
3249
3303
3404
3260
3332
3367
3255
3313
3410
3225
3309
3416
3247
3313
3396
3257
3343
3375
3262
3331
3384
3250
3334
3391
3241
3327
3436
3248
3336
3389
3261
3325
3392
3247
3342
3395
3222
3306
3415
3255
3335
3385
3222
3340
3410
3222
3314
3406
3282
3325
3431
3265
3315
3416
3250
3315
3390
3271
3292
3410
3237
3324
3388
3209
3305
3422
3250
3334
3408
3223
3354
3418
3252
3347
3433
3237
3245
3398
3211
3320
3426
3271
3340
3401
3275
3359
3343
3233
3425
3407
3275
3306
3404
3263
3333
3417
3247
3343
3418
3280
3303
3415
3268
3337
3427
3277
3341
3417
3250
3300
3380
3245
3300
3408
3241
3298
3379
3218
3151
3376
3223
3311
3397
3258
3295
3371
3243
3281
3213
3221
3311
3366
3221
3287
3386
3245
3316
3395
3273
3279
3400
3243
3298
3365
3257
3301
3373
3260
3284
3379
3223
3327
3411
3243
3314
3386
3258
3311
3393
3238
3320
3376
3264
3310
3375
3264
3324
3389
3246
3322
3372
3251
3333
3394
3240
3311
3405
3237
3312
3389
3255
3304
3393
3222
3301
3440
3291
3285
3404
3250
3314
3371
3267
3301
3347
3224
3327
3369
3250
3302
3374
3226
3319
3370
3266
3315
3414
3250
3304
3384
3248
3324
3394
3235
3306
3382
3255
3291
3399
3257
3290
3375
3235
3304
3407
3238
3296
3396
3245
3295
3382
3243
3327
3414
3213
3322
3379
3242
3298
3395
3277
3299
3381
3257
3307
3399
3240
3308
3374
3244
3309
3374
3249
3299
3396
3249
3301
3391
3242
3243
3383
3226
3320
3374
3248
3296
3394
3262
3300
3383
3251
3305
3400
3262
3320
3395
3246
3245
3315
3267
3329
3366
3275
3287
3372
3253
3318
3345
3251
3305
3377
3260
3316
3387
3272
3304
3381
3239
3316
3376
3257
3309
3410
3250
3301
3395
3248
3291
3376
3213
3312
3407
3249
3302
3393
3253
3320
3387
3231
3269
3384
3242
3324
3400
3242
3290
3383
3218
3314
3360
3254
3304
3402
3263
3310
3408
3258
3310
3394
3275
3332
3376
3235
3274
3396
3232
3300
3379
3269
3304
3359
3234
3312
3385
3268
3302
3373
3243
3282
3368
3259
3310
3370
3260
3322
3370
3291
3319
3419
3257
3338
3377
3234
3292
3368
3261
3324
3404
3265
3237
3409
3244
3316
3368
3261
3297
3397
3244
3312
3346
3192
3305
3387
3279
3312
3406
3203
3336
3402
3278
3266
3414
3310
3349
3438
3230
3360
3451
3281
3357
3385
3262
3350
3446
3278
3251
3450
3288
3346
3434
3272
3372
3411
3279
3342
3340
3288
3340
3419
3305
3374
3428
3281
3344
3383
3253
3343
3411
3288
3334
3413
3261
3349
3391
3270
3360
3435
3313
3330
3429
3314
3305
3428
3256
3338
3410
3265
3321
3451
3277
3330
3411
3306
3329
3428
3306
3366
3418
3292
3306
3436
3327
3340
3445
3299
3335
3465
3293
3361
3439
3158
3369
3436
3263
3346
3439
3283
3349
3440
3281
3370
3462
3266
3360
3442
3305
3338
3446
3294
3342
3453
3247
3220
3346
3146
3217
3323
3152
3211
3322
3278
3245
3433
3280
3350
3421
3284
3275
3369
3091
3116
3339
3266
3214
3357
3261
3362
3303
3261
3200
3342
3177
3199
3297
3145
3189
3325
3127
3205
3292
3148
3211
3297
3114
3113
3229
3008
3069
3183
3009
3097
3197
3002
3092
3201
3023
3086
3220
3016
3083
3229
3023
3097
3185
3010
3074
3178
3011
3091
3203
3013
3073
3197
3032
3095
3230
3009
3101
3211
3008
3067
3157
3008
3110
3203
3036
3092
3214
3029
3069
3191
3027
3087
3232
3026
3091
3203
3028
3082
3201
3025
3088
3200
3032
3082
3221
3022
3088
3196
3030
3104
3211
3022
3080
3189
3023
3082
3205
3022
3091
3222
3022
3083
3222
3020
3092
3217
3029
3080
3199
3026
3095
3237
3027
3081
3235
3042
3089
3208
3028
3075
3239
3013
3081
3213
3036
3100
3219
3032
3085
3209
3040
3223
3307
3157
3229
3332
3193
3235
3340
3156
3250
3333
3171
3235
3330
3153
3214
3288
3165
3218
3312
3143
3228
3333
3171
3255
3293
3176
3206
3319
3189
3327
3444
3161
3219
3314
3159
3212
3356
3140
3218
3310
3139
3232
3360
3149
3237
3343
3159
3241
3313
3136
3224
3317
3139
3200
3306
3150
3221
3363
3154
3209
3333
3145
3219
3326
3095
3205
3345
3152
3209
3352
3150
3205
3315
3166
3203
3326
3155
3191
3318
3113
3186
3301
3129
3201
3317
3118
3195
3254
3154
3183
3321
3137
3199
3306
3137
3194
3309
3163
3222
3337
3149
3115
3309
3139
3210
3301
3120
3090
3333
3153
3208
3312
3124
3186
3338
3126
3227
3310
3157
3220
3333
3160
3219
3309
3173
3200
3329
3143
3210
3314
3167
3302
3341
3161
3221
3320
3154
3208
3334
3145
3221
3323
3154
3215
3348
3147
3216
3339
3171
3222
3314
3151
3213
3324
3154
3193
3369
3177
3212
3327
3144
3122
3313
3142
3217
3324
3158
3202
3344
3144
3231
3325
3150
3210
3333
3138
3116
3314
3133
3204
3338
3129
3222
2946
3020
3119
3360
3167
3115
2961
3132
3184
2959
3016
3146
2965
3027
3123
2964
3010
3150
3318
3163
3137
2961
3004
3139
2952
3009
3127
2947
3030
3123
2963
3019
3106
2957
3028
3147
2955
3011
3134
3053
3030
3081
3039
3059
3157
2965
3023
3128
2940
3232
3145
2955
2997
3147
2956
3020
3119
2888
3016
3144
2947
3044
3124
2966
3014
3091
2953
3011
3113
2977
3008
3148
2956
3042
3127
2969
3027
3110
2967
3047
3139
2930
3025
3143
2954
3030
3119
2962
3027
3108
2969
3014
3151
2951
3025
3142
2965
3026
3113
2971
3032
3117
2965
3027
3107
2981
3020
3146
2954
3012
3128
2969
3018
3149
2961
3016
3118
2972
3022
3113
2944
3022
3128
2947
3019
3137
2952
3019
3123
2959
3013
3110
2944
3003
3132
2938
3014
3139
2932
3002
3139
2940
3060
3139
2961
3004
3131
2953
3014
3126
2947
3012
3134
2949
2999
3110
2961
2991
3102
2975
3012
3127
2954
3015
3107
2971
3019
3119
2953
3015
3121
2968
2995
3127
2984
3022
3138
2956
3011
3122
2951
3014
3110
2954
2995
3137
2967
3003
3128
2967
3009
3122
2960
2999
3118
2955
3013
3131
2947
3032
3164
2968
2995
3119
2947
3007
3126
2947
3032
3103
2969
3001
3127
2953
3001
3116
2957
3015
3121
2960
3016
3139
2957
2997
3135
2952
3015
3110
2945
3013
3151
2967
3004
3107
2942
3012
3135
2971
3005
3159
2948
3010
3152
2959
3006
3157
2987
3014
3128
2978
3059
3203
3163
3024
3119
2973
3009
3139
2946
3020
3129
2959
3016
3136
2976
3011
3124
3003
3010
3155
2969
3017
3144
2975
3031
3140
2974
3008
3123
2981
3034
3149
2976
3028
3146
2955
3031
3125
2955
3017
3138
2974
3018
3110
2977
3017
3131
2975
3000
3120
2943
3005
3110
2975
3020
3082
2945
2998
3141
2993
3053
3153
2946
2994
3117
2959
2990
3127
2948
3017
3145
2958
3020
3114
2963
3018
3137
2956
3013
3126
2950
3041
3146
2956
3022
3121
2962
3031
3164
2955
3025
3125
2957
3032
3141
2982
3014
3115
2940
3023
3119
2948
3004
3157
2949
3038
3135
2954
3016
3120
2958
3023
3117
2958
3006
3139
2899
3012
3132
2976
3055
3154
2957
3016
3132
2994
3010
3118
2939
3057
3127
2959
3010
3139
2953
3031
3120
2965
2999
3128
2969
2997
3143
2965
3010
3156
2967
3008
3135
2970
3021
3142
2973
3020
3148
2954
3042
3159
2973
3034
3153
2975
3018
3195
2977
3043
3169
3009
3050
3200
2983
3062
3163
2987
3032
3134
2964
3053
3131
2965
3217
3138
2963
3045
3136
2951
3011
3125
2955
3028
3153
2959
3014
3153
2961
3015
3132
2952
3024
3128
2861
3034
3125
2975
3029
3145
2967
3028
3135
2964
3023
3152
2972
3031
3229
3090
2924
3037
2837
2915
3059
2852
2905
3058
2896
2944
3055
2869
2919
3049
2970
3010
3110
2924
3531
3105
2889
2946
3137
3017
2998
3064
2996
3241
3437
3267
3282
3295
3185
3221
3310
3122
3282
3265
3143
3219
3319
3195
2981
3298
3129
3268
3323
3148
3263
3313
3233
3264
3082
3125
3098
3248
3160
3238
3279
3145
3202
3287
3147
3208
3179
3128
3213
3250
3144
3206
3263
3141
3202
3282
3092
3218
3274
3153
3223
3271
3145
3208
3282
3136
3093
3270
3130
3202
3166
3135
3143
3282
3167
3195
3234
3159
3206
3294
3161
3244
3280
3135
3236
3281
3111
3215
3284
3147
3178
3265
3144
3243
3289
3145
3160
3293
3115
3200
3242
3170
3161
3289
3130
3211
3250
3126
3230
3316
3137
3205
3254
3134
3200
3244
3115
3234
3300
3135
3227
3292
3099
3235
3275
3158
3164
3727
3146
3223
3301
3168
3185
3265
3161
3211
3256
3130
3239
3290
3171
3213
3212
3132
3171
3288
3120
3212
3256
3168
3215
3291
3097
3195
3258
3146
3162
3237
3154
3187
3261
3139
3159
3287
3098
3193
3246
3149
3216
3242
3142
3139
3412
3127
3145
3289
3090
3217
3283
3136
3229
3296
3079
3195
3219
3134
3171
3272
3178
3221
3304
3152
3223
3281
3115
3219
3227
3126
3144
3284
3113
3200
3180
3145
3233
3316
3103
3201
3240
3150
3141
3319
3099
3229
3234
3173
3187
3286
3101
3196
3229
3144
3170
3315
3059
3231
3268
3142
3176
3316
3102
3193
3213
3146
2986
3307
3106
3239
3254
3156
3102
3324
3092
3197
3241
3159
3185
4626
3106
3218
3163
3161
3154
3303
3156
3205
3237
3166
3164
3285
3108
3196
3165
3154
3177
3292
3114
3210
3260
3158
3148
3287
3125
3149
3295
3164
3157
3297
3133
3220
3280
3180
3161
3312
3130
3189
3263
3181
3169
3297
3097
3232
3226
3169
3192
3317
3121
3280
3282
3174
3170
3314
3155
3239
3261
3172
3183
3318
3056
3226
3243
3149
3192
3293
3109
3212
3258
3155
3159
3316
3115
3214
3279
3189
3179
3295
3116
3261
3260
3162
3204
3308
3085
3198
3249
3170
3168
3271
3097
3235
3240
3181
3105
3248
3132
3192
3296
3173
3194
3313
3092
3217
3264
3142
3172
3333
3107
3236
3281
3164
3172
3330
3122
3222
3231
3180
3167
3305
3119
3241
3226
3139
3156
3336
2937
3048
3152
2993
3030
3179
2993
3065
3182
3002
3029
3153
3012
3037
3139
2987
3055
3153
3029
3071
3153
2992
3040
3160
2985
3062
3143
2990
3044
3186
2997
3052
3159
2990
3064
3161
3007
3048
3149
2987
3041
3198
2994
3058
3180
3003
3053
3193
2986
3053
3187
2987
3041
3151
3015
3064
3177
2994
3064
3166
3001
3072
3201
2991
3042
3162
2982
3068
3178
2983
3047
3173
2997
3051
3156
2998
3058
3174
2992
3057
3187
2986
3052
3173
2970
3042
3153
3005
3066
3154
2987
3035
3157
3017
3041
3159
2985
3040
3161
3009
3053
3143
2997
3032
3146
2997
3041
3166
3002
3036
3147
3016
3053
4595
3019
3061
3152
3024
3050
3162
3011
3062
3160
3008
3032
3171
2989
3051
3173
3010
3038
3155
2991
3058
3151
3004
3030
3192
2984
3036
3159
3016
3027
3157
3000
3055
3170
2999
3063
3161
3005
3037
3151
2990
3033
3191
3008
3045
3178
2982
3067
3189
2975
3050
3148
2991
3047
3203
2985
3056
3147
2983
3010
3181
2993
3076
3165
3011
3049
3181
2978
3049
3181
2988
3045
3174
2978
3076
3176
2995
3055
3162
2975
3062
3174
2982
3058
3153
2978
3070
3179
3005
3007
3108
2938
3054
3160
2987
3068
3184
2990
3081
3199
2979
3082
3164
2972
3095
3158
2974
3065
3150
2985
3074
3192
2987
3053
3158
2995
3036
3185
3016
3072
3187
2984
3065
3151
3007
3048
3130
3008
3029
3173
2996
2986
3162
2992
3057
3183
3013
3058
3207
3004
3061
3195
2997
3050
3193
2983
3070
3144
2994
3055
3179
2988
3061
3191
3001
3045
3194
3001
3062
3158
3015
3054
3196
2985
3102
3180
3013
3070
3162
2982
3051
3174
3019
3054
3193
3010
3065
3181
2987
3071
3209
2995
3076
3188
2986
3057
3197
3007
3083
3156
2987
2974
3197
3000
3084
3163
2975
3036
3194
3003
3046
3160
2998
3091
3198
2982
3066
3155
2992
3041
3164
2986
3086
3177
3009
3062
3220
3002
3066
3175
2994
3040
3169
3019
3102
3190
2998
3085
3173
2972
3062
3199
3002
3080
3177
3000
3067
3172
3005
3064
3208
2942
3067
3159
3024
3071
3194
2992
3061
3161
3003
3072
3176
2986
3066
3170
3002
3064
3177
2984
3077
3204
2999
3053
3176
3013
3088
3188
3006
3047
3211
2995
3073
3162
2999
3062
3141
3000
3071
3078
3010
3135
3210
3003
3084
3185
3017
3067
3197
3015
3105
3177
2936
3104
3170
3095
3239
3247
3220
3236
3313
3176
3091
3326
3127
3162
3268
3144
3190
3273
3003
3096
3193
3123
2983
3140
3010
3067
3186
3026
3077
3203
3028
3079
3355
3022
3073
3287
3110
3179
3266
3069
3178
3290
3101
3182
3256
3003
3217
3287
3245
3383
3254
3150
3158
3288
3088
3061
3292
3132
3306
3436
3147
3154
3243
3120
3167
3263
3097
3173
3277
3134
3164
3274
3108
3163
3236
3166
3139
3249
3116
3157
3252
3141
3133
3265
3096
3159
3241
3113
3165
3246
3105
3172
3226
3115
3158
3277
3088
3152
3239
3113
3173
3151
3115
3182
3231
3113
3158
3261
3102
3175
3235
3122
3181
3237
3112
3167
3252
3116
3163
3264
3099
3185
3271
3103
3164
3266
3096
3172
3267
3119
3153
3240
3110
3163
3265
3111
3173
3276
3115
3173
3261
3111
3163
3269
3091
3168
3258
3097
3168
3255
3053
3162
3244
3107
3167
3251
3088
3169
3235
3108
3159
3268
3110
3180
3248
3119
3158
3269
3102
3168
3225
3106
3150
3257
3100
3176
3254
3100
3151
3283
3099
3173
3248
3120
3159
3214
3083
3175
3259
3133
3166
3280
3129
3168
3266
3057
3081
3157
3027
3067
3157
3008
3159
3219
3011
3056
3173
3024
3087
3166
3002
3086
3163
3033
3071
3165
3007
3080
3124
3014
3089
3162
3004
3099
3166
3023
3095
3154
2953
3114
3209
3045
3087
3194
3035
3116
3178
3078
3112
3190
3034
3096
3172
3041
3104
3152
3039
3113
3182
3059
3230
3202
3062
3104
3164
3011
3088
3198
3031
2984
3115
2909
2981
3083
2929
2975
3102
2909
2982
3082
2929
2978
3114
2917
2981
3103
2923
2969
3123
2906
2983
3099
2918
2970
3106
2907
2989
3127
2942
2966
3133
2905
2982
3094
2948
2971
3129
2925
2981
3094
2942
2965
3112
2929
3065
3081
2955
2970
3079
2925
2977
3072
2931
2962
3108
3047
3060
3187
3027
3070
3183
3020
3069
3157
3028
3073
3183
3024
3099
3205
3038
3062
3165
3040
3074
3197
3029
3079
3180
3023
3111
3184
3025
3073
3175
3035
3066
3169
3040
3075
3178
3014
3120
3174
3018
3097
3182
3023
3095
3185
3027
3079
3170
3031
3087
3186
3010
3075
3168
3030
3093
3180
3010
3083
3176
3007
3103
3171
3023
3098
3171
3016
3082
3170
3027
3084
3172
3035
3093
3167
3021
3069
3162
3026
3080
3182
3033
3078
3182
3008
3083
3161
3010
3085
3178
3158
3070
3177
3007
3071
3172
3005
3098
3190
3040
3073
3170
3024
3089
3173
2982
3095
3194
3042
3074
3147
3046
3079
3192
3027
3044
3198
3023
3096
3205
3010
3069
3158
3022
3076
3201
3015
3091
3185
3023
3064
3193
3035
3114
3177
3026
3088
3170
3018
3094
3178
3020
3087
3158
3017
3092
3174
3044
3078
3184
3025
3080
3173
3035
3092
3174
3039
3093
3182
3020
3085
3185
3027
3098
3168
3017
3074
3186
3022
3085
3179
3018
3068
3179
3043
3096
3193
3028
3082
3172
3017
3100
3171
3029
3073
3188
3004
3088
3171
3024
3090
3162
3014
3075
3177
3015
3097
3164
3025
3107
3184
3051
3096
3161
3014
3071
3205
3009
3092
3191
3033
3112
3181
3034
3072
3171
3037
3115
3177
3032
3094
3190
3035
3097
3189
3031
3096
3184
3042
3092
3169
3040
3097
3203
3029
3089
3173
3043
3094
3194
3039
3084
3183
3030
3091
3184
3032
3098
3259
3043
3098
3200
3037
3092
3198
3059
3114
3199
3036
3104
3174
3025
3106
3181
3021
3088
3180
3042
3083
3176
3036
3090
3176
3050
3104
3176
3058
3114
3191
3129
3088
3191
3047
3094
3197
3037
3119
3188
3050
3092
3176
3072
3116
3190
3017
3101
3203
3025
3106
3163
3056
3106
3184
3037
3089
3194
3025
3094
3194
3061
3072
3199
3033
3083
3181
3021
3106
3177
3009
3113
3182
3039
3098
3193
3033
3085
3191
3051
3099
3184
3049
3102
3226
3049
3087
3198
3040
3092
3196
3028
3102
3173
3024
3095
3180
3027
3102
3189
3049
3100
3214
3032
3085
3198
3025
3100
3195
3051
3104
3174
2991
3091
3185
3035
3094
3206
3052
3110
3180
3025
3100
3188
3042
3089
3193
3054
3090
3206
3043
3061
3175
3049
3092
3194
3024
3111
3194
3034
3101
3143
3040
3091
3181
3056
3084
3187
3043
3103
3191
3053
3119
3167
3050
3125
3203
3038
3096
3191
3037
3118
3218
3050
3079
3183
3049
3122
3168
3049
3110
3186
3038
3106
3164
3036
3106
3178
3035
3107
3177
3040
3127
3215
3040
3096
3215
3027
3086
3169
3028
3102
3193
3030
3092
3199
3030
3117
3187
3044
3106
3196
3031
3102
3188
3042
3104
3190
3056
3114
3181
3033
3094
3191
3046
3117
3199
3048
3107
3181
3033
3099
3182
3030
3099
3180
3064
3087
3181
3037
3084
3199
3043
3091
3200
3047
3117
3188
3181
3252
3372
3278
3253
3314
3161
3239
3303
3092
3240
3277
3026
3103
3223
3014
3119
3217
3160
3251
3391
3082
3136
3294
3141
3183
3320
3068
3240
3328
3264
3266
3357
3147
3192
3289
3181
3196
3311
3182
3203
3308
3156
3209
3087
3073
3209
3273
3162
3222
3300
3101
3233
3296
3030
3139
3214
3059
3109
3228
3042
3074
3199
3055
3103
3230
3035
3113
3224
3070
3104
3161
3046
3118
3201
3044
3109
3221
3031
3111
3235
3071
3104
3230
3033
3111
3214
3051
3102
3227
3032
3105
3206
3069
3108
3225
3039
3108
3217
3061
3108
3235
3031
3110
3225
3041
3093
3213
3054
3024
3229
3031
3100
3244
3060
3111
3216
3071
3097
3236
3049
3099
3197
3055
3103
3246
3045
3102
3227
3073
3094
3213
3050
3121
3209
3061
3113
3217
3057
3104
3221
3073
3113
3227
3049
3105
3215
3054
3110
3247
3044
3123
3219
3055
3063
3241
3038
3124
3246
3046
3107
3243
3056
3117
3228
3057
3106
3199
3058
3110
3212
3058
3109
3224
3039
3123
3229
3046
3092
3224
3037
3110
3149
3039
3178
3340
3217
3293
3399
3193
3244
3329
3204
3260
3309
3180
3209
3369
3143
3284
3366
3225
3269
3401
3197
3256
3361
3203
3221
3374
3069
3251
3311
3200
3226
3367
3137
3270
3308
3206
3208
3347
3147
3263
3299
3252
3209
3287
3134
3254
3307
3221
3194
3375
3134
3265
3323
3219
3198
3377
3087
3266
3348
3244
3142
3353
3202
3250
3301
3212
3217
3382
3148
3269
3111
3243
3174
3377
3153
3294
3308
3211
3224
3350
3162
3111
3313
3217
3218
3369
3170
3285
3305
3214
3228
3383
3154
3275
3325
3203
3231
3415
3145
3287
3345
3215
3204
3388
3149
3275
3393
3226
3284
3387
3146
3266
3306
3215
3212
3368
3169
3277
3383
3265
3306
3413
3123
3293
3328
3143
3222
3342
3090
3232
3316
3171
3215
3392
3141
3239
3322
3264
3239
3389
3109
3253
3311
3215
3217
3373
3139
3276
3310
3254
3219
3361
3162
3284
3323
3232
3220
3369
3145
3284
3320
3222
3225
3394
3180
3291
3313
3227
3222
3384
3152
3280
3324
3231
3224
3373
3150
3277
3338
3214
3223
3412
3251
3254
3328
3219
3228
3361
3166
3282
3371
3194
3287
3386
3154
3328
3334
3227
3287
3390
3151
3328
3369
3195
3304
3380
3139
3317
3298
3205
3275
3396
3151
3300
3380
3220
3313
3359
3151
3289
3324
3205
3229
3384
3134
3326
3356
3221
3219
3315
3149
3295
3336
3204
3304
3426
3138
3298
3360
3214
3217
3383
3117
3287
3348
3196
3232
3363
3141
3291
3333
3236
3231
3385
3159
3267
3381
3169
3314
3383
3151
3266
3378
3235
3283
3401
3160
3287
3383
3213
3300
3392
3177
3289
3404
3203
3284
3387
3152
3282
3364
3230
3231
3379
3156
3297
3378
3230
3295
3390
3220
3278
3362
3220
3288
3416
3145
3287
3372
3225
3291
3405
3182
3285
3371
3232
3229
3386
3167
3308
3375
3237
3307
3370
3237
3297
3339
3232
3299
3366
3185
3297
3413
3241
3292
3392
3228
3302
3380
3242
3146
3387
3165
3297
3349
3243
3315
3402
3169
3321
3350
3222
3234
3403
3253
3297
3325
3232
3221
3406
3173
3272
3421
3234
3295
3433
3230
3294
3339
3221
3298
3392
3178
3294
3359
3193
3237
3346
3184
3278
3326
3247
3209
3377
3163
3296
3337
3230
3156
3389
3169
3282
3329
3271
3288
3374
3187
3300
3390
3225
3294
3377
3168
3305
3407
3250
3226
3403
3228
3288
3403
3215
3285
3383
3183
3284
3379
3262
3296
3402
3180
3296
3377
3181
3298
3397
3167
3306
3343
3249
3308
3380
3176
3936
3308
3194
3317
3368
3179
3265
3332
3220
3234
3381
3237
3313
3358
3349
3292
3388
3173
3302
3392
3235
3283
3393
3179
3309
3338
3227
3239
3403
3175
3308
3328
3230
3247
3363
3234
3292
3330
3224
3298
3392
3230
3303
3391
3243
3313
3398
3160
3293
3341
3232
3292
3397
3231
3295
3400
3238
3212
3390
3151
3295
3301
3212
3291
3413
3164
3289
3408
3239
3225
3389
3174
3306
3335
3244
3302
3415
3170
3297
3360
3251
3303
3386
3193
3307
3310
3243
3213
3393
3171
3301
3339
3252
3231
3377
3238
3301
3323
3244
3295
3398
3175
3305
3391
3257
3231
3368
3188
3280
3239
3251
3309
3432
3177
3331
3366
3252
3256
3360
3107
3292
3342
3225
3315
3381
3172
3324
3354
3266
3303
3406
3184
3298
3396
3244
3323
3410
3168
3294
3395
3241
3293
3399
3165
3293
3332
3270
3189
3412
3226
3311
3395
3261
3292
3402
3177
3299
3340
3244
3307
3416
3180
3307
3378
3239
3315
3415
3240
3306
3346
3264
3319
3388
3250
3275
3375
3227
3293
3404
3236
3270
3344
3221
3244
3380
3197
3300
3338
3233
3286
3424
3195
3291
3338
3255
3261
3413
3147
3291
3355
3264
3241
3324
3086
3188
3187
2983
3033
3170
2997
3044
3237
3012
3025
3166
2989
3021
3149
2951
3003
3087
2966
3153
3250
3074
3127
3207
3067
3176
3204
3087
3137
3227
3072
3116
3278
3044
3049
3122
2947
3048
3113
2969
3020
3143
2947
3009
3129
2953
3008
3127
2948
3009
3122
2949
3009
3125
2947
3030
3136
2952
3012
3139
2941
3007
3135
2945
3002
3129
2939
3007
3111
2942
2999
3123
2941
3022
3155
2971
3023
3137
2960
3012
3136
2940
3032
3127
2939
3002
3118
2942
3031
3112
2936
3023
3141
2940
3022
3135
2941
3026
3183
2943
2999
3128
2946
3019
3137
2935
3019
3145
2958
3052
3132
2935
3020
3129
2953
3019
3129
2954
2998
3136
2953
3020
3113
2956
3014
3133
2955
3017
3131
2961
3014
3130
2961
3019
3132
3007
3022
3147
2953
3019
3142
2954
3020
3126
2954
3017
3134
2952
3012
3141
2952
3012
3131
2956
3010
3127
2947
3025
3180
2970
3012
3141
2953
3008
3139
2950
3011
3128
2950
3009
3127
2947
3006
3119
2997
3054
3124
2978
3044
3132
2975
3061
3126
2970
3044
3147
3067
3150
3224
3075
3150
3240
3047
3176
3210
3092
3141
3238
3090
3142
3232
3087
3117
3253
3076
3170
3231
3022
3159
3275
3116
3203
3254
3074
3146
3214
3081
3034
3266
3092
3186
3252
3003
3135
3219
3079
3136
3229
3073
3127
3286
3057
3079
3226
3059
3133
3247
3059
3122
3230
3053
3122
3235
3056
3043
3232
3056
3121
3231
3065
3139
3229
3056
3129
3229
3046
3109
3229
3051
3105
3241
3069
3124
3225
3049
3118
3227
3041
3112
3220
3068
3116
3255
3069
3112
3233
3071
3101
3178
3072
3184
3248
3075
3147
3234
3049
3171
3237
3040
3105
3232
3066
3174
3229
3083
3139
3221
3049
3134
3219
3068
3128
3263
3070
3135
3212
3083
3095
3252
3058
3108
3228
3199
3161
3234
3068
3136
3250
3071
3128
3243
3062
3153
3241
3064
3123
3242
3063
3122
3261
3062
3134
3218
3065
3122
3253
3058
3128
3202
3058
3159
3244
3056
3114
3243
3052
3118
3251
3059
3131
3266
3051
3114
3243
3058
3124
3246
2994
3148
3247
3060
3119
3238
3050
3124
3230
3089
3122
3235
3085
3113
3254
3048
3098
3223
3088
3092
3191
3137
3112
3242
3046
3120
3226
3118
3159
3291
3081
3157
3239
3086
3119
3241
3076
3205
3263
3095
3153
3152
3077
3147
3276
3097
3156
3297
3065
3176
3214
3075
3151
3246
3069
3157
3225
3068
3128
3255
3067
3133
3232
3070
3123
3228
3060
3159
3238
3062
3141
3244
3062
3128
3267
3071
3131
3276
3105
3156
3241
3066
3125
3240
3062
3135
3235
3074
3123
3259
3073
3128
3236
3060
3150
3260
3060
3110
3253
3070
3129
3257
3083
3156
3254
3080
3132
3261
3075
3161
3265
3087
3122
3275
3063
3144
3249
3075
3133
3246
3078
3131
3243
3092
3127
3244
3090
3129
3267
3096
3135
3248
3085
3130
3235
3079
3183
3260
3091
3161
3250
3100
3157
3231
3094
3186
3252
3090
3151
3236
3097
3123
3272
3080
3154
3234
3011
3142
3259
3097
3121
3259
3074
3127
3243
3074
3138
3233
3082
3124
3230
3083
3125
3291
3073
3141
3282
3081
3164
3257
3030
3181
3248
3078
3143
3242
3073
3145
3294
3079
3128
3269
3069
3184
3251
3079
3142
3266
3077
3131
3262
3078
3136
3286
3065
3162
3270
3085
3143
3254
3070
3166
3243
3073
3143
3253
3094
3142
3279
3102
3212
3243
3055
3125
3230
3076
3124
3262
3059
3148
3237
3138
3128
3243
3067
3142
3219
3062
3129
3240
3081
3184
3253
3081
3119
3254
3070
3122
3227
3080
3182
3260
3074
3163
3247
3103
3128
3206
2992
3084
3254
3088
3156
3249
3089
3175
3270
3089
3160
3264
3075
3154
3282
3078
3196
3275
3100
3154
3272
3093
3157
3265
3081
3186
3270
3091
3153
3268
3079
3153
3285
3082
3153
3247
3079
3149
3265
3079
3167
3237
3122
3188
3280
3081
3140
3280
3078
3134
3234
3084
3146
3275
3070
3137
3285
3099
3144
3292
3093
3138
3246
3084
3144
3250
3077
3139
3266
3075
3135
3272
3092
3130
3255
3085
3132
3273
3077
3158
3294
3077
3162
3311
3093
3143
3268
3066
3125
3284
3100
3134
3267
3105
3137
3284
3132
3128
3249
3094
3176
3190
3104
3164
3282
3086
3171
3250
3084
3190
3198
3098
3161
3271
3091
3195
3280
3112
3208
3271
3101
3169
3262
3093
3159
3277
3090
3167
3275
3078
3160
3280
3084
3146
3248
3086
3144
3295
3102
3156
3291
3087
3146
3266
3080
3161
3257
3095
3144
3283
3062
3142
3279
3114
3150
3277
3106
3141
3272
3081
3134
3262
3090
3155
3263
3078
3132
3297
3091
3182
3265
3080
3146
3283
3076
3175
3293
3072
3176
3256
3088
3162
3280
3109
3149
3387
3192
3288
3381
3185
3267
3369
3093
3210
3234
3126
3122
3220
3092
3200
3309
3101
3145
3348
3138
3194
3315
3104
3187
3287
3120
3182
3307
3122
3173
3319
3118
3192
3324
3015
3231
3284
3169
3231
3363
3171
3221
3334
3159
3111
3305
3108
3178
3270
3121
3172
3319
3105
3198
3300
3122
3194
3269
3042
3195
3290
3104
3165
3292
3107
3206
3289
3111
3167
3283
3098
3204
3295
3095
3187
3285
3100
3182
3231
3102
3213
3291
3131
3197
3297
3130
3196
3301
3026
3189
3301
3120
3194
3338
3119
3192
3312
3115
3090
3304
3128
3187
3310
3124
3191
3275
3111
3193
3229
3128
3185
3300
3117
3180
3300
3124
3180
3294
3145
3189
3299
3128
3183
3296
3114
3186
3300
3111
3179
3295
3113
3180
3308
3115
3180
3291
3110
3184
3312
3113
3179
3304
3127
3168
3294
3120
3186
3286
3109
3180
3308
3115
3178
3249
3116
3187
3298
3110
3173
3308
3103
3185
3281
3134
3171
3298
3132
3162
3289
3152
3165
3270
3124
3171
3293
3130
3176
3281
3102
3185
3290
3103
3183
3251
3138
3190
3274
3134
3193
3316
3131
3188
3273
3128
3183
3274
3137
3163
3299
3142
3110
3257
3121
3164
3262
3147
3176
3280
3115
3182
3229
3125
3195
3335
3139
3194
3282
3118
3181
3289
3059
3192
3304
3117
3186
3279
3113
3174
3291
3118
3184
3300
3103
3176
3211
3158
3177
3297
3115
3184
3315
3124
3173
3292
3059
3175
3300
3116
3183
3258
3108
3171
3291
3122
3171
3298
3125
3179
3292
3120
3168
3291
3108
3175
3267
3110
3166
3313
3138
3172
3285
3157
3195
3288
3129
3167
3274
3142
3183
3294
3136
3194
3279
3139
3196
3297
3149
3206
3294
3133
3187
3310
3143
3181
3302
3133
3194
3287
3131
3186
3295
3141
3181
3282
3132
3200
3282
3135
3195
3316
3128
3177
3299
3130
3193
3321
3120
3198
3302
3131
3179
3263
3131
3181
3289
3155
3174
3296
3124
3197
3279
3130
3200
3306
3127
3203
3295
3135
3197
3324
3143
3185
3319
3126
3183
3274
3130
3192
3319
3149
3199
3309
3124
3199
3297
3133
3185
3323
3135
3193
3291
3148
3181
3305
3124
3188
3300
3160
3191
3301
3114
3204
3322
3118
3217
3294
3143
3188
3303
3153
3183
3312
3137
3179
3307
3174
3184
3308
3147
3189
3327
3152
3222
3284
3135
3187
3307
3149
3179
3307
3130
3197
3296
3148
3183
3310
3162
3188
3321
3141
3204
3288
3131
3190
3320
3144
3210
3308
3151
3188
3303
3152
3192
3292
3141
3213
3282
3132
3206
3320
3133
3204
3297
3143
3195
3334
3140
3215
3314
3138
3206
3303
3134
3204
3320
3143
3193
3334
3126
3197
3325
3135
3197
3316
3133
3198
3302
3132
3189
3334
3138
3186
3307
3132
3190
3326
3129
3207
3314
3136
3188
3321
3167
3181
3292
3146
3188
3312
3129
3198
3311
3132
3193
3323
3124
3210
3311
3151
3187
3312
3132
3194
3334
3134
3199
3336
3115
3201
3317
3153
3186
3342
3125
3199
3327
3122
3180
3330
3132
3196
3311
3116
3175
3335
3146
3188
3331
3147
3202
3326
3156
3203
3316
3146
3188
3323
3129
3208
3306
3147
3197
3328
3134
3213
3318
3165
3196
3303
3129
3205
3302
3141
3197
3324
3137
3196
3302
3136
3195
3337
3144
3214
3299
3169
3215
3314
3142
3202
3312
3144
3193
3358
3120
3190
3332
3146
3195
3346
3138
3204
3342
3140
3191
3335
3127
3216
3304
3180
3291
3346
3132
3202
3343
3141
3195
3309
3123
3208
3322
3146
3200
3323
3143
3209
3320
3135
3215
3329
3134
3215
3304
3155
3212
3328
3137
3217
3330
3143
3228
3353
3157
3222
3337
3154
3209
3332
3157
3222
3324
3152
3208
3331
3164
3210
3316
3125
3215
3334
3154
3212
3327
3155
3200
3292
3149
3223
3305
3638
3213
3326
3139
3218
3313
3153
3197
3330
3147
3220
3312
3157
3216
3335
3148
3224
3367
3164
3231
3334
3148
3233
3348
3154
3218
3322
3133
3222
3315
3133
3215
3313
3144
3229
3302
3148
3225
3309
3134
3217
3308
3163
3213
3347
3132
3225
3286
3153
3218
3341
3126
3229
3326
3157
3210
3365
3128
3223
4210
3134
3221
3334
3123
3225
3344
3088
3210
3366
3148
3215
3334
3149
3201
3357
3153
3217
3320
3169
3156
3346
3149
3216
3328
3153
3211
3323
3136
3219
3285
3169
3209
3340
3142
3212
3333
3139
3219
3330
3141
3214
3338
3157
3205
3356
3154
3211
3329
3143
3195
3337
3146
3211
3320
3142
3211
3361
3162
3230
3287
3155
3188
3338
3157
3208
3320
3166
3200
3329
3159
3207
3328
3175
3205
3322
3168
3226
3323
3158
3211
3337
3157
3225
3306
3175
3206
3350
3209
3229
3339
3153
3217
3343
3245
3350
3350
3163
3213
3329
3148
3239
3348
3153
3209
3331
3163
3226
3340
3128
3224
3310
3229
3215
3408
3224
3386
3294
3161
3187
3296
3139
3211
3315
3168
3211
3294
3134
3200
3284
3129
3191
3289
3144
3194
3295
3123
3199
3219
3186
3222
3342
3176
3232
3330
3139
3226
3304
3211
3232
3333
3140
3234
3324
3146
3215
3324
3177
3223
3319
3177
3213
3331
3171
3219
3320
3176
3222
3312
3178
3240
3308
3175
3235
3303
3176
3213
3317
3173
3213
3326
3596
3246
3309
3174
3233
3313
3169
3245
3328
3178
3241
3313
3188
3234
3312
3182
3230
3310
3167
3233
3308
3168
3221
3295
3195
3231
3299
3170
3229
3308
3166
3234
3310
3168
3245
3319
3167
3241
3297
3157
3229
3324
3161
3219
3311
3178
3222
3326
3153
3227
3286
3189
3226
3332
3157
3230
3312
3160
3215
3327
3201
3224
3339
3168
3216
3321
3153
3214
3317
3170
3218
3322
3170
3222
3325
3171
3223
3296
3155
3226
3325
3159
3236
3331
3175
3235
3322
3188
3217
3318
3168
3231
3332
3169
3213
3323
3184
3264
3313
3293
3334
3419
3288
3334
3420
3273
3335
3414
3259
3395
3388
3351
3465
3523
3461
3360
3395
3266
3310
3431
4595
3415
3342
3123
3204
3219
3160
3346
3072
3135
3150
3038
3154
3351
3123
3110
3200
3036
3245
3324
3028
3130
3214
3103
3139
3313
3094
3106
3200
3050
3123
3228
2993
3234
3204
3052
3119
3240
3047
3118
3181
3088
3109
3218
3052
3112
3210
2984
3117
3200
3085
3127
3203
3099
3123
3204
3082
3134
3211
3085
3338
3234
3059
3128
3222
3062
3127
3229
3141
3159
3242
3124
3101
3173
3104
3153
3205
3108
3123
3193
3072
3135
3165
3103
3133
3254
3126
3127
3226
3004
3117
3251
3061
3144
3219
3090
3268
3342
3127
3105
3292
3221
3147
3217
3045
3123
3229
3090
3104
3158
3043
3137
3184
3041
3146
3215
3055
3128
3219
3084
3139
3243
3109
3114
3222
3139
3123
3248
3120
3125
3217
3132
3124
3222
3028
3119
3227
3138
3118
3209
3056
3146
3194
3129
3125
3227
3076
3113
3225
3125
3111
3234
3178
3171
3218
3108
3121
3246
3097
3103
3294
3173
3175
3150
3114
3124
3216
3154
3136
3232
3096
3108
3249
3119
3127
3216
3079
3159
3237
3112
3126
3936
3241
3230
3232
3115
3142
3237
3068
3155
3211
3095
3119
3264
3089
3139
3146
3100
3147
3238
3204
3282
3214
3088
3102
3212
3091
3150
3215
3082
3114
3193
3042
3116
3232
3089
3110
3220
3104
3114
3229
3048
3100
3221
3137
3109
3207
3121
3127
3206
3037
3118
3208
3104
3112
3159
3056
3131
3216
3103
4112
3234
3076
3130
3210
3103
3155
3282
3134
3146
3239
3105
3167
3244
3141
3144
3250
3116
3149
3243
3117
3176
3218
3099
3126
3249
3078
3180
3209
3118
3136
3259
3060
3120
3205
3115
3142
3277
3137
3182
3248
3115
3165
3249
2990
3035
3120
2967
3023
3130
2978
3023
3117
2963
3016
3171
2952
3028
3150
2967
2940
3178
2962
3020
3129
2986
3021
3129
2946
3033
3133
2961
3025
3136
2972
3026
3140
2952
3031
3160
2973
3014
3129
2971
3040
3148
2964
3043
3119
2957
3028
3182
2961
3017
3104
2871
3012
3121
2946
3052
3123
2957
3021
3129
2953
3044
3125
2956
3031
3131
2958
3057
3172
2940
2999
3143
2939
3016
3177
2985
3025
3143
2979
3021
3164
2962
3049
3162
2965
3032
3151
2967
3031
3149
2956
3018
3161
2963
3014
3125
2967
3019
3151
2955
3032
3139
2953
3021
3109
2967
3027
3151
2975
3044
3128
2955
3021
3140
2980
3035
3131
2987
3017
3130
2962
3016
3121
2979
3038
3146
2989
3029
3141
2980
3022
3128
2967
3034
3136
2968
3015
3154
2986
3049
3144
2966
3018
3120
2977
3047
3116
2998
3024
3130
2969
3047
3150
2942
3000
3173
2966
3027
3129
2984
3064
3158
2970
3034
3165
2941
3033
3157
2956
3052
3173
2965
3043
3154
2946
3045
3146
2964
3027
3166
2981
3027
3175
2984
3041
3143
2972
3039
3175
2960
3032
3150
2977
3025
3128
2961
3026
4498
2962
3043
3104
2987
3022
3168
2945
3048
3143
2966
3031
3064
2970
3025
3179
2999
2965
3144
2958
3043
3142
2984
3019
3165
2991
3045
3150
2978
3037
3141
2953
3040
3150
2970
3024
3158
3003
3025
3132
2999
3044
3124
2984
3046
3128
2938
3035
3132
2979
3020
3106
2972
3029
3142
2979
3012
3151
2945
3041
3163
2964
3042
3142
2978
2993
3099
2972
3040
3130
2988
3027
3150
3023
3025
3142
2881
3039
3131
2965
3037
3151
2982
3049
3164
2955
2927
3116
2970
3048
3158
2969
3047
3127
2967
3038
3089
3009
3047
3140
3040
3073
3148
2964
3034
3145
2973
3038
3165
2959
3030
3148
3088
3122
3258
3144
3222
3279
3150
3209
3260
3046
3133
3127
2988
3030
3177
2972
3032
3098
2996
2991
3147
3017
3173
3175
3030
3140
3234
2976
3054
3047
3014
3130
3260
3092
3047
3134
3007
3112
3154
2992
3063
3114
2995
3034
3024
2993
3025
3152
2999
3062
3134
2982
3042
3148
3013
3131
3222
3100
3157
3251
3093
3163
3228
3095
3130
3204
3107
3148
3251
3090
3185
3222
3288
3184
3384
3097
3198
3331
3226
3336
3284
3104
3330
3332
3187
3263
3256
3189
3317
3241
3117
3170
3374
3106
3160
3240
3026
3150
3238
3084
3141
3217
3097
3157
3146
3100
3150
3240
3085
3145
3248
3063
3137
3228
3065
3143
3225
3085
3150
3242
3081
3089
3230
3078
3137
3232
3086
3143
3222
3076
3130
3237
3068
3154
3245
3082
3133
3221
3100
3144
3226
3088
3146
3228
3077
3119
3250
3021
3174
3229
3119
3167
3223
3105
3162
3215
3093
3143
3256
3097
3155
3257
3276
3166
3242
3038
3145
3251
3124
3166
3260
3101
3129
3260
3112
3137
3267
3108
3154
3218
3101
3140
3266
3076
3145
3290
3104
3375
3499
3119
3198
3281
3151
3191
3261
3076
3171
3232
3082
3125
3251
3133
3144
3245
3105
3129
3281
3096
3145
3256
3058
3150
3264
3094
3186
3234
3111
3192
3231
3117
3198
3235
3108
3142
3254
3085
3134
3144
3083
3135
3240
3064
3177
3238
3071
3131
3261
3109
3149
3233
3092
3175
3233
3058
3108
3230
3071
3175
3116
3072
3122
3240
3094
3129
3114
3067
3172
3240
3092
3132
3236
3043
3133
3250
3078
3131
3235
3120
3160
3232
3090
3139
3247
3086
3136
3273
3081
3102
3258
3115
3158
3249
3111
3148
3295
3070
3150
3252
3080
3139
3249
3062
3191
3264
3099
3138
3269
3073
3171
3245
3085
3139
3257
3080
3172
3252
3096
3136
3256
3124
3142
3262
3091
3139
3270
3070
3019
3117
2957
3031
3171
2996
3038
3156
2949
3036
3145
2964
3011
3172
2963
3025
3177
2977
3013
3113
2958
3011
3168
2948
3029
3140
2952
3002
3144
2961
3027
3146
2948
3022
3193
2972
3005
3145
2974
3025
3178
3006
3052
3187
2971
3068
3177
2974
3057
3185
3001
3061
3183
3018
3063
3163
2978
3070
3221
3001
2977
3188
2992
3057
3177
3004
3053
3178
2980
3067
3191
3003
3049
3186
2989
3072
3167
3000
3068
3174
2986
3063
3195
3002
3063
3200
3001
3064
3117
3000
3045
3183
2993
3064
3155
2992
3049
3166
2986
3062
3169
2990
3045
3179
2982
3052
3169
2990
3066
3184
2981
3076
3183
2982
3067
3171
2985
3088
3164
2994
3061
3174
2976
3071
3150
2985
3055
3173
2976
3036
3217
2993
3062
3191
2968
3037
3178
2987
3062
3202
2980
3072
3162
2982
3055
3182
3001
3067
3166
3017
3074
3215
2985
3068
3195
3003
3056
3184
3011
3062
3172
3009
3073
3192
2986
3071
3173
2981
3068
3162
2981
3077
3175
3010
3069
3201
2997
3072
3185
3017
3069
3212
3006
3065
3179
3016
3067
3192
3014
3078
3173
2999
3052
3183
2990
3065
3166
3006
3061
3191
2984
3067
3214
3000
3076
3183
2996
3079
3166
2995
3066
3154
2980
3083
3168
3025
3076
3178
3018
3097
3161
3017
3074
3165
3006
3074
3166
3018
3068
3188
3005
3077
3182
3014
3070
3195
2962
3075
3168
3023
3066
3181
3005
3092
3188
3014
3061
3178
3008
3076
3191
3016
3059
3179
2999
3076
3212
3007
3066
3201
2996
3078
3168
3001
3076
3171
2997
3082
3178
3001
3057
3190
3001
3084
3201
3000
3058
3179
3001
3060
3169
3041
3066
3200
2991
3061
3206
3030
3060
3222
3027
3065
3159
3027
3056
3170
3016
3058
3185
3021
3055
3176
3014
3069
3168
3022
3063
3186
3018
3063
3160
3019
3076
3177
3013
3096
3208
3008
3066
3186
3003
3078
3166
3024
3067
3202
3030
3079
3175
3027
3079
3125
3010
3096
3177
3017
3066
3219
2930
3085
3185
3005
3068
3170
3023
3080
3175
3013
3088
3225
3006
3076
3147
2985
3059
3157
2974
3045
3131
3011
3067
3172
3006
3087
3148
3014
3065
3197
3042
3074
3195
3005
3076
3177
2990
3089
3180
3009
3069
3208
3005
3067
3200
3050
3073
3204
3003
3092
3164
3002
3072
3203
3008
3081
3198
3025
3068
3187
2994
3070
3170
3000
3095
3184
2999
3065
3188
3016
3059
3185
3019
3085
3210
3032
3078
3179
3012
3091
3193
3018
3076
3186
3007
3091
3164
3018
3070
3204
3018
3086
3206
3032
3081
3174
3022
3090
3211
3022
3064
3215
3007
3079
3204
3015
3091
3177
3003
3087
3185
3024
3118
3222
3012
3081
3176
3014
3070
3212
3006
3168
3150
2986
3095
3116
3045
3094
3203
3017
3074
3169
3002
3080
3160
2986
3044
3183
2979
3040
3166
2976
3046
3157
2998
3058
3203
3009
3189
3250
3041
3191
3330
3158
3167
3159
3066
3180
3311
3231
3321
3289
3182
3044
3213
2971
3235
3359
3256
3272
3414
3341
3367
3320
3056
3150
3300
3128
3287
3380
3270
3255
3345
3104
3190
3262
3171
3191
3285
3149
3069
3197
3013
3057
3179
3032
3063
3166
2955
3054
3083
3121
3124
3271
3104
3167
3261
3131
3160
3252
3110
3160
3297
3123
3193
3274
3119
3173
3265
3100
3178
3278
3123
3186
3280
3109
3182
3262
3106
3181
3274
3124
3183
3280
3099
3178
3297
3118
3191
3290
3109
3185
3272
3111
3182
3273
3109
3184
3283
3115
3181
3289
3112
3188
3276
3116
3184
3283
3102
3202
3268
3111
3178
3276
3113
3186
3268
3108
3184
3280
3107
3178
3253
3128
3176
3271
3097
3198
3275
3097
3204
3281
3092
3198
3272
3109
3194
3296
3093
3177
3271
3109
3160
3289
3111
3204
3264
3104
3196
3288
3116
3190
3281
3105
3304
3283
3127
3196
3256
3142
3184
3213
3169
3192
3264
3134
3208
3305
3125
3195
3287
3119
3186
3266
3115
3199
3277
3121
3145
3273
3120
3181
3261
3238
3235
3280
3084
3158
3224
3115
3239
3297
3134
3211
3314
3099
3200
3295
3117
3176
3276
3138
3184
3254
3163
3170
3272
3110
3124
3296
3153
3196
3280
3027
3236
3280
3123
3226
3195
3101
3226
3298
3149
3029
3276
3135
3192
3261
3087
3212
3277
3091
3199
3310
3136
3222
3289
3100
3245
3251
3045
3233
3292
3120
3218
3290
3142
3164
3295
3110
3030
3270
3136
3215
3268
3235
3529
3309
3130
3210
3271
3058
3216
3300
3127
3194
3291
3150
3221
3302
3160
3191
3274
3138
3202
3261
3168
3213
3285
3135
3207
3272
3163
3183
3272
3136
3206
3289
3159
3219
3271
3139
3209
3267
2962
3193
3275
3112
3219
3297
3145
3190
3267
3699
3221
3285
3131
3207
3270
3127
3236
3281
3112
3193
3299
3108
3205
3283
3145
3192
3276
3115
3236
3277
3102
3217
3270
3106
3205
3276
3124
3192
3265
3113
3197
3279
3103
3187
3264
3149
3218
3265
3158
3191
3278
3139
3200
3282
3135
3204
3265
3118
3234
3288
3155
3205
3225
3370
3195
3282
3150
3165
4307
3129
3171
3272
3090
3192
3283
3128
3219
3271
3157
3189
3265
3141
3179
3297
3159
3210
3270
3110
3229
3286
3175
3222
3279
3164
3190
3294
3124
3159
3262
3119
3238
3281
3063
3188
3261
3144
3187
3152
3173
3186
3260
3145
3127
3254
3078
3227
3259
3139
3232
3306
3165
4069
3237
3151
3236
3282
3148
3235
3192
3145
3132
3277
3165
3223
3267
3153
3224
3324
3147
3216
3275
3154
3209
3302
3164
3229
3283
3114
3261
3298
3125
3237
3267
3136
3217
3299
3154
3214
3295
3146
3236
3303
3170
3212
3757
3142
3193
3285
3158
3177
3257
3134
3215
3315
3185
3203
3272
3047
3234
3292
3147
3217
3251
3129
3207
3306
3147
3211
3278
3141
3223
3290
3163
3195
3254
3128
3219
3295
3122
3186
3284
3147
3213
3285
3162
3189
3254
3134
3237
3297
3180
3186
3259
3120
3230
3276
3157
3210
3273
3155
3220
3292
3159
3190
3270
3178
3213
3298
3193
3216
3280
3164
3252
3287
3166
3219
3258
3153
3254
3303
3159
3190
3271
3166
3250
3304
3150
3210
3288
3127
3243
3288
3167
3208
3255
3150
3210
3291
3154
3218
3275
3135
3226
3268
3175
3438
3267
3152
3225
3271
3141
3191
3246
3153
3228
3296
3159
3210
3265
3140
3232
3295
3150
3224
3248
3135
3228
3276
3172
3204
3260
3154
3210
3288
3145
3200
3244
3122
3225
3267
3175
3200
3259
3127
3201
3248
3187
3214
3268
3187
3216
3280
3155
3198
3250
3134
3203
3285
3165
3190
3241
3138
3201
3304
3154
3204
3238
3156
3220
3288
3170
3203
3252
3178
3219
3285
3153
3194
3248
3140
3249
3304
3155
3206
3239
3159
3213
3277
3180
3173
3256
3142
3208
3303
3147
3211
3267
3153
3161
3290
3188
3185
3263
3157
3204
3282
3377
3109
3255
3178
3176
3277
3152
3222
3265
3151
3194
3309
3139
3216
3246
3144
3195
3295
3162
3202
3235
3150
3229
3293
3160
3228
3239
3141
3236
3309
3179
3215
3265
3144
3223
3293
3153
3209
3247
3127
3209
3276
3148
3229
3241
3150
3218
3301
3144
3210
3239
3152
3207
3276
3107
3191
3255
3176
3231
3268
3136
3182
3259
3147
3074
3324
3135
3194
3236
3161
3232
3292
3169
3225
3245
3124
3210
3319
3170
3248
3236
3180
3209
3297
3124
3170
3332
3139
3232
3301
3155
3215
3231
3171
3225
3288
3211
3253
3322
3171
3210
3286
3054
3234
3276
3166
3240
3311
3161
3194
3274
3171
3243
3298
3176
3238
3320
3138
3239
3330
3131
3224
3264
3080
3244
3307
3174
3201
3238
3163
3226
3314
3131
3203
3273
3169
3169
3285
3043
3177
3296
3041
3130
3243
3049
3046
3225
3091
3001
3115
2922
2983
3122
2995
3080
3168
3038
3096
3243
3088
3238
3293
3127
3111
3219
3038
3134
3234
3036
3111
3200
3034
3130
3209
3039
3094
3215
3029
3092
3202
3063
3128
3207
3088
3083
3196
3048
3136
3241
3188
3224
3422
3052
3134
3256
3047
3128
3244
3043
3138
3223
3087
3125
3291
3074
3125
3238
3077
3109
3257
3055
3138
3218
3058
3120
3272
3048
3139
3229
3061
3131
3249
3058
3138
3226
3060
3124
3252
3054
3133
3241
3059
3115
3241
3048
3119
3226
3073
3129
3275
3053
3119
3218
3061
3086
3208
3048
3143
3222
3074
3107
3234
3040
3127
3229
3081
3124
3247
3057
3132
3224
3076
3135
3239
3066
3143
3224
3103
3135
3262
3039
3154
3232
3075
3145
3243
3059
3135
3216
3063
3139
3249
3042
3138
3247
3075
3132
3251
3063
3145
3235
3074
3145
3270
3045
3133
3220
3081
3134
3280
3056
3115
3231
3072
3172
3268
3058
3134
3237
3086
3118
3266
3080
3135
3231
3081
3121
3257
3059
3142
3283
3161
3207
3334
3192
3224
3316
3170
3220
3311
3215
3217
3315
3161
3220
3326
3126
3224
3310
3157
3222
3305
3176
3235
3232
3152
3203
3304
3207
3242
3290
3191
3206
3308
3183
3227
3301
3158
3211
3299
3172
3245
3301
3047
3229
3301
3204
3224
3314
3172
3207
3328
3180
3247
3315
3169
3205
3308
3177
3229
3209
3164
3209
3335
3156
3240
3299
3154
3214
3308
3101
3252
3282
3157
3204
3284
3184
3219
3309
3164
3210
3328
3166
3234
3291
3187
3228
3330
3198
3242
3216
3165
3226
3304
3176
3224
3269
3164
3216
3330
3169
3231
3286
3185
3184
3333
3175
3223
3308
3154
3202
3307
3194
3225
3310
3159
3204
3318
3175
3218
3332
3157
3201
3336
3175
3182
3291
3183
3208
3325
3179
3216
3327
3201
3211
3319
3164
3221
3307
3201
3209
3293
3176
3217
3309
3174
3210
3316
3172
3230
3302
3141
3203
3318
3189
3242
3299
3181
3195
3322
3163
3234
3293
3185
3204
3279
3135
3254
3294
3187
3201
3327
3188
3219
3281
3155
3201
3330
3171
3259
3300
3196
3196
3300
3192
3224
3274
3173
3193
3272
3182
3230
3320
3180
3195
3305
3174
3233
3282
3172
3203
3338
3213
3187
3366
3165
3198
3287
3174
3221
3271
3173
3208
3312
3185
3236
3186
3172
3205
3320
3173
3234
3297
3169
3193
3321
3180
3240
3307
3162
3201
3303
3221
3233
3298
3178
3184
3312
3190
3243
3301
3163
3205
3325
3167
3238
3303
3166
3206
3319
3181
3219
3283
3158
3201
3317
3158
3236
3294
3186
3193
3334
3184
3237
3299
3176
3194
3315
3156
3225
3279
3181
3197
3307
3180
3223
3287
3174
3199
3298
3180
3235
3282
3150
3200
3278
3182
3222
3267
3163
3196
3294
3187
3235
3293
3173
3190
3341
3181
3263
3306
3173
3209
3328
3178
3230
3296
3182
3209
3334
3186
3251
3273
3165
3210
3335
3182
3239
3290
3171
3197
3337
3172
3217
3287
3167
3197
3335
3196
3243
3282
3141
3195
3320
3176
3224
3287
3190
3202
3351
3176
3217
3265
3164
3187
3295
3167
3223
3299
3170
3193
3320
3119
3233
3296
3166
3202
3342
3192
3240
3284
3154
3206
3316
3175
3223
3282
3151
3182
3325
3182
3249
3275
3166
3193
3327
3177
3235
3275
3183
3214
3340
3122
3240
3283
3196
3191
3338
3100
3225
3278
3175
3197
3332
3176
3233
3274
3125
3190
3329
3183
3236
3285
3188
3188
3327
3180
3207
3262
3178
3177
3318
3033
3242
3247
3201
3203
3311
3165
3234
3294
3168
3070
3340
3191
3237
3282
3164
3249
3353
3173
3244
3282
3172
3204
3325
3183
3211
3282
3174
3198
3303
3178
3228
3281
3180
3188
3338
3182
3220
3269
3168
3185
3337
3160
3241
3278
3185
3188
3360
3180
3236
3261
3193
3184
3348
3195
3251
3275
3172
3187
3342
3179
3245
3284
3190
3240
3339
3187
3254
3278
3187
3240
3353
3179
3241
3267
3180
3185
3297
3170
3241
3271
3180
3217
3374
3156
3240
3275
3182
3205
3335
3175
3240
3268
3164
3229
3338
3172
3243
3267
3165
3179
3343
3167
3234
3266
3164
3243
3344
3168
3267
3214
3189
3238
3308
3177
3254
3247
3174
3267
3312
3173
3266
3256
3173
3191
3313
3169
3258
3275
3173
3193
3329
3176
3263
3288
3177
3233
3346
3177
3258
3222
3167
3254
3339
3168
3251
3264
3180
3242
3348
3188
3256
3282
3178
3178
3324
3160
3244
3262
3182
3198
3343
3176
3256
3275
3183
3222
3337
3163
3262
3272
3169
3178
3358
3163
3240
3262
3178
3195
3308
3104
3333
3284
3234
3167
3347
3159
3244
3285
3177
3174
3352
3162
3248
3271
3207
3175
3339
3168
3235
3264
3183
3227
3346
3158
3248
3255
3174
3257
3330
3165
3224
3259
3025
3075
3170
3023
3108
3147
3077
3148
3151
3210
3141
3255
3060
3165
3262
3240
3331
3371
3144
3206
3221
2996
3057
3126
2972
3086
3145
3082
3225
3316
3180
3229
3327
3151
3224
3275
3194
3249
3297
3169
3236
3297
3178
3257
3311
3113
3242
3261
3159
3248
3311
3160
3248
3271
3169
3233
3359
3149
3280
3270
3159
3228
3347
3152
3246
3328
3179
3145
3340
3169
3243
3274
3178
3239
3307
3157
3226
3255
3198
3235
3330
3153
3235
3258
3169
3240
3303
3149
3242
3267
3176
3226
3337
3159
3245
3265
3171
3229
3338
3145
3228
3272
3201
3234
3329
3150
3233
3273
3174
3222
3305
3149
3250
3252
3192
3236
3318
3148
3257
3282
3197
3244
3303
3153
3261
3254
3168
3235
3331
3153
3244
3263
3185
3240
3334
3145
3258
3252
3205
3235
3322
3152
3258
3271
3186
3241
3338
3136
3237
3266
3204
3245
3355
3141
3251
3275
3175
3229
3289
3154
3255
3254
3178
3237
3358
3142
3242
3252
3102
3230
3331
3145
3247
3251
3190
3176
3264
3117
3185
3256
3101
3173
3257
3089
3169
3263
3172
3181
3375
3193
3292
3317
3247
3235
3347
3202
3260
3303
3216
3287
3354
3207
3302
3376
3220
3263
3366
3221
3288
3316
3133
3179
3279
3143
3177
3236
3091
3151
3169
3095
3158
3242
3118
3169
3272
3078
3166
3248
3095
3162
3268
3106
3160
3223
3100
3161
3289
3096
3160
3234
3113
3152
3256
3102
3165
3159
3098
3157
3292
3092
3154
3272
3119
3163
3267
3104
3157
3259
3097
3156
3270
3087
3161
3265
3105
3143
3290
3094
3176
3233
3131
3167
3292
3078
3155
3219
3092
3154
3284
3110
3170
3266
3104
3152
3284
3097
3173
3269
3098
3151
3276
3085
3151
3288
3089
3157
3263
3104
3155
3260
3105
3150
3252
3105
3150
3232
3112
3148
3276
3099
3165
3262
3103
3158
3282
3109
3147
3284
3137
3144
3279
3097
3147
3289
3098
3139
3294
3126
3139
3281
3124
3158
3298
3093
3153
3236
3097
3163
3295
3107
3173
3224
3105
3169
3280
3097
3166
3295
3101
3158
3292
3094
3157
3250
3096
3148
3279
3089
3160
3256
3099
3155
3265
3104
3164
3280
3094
3178
3301
3089
3157
3244
3109
3135
3385
3145
3290
3252
3186
3250
3358
3215
3286
3235
3221
3239
3338
3191
3250
3262
3186
3242
3366
3193
3276
3274
3122
3258
3339
3147
3262
3236
3219
3241
3372
3145
3297
3238
3212
3234
3327
3126
3296
3307
3204
3195
3345
3202
3284
3325
3212
3242
3378
3132
3348
3327
3196
3254
3405
3148
3247
3233
3216
3239
3325
3214
3273
3219
3233
3251
3294
3206
3292
3301
3211
3242
3376
3212
3295
3230
3258
3244
3370
3210
3290
3249
3235
3247
3390
3212
3339
3319
3202
3240
3381
3218
3292
3239
3224
3235
3348
3209
3280
3251
3232
3247
3354
3205
3184
3233
3226
3227
3356
3202
3287
3201
3235
3241
3379
3141
3309
3242
3209
3251
3344
3205
3281
3231
3210
3232
3366
3197
3285
3298
3208
3249
3363
3174
3262
3245
3235
3232
3386
3120
3320
3241
3233
3238
3397
3222
3304
3247
3225
3236
3374
3196
3304
3228
3203
3231
3387
3208
3302
3327
3216
3209
3388
3137
3283
3296
3205
3225
3410
3200
3307
3226
3243
3239
3359
3234
3266
3367
3224
3234
3353
3188
3289
3313
3243
3230
3324
3207
3276
3288
3225
3225
3350
3192
3264
3311
3223
3178
3381
3188
3278
3227
