507
691
372
629
750
378
610
794
293
485
740
239
624
788
347
618
810
473
661
852
412
624
900
435
632
830
457
616
802
407
633
805
459
603
843
418
477
925
445
637
823
426
640
799
450
624
841
400
631
837
421
635
846
415
629
891
421
632
850
423
636
839
452
657
782
355
625
851
429
625
831
476
600
904
427
633
850
437
636
829
433
655
844
419
548
722
356
631
849
414
660
819
445
637
850
390
610
856
365
557
794
491
652
815
442
618
810
419
501
808
540
621
830
418
639
819
393
625
833
378
656
830
443
655
798
401
561
808
443
574
632
456
639
811
479
683
743
324
630
413
423
649
798
483
587
808
410
607
643
387
534
767
442
613
832
418
642
799
416
606
849
424
641
794
438
612
838
412
646
789
515
647
437
443
659
820
442
622
437
412
545
775
410
619
269
421
608
805
427
596
809
480
649
823
363
626
415
323
567
819
292
642
459
425
551
456
397
651
850
386
523
423
416
634
762
478
641
406
449
646
818
440
622
444
298
644
870
455
681
864
492
552
452
467
639
399
467
702
677
459
633
779
437
644
419
376
585
458
477
626
847
381
539
452
473
697
840
443
653
411
439
631
859
496
634
437
363
555
434
501
577
780
446
583
771
416
654
817
430
660
863
429
617
857
451
628
435
414
625
805
470
644
818
437
623
390
419
613
749
435
682
422
454
519
722
302
525
298
327
534
218
391
585
744
357
552
312
303
535
718
349
516
311
349
422
293
324
525
301
321
521
298
325
516
454
430
651
425
445
636
315
365
538
286
308
515
280
312
501
275
308
524
265
256
482
281
312
505
267
300
524
297
308
527
283
307
492
272
339
526
272
269
535
297
337
558
321
338
544
320
347
521
200
301
501
288
302
546
368
440
534
471
412
653
433
350
541
314
320
595
277
328
431
318
304
533
277
297
510
275
223
510
279
304
508
289
331
461
246
315
515
329
295
485
241
315
498
288
306
509
284
353
491
444
407
655
342
371
683
448
435
619
411
375
543
358
340
572
475
356
505
334
306
502
316
298
520
250
314
564
329
288
497
323
308
571
472
338
513
289
331
703
468
278
479
354
336
462
255
383
496
464
489
654
535
371
632
351
484
705
374
244
598
327
462
688
443
433
556
432
251
562
441
436
521
300
318
629
413
502
458
386
507
674
391
469
591
360
341
595
370
421
622
374
410
715
378
330
647
449
485
709
389
410
632
477
506
688
456
400
553
303
423
540
302
362
557
319
361
672
495
488
625
346
327
494
403
334
521
287
359
688
320
404
649
401
431
618
323
331
541
294
316
523
316
321
533
311
264
543
354
467
675
483
316
531
345
343
576
312
373
523
341
393
663
420
445
637
403
415
578
336
374
600
409
327
528
318
307
526
304
324
548
263
314
520
291
369
529
390
453
601
505
496
734
489
508
546
481
355
536
323
332
521
342
336
540
386
342
550
339
349
577
320
363
518
296
309
524
287
336
495
289
338
585
460
333
691
479
350
535
453
447
709
480
358
566
333
331
528
249
276
556
363
346
533
314
386
555
306
334
537
385
395
670
433
449
578
334
340
613
422
449
693
415
371
552
308
344
510
351
316
539
347
456
578
353
374
596
429
442
568
347
332
563
293
340
548
349
369
576
354
368
576
352
314
608
413
337
537
345
386
640
431
439
565
299
384
554
358
353
485
362
342
569
341
325
536
331
383
502
340
424
548
339
299
507
319
402
602
325
339
542
309
365
541
308
423
542
316
344
506
321
332
541
309
335
550
304
352
583
323
281
568
315
411
543
313
358
561
363
459
599
325
466
581
371
347
464
217
335
523
301
346
537
303
336
538
255
287
541
244
256
465
241
265
570
340
344
515
313
329
508
305
353
517
254
312
535
257
338
529
295
341
558
353
319
529
345
347
568
312
346
476
456
530
708
327
342
543
376
361
514
351
454
605
404
439
577
376
458
548
312
354
570
348
336
555
355
275
542
354
415
631
417
426
546
383
382
526
334
350
549
325
348
540
312
357
546
307
353
534
330
344
503
317
366
537
259
335
521
276
294
538
287
455
483
265
287
471
255
352
599
322
363
641
351
442
648
372
428
654
394
453
652
408
455
640
400
454
633
373
375
580
354
447
649
355
449
648
399
442
613
309
343
548
290
350
452
363
363
559
279
339
488
272
359
542
293
323
541
280
338
538
271
330
557
253
355
526
286
360
542
204
293
550
282
347
526
277
330
530
285
345
537
342
348
548
285
338
532
278
332
554
302
372
608
400
399
579
247
382
534
303
345
529
292
351
551
310
354
563
230
361
514
312
302
471
289
343
521
351
426
594
290
422
596
357
397
611
291
278
547
314
376
564
371
521
691
444
501
732
458
531
732
396
435
705
446
528
720
416
479
620
472
450
710
458
510
622
382
506
691
405
516
717
455
473
735
453
522
714
465
439
731
317
350
536
281
331
596
278
334
537
270
332
543
294
341
535
311
346
540
277
414
555
420
365
598
392
460
562
339
322
542
409
375
546
354
370
602
390
380
767
371
378
625
393
478
676
394
372
554
289
342
552
287
331
556
291
366
558
288
359
554
336
520
662
485
381
608
479
488
665
403
452
632
314
401
672
408
601
690
376
441
655
421
443
682
372
465
680
462
590
716
404
470
739
268
480
653
488
495
672
420
445
703
383
481
686
381
432
681
367
449
803
429
459
699
392
586
710
394
409
697
376
484
650
352
460
570
389
501
766
381
501
698
377
487
705
369
419
691
511
373
660
404
523
633
403
397
658
452
597
560
375
471
677
345
525
760
458
483
691
442
494
717
451
517
729
484
569
751
411
502
733
468
466
716
404
558
716
482
528
758
467
511
729
397
517
726
377
486
661
419
589
694
383
482
644
448
459
697
395
409
661
371
473
691
337
611
686
387
565
615
373
490
672
445
455
665
399
488
658
388
468
671
381
496
659
421
482
681
384
557
573
412
489
667
397
473
858
412
641
771
555
553
685
482
558
760
513
532
643
459
541
730
516
549
736
461
549
702
493
515
733
501
541
849
533
554
713
440
606
728
447
521
810
385
612
744
470
586
815
405
549
753
514
525
749
461
558
630
354
425
614
358
410
589
310
376
605
323
376
586
273
364
679
292
346
563
327
374
608
303
352
592
281
356
595
281
420
725
323
487
718
412
504
688
374
474
791
351
470
674
374
508
673
426
542
713
404
444
664
394
475
719
383
438
749
284
520
652
311
391
575
295
364
564
319
482
734
426
465
509
353
496
726
407
346
533
313
331
519
307
384
547
281
322
542
200
486
686
350
486
688
408
477
715
416
453
701
393
438
686
357
437
650
441
473
575
328
454
601
383
496
685
380
435
679
427
482
683
336
498
660
443
475
692
426
495
656
415
518
593
369
486
638
299
360
642
388
490
639
395
478
674
377
479
599
235
412
678
304
425
688
400
480
643
309
342
645
360
480
746
430
556
756
428
487
575
326
389
586
293
442
697
310
465
556
281
355
574
211
354
565
297
341
660
269
340
591
293
380
595
286
384
566
278
323
530
308
383
667
199
433
582
318
392
511
218
423
482
284
368
557
285
363
514
227
323
564
288
312
493
293
345
555
283
360
582
219
372
502
283
449
620
358
447
505
276
364
563
298
380
563
296
366
589
288
408
676
378
446
752
478
528
701
405
489
656
504
442
687
449
525
755
432
507
784
403
458
798
403
509
754
416
434
669
391
499
668
419
461
710
456
531
669
441
506
684
347
501
707
539
506
708
528
432
694
387
461
718
402
505
683
561
543
728
414
521
711
414
484
696
412
552
707
421
488
507
390
505
673
426
487
702
326
489
688
356
501
673
405
508
732
565
474
695
531
409
620
495
529
658
399
474
743
400
477
521
359
407
658
386
513
643
390
484
669
424
414
609
378
509
630
381
481
743
489
481
632
454
557
720
394
512
740
577
554
738
488
557
763
464
486
753
455
499
656
434
484
573
429
548
684
368
542
634
322
498
686
418
479
691
419
362
727
508
494
745
379
498
695
535
488
640
404
513
687
425
499
700
422
495
696
370
473
650
435
509
694
434
495
644
373
521
697
376
423
643
392
487
643
399
494
690
394
496
663
402
506
711
349
510
681
403
525
682
404
472
666
442
440
650
385
523
676
412
502
709
426
505
670
429
538
724
427
514
693
399
603
729
349
465
694
403
521
718
402
526
690
399
531
715
412
513
713
412
548
695
411
508
631
404
597
713
408
514
568
352
502
708
510
540
747
450
474
704
476
525
723
372
447
732
516
517
709
367
452
733
410
472
746
403
518
735
399
530
721
380
436
760
436
613
663
411
536
649
507
501
678
421
401
729
416
521
714
397
620
721
426
541
708
401
531
738
411
424
685
401
504
691
431
461
674
411
533
738
413
509
724
488
500
667
454
518
647
393
496
706
387
494
698
353
491
686
464
521
635
436
497
714
409
521
715
396
498
704
404
531
716
425
534
709
523
556
704
430
523
728
439
457
708
387
499
714
389
533
739
440
515
726
434
518
678
407
478
726
385
594
709
413
561
642
440
517
720
397
522
751
418
529
693
356
484
704
393
526
653
418
488
718
396
496
715
440
512
705
341
513
720
390
544
731
392
512
725
405
468
674
404
511
777
428
493
701
402
519
758
428
526
714
393
518
654
395
499
710
384
515
695
437
546
700
408
516
694
400
475
695
478
539
713
417
512
711
407
522
686
420
521
718
391
527
698
376
513
702
406
545
663
423
535
726
433
470
763
294
528
739
353
532
716
445
513
698
418
519
703
420
457
712
421
544
702
412
525
722
413
557
670
429
616
729
395
538
821
437
631
630
401
525
780
374
513
704
408
476
790
401
422
722
397
502
790
419
513
653
400
511
804
428
510
704
486
551
690
424
512
739
389
514
776
388
524
699
419
520
868
365
576
742
341
539
801
388
526
724
401
528
707
409
545
777
347
479
705
420
581
696
432
554
702
408
521
705
409
439
793
421
495
705
348
447
708
381
509
732
476
447
751
407
524
699
432
524
712
422
513
703
412
529
716
245
509
663
422
439
594
396
553
657
365
365
655
410
483
707
423
512
702
410
523
631
339
561
678
350
483
713
441
531
732
433
512
707
447
529
727
424
525
707
333
540
706
390
504
725
393
516
667
400
519
719
414
566
682
408
510
740
407
532
641
382
519
725
409
535
691
417
516
716
405
521
699
462
527
721
395
516
712
419
511
720
458
517
704
434
518
583
592
523
675
296
501
710
402
498
691
408
460
645
425
520
707
427
520
721
443
533
705
437
466
682
370
525
558
412
383
797
312
442
622
413
524
667
427
442
647
342
491
757
360
520
724
313
520
638
397
518
742
338
518
720
363
536
752
427
508
718
390
504
707
424
530
682
405
553
878
375
555
680
416
526
845
387
558
756
401
517
712
412
504
729
405
485
723
422
531
692
312
478
753
430
618
677
383
561
711
442
499
725
342
380
747
445
415
667
495
551
641
405
466
723
312
529
705
421
580
642
349
474
732
461
531
723
306
511
718
417
405
712
439
447
730
424
419
751
411
556
706
423
507
747
426
611
669
403
515
702
385
494
776
402
492
755
342
529
743
411
501
699
426
564
736
431
465
755
405
535
726
390
538
768
400
517
645
421
517
747
345
440
811
411
457
727
344
530
754
402
530
678
401
496
725
428
536
739
386
486
735
426
677
770
402
554
718
412
608
690
332
485
766
437
597
749
397
570
742
421
420
723
398
497
736
427
572
680
427
550
757
424
548
733
364
409
776
443
565
710
356
532
712
401
553
715
403
588
733
413
551
748
438
555
720
441
535
769
393
558
682
431
622
718
410
536
734
429
601
753
348
585
719
389
548
746
406
478
733
403
530
729
424
546
895
411
519
740
403
528
720
413
527
724
379
528
719
399
518
751
407
531
725
400
535
728
293
533
715
450
557
770
362
528
740
397
508
738
388
524
716
395
523
724
422
570
679
342
546
756
383
547
733
421
536
666
427
571
732
423
626
779
426
569
727
397
513
734
407
356
686
441
540
765
390
529
721
395
525
726
381
536
742
382
527
748
396
533
738
409
533
762
414
553
750
408
551
767
394
505
732
403
657
754
354
504
744
403
533
751
414
529
718
407
525
823
398
541
739
379
470
742
410
518
743
399
530
704
391
503
778
390
506
819
352
540
688
394
618
809
330
525
729
390
526
740
386
540
645
469
497
738
414
544
707
400
516
744
367
521
717
409
533
717
397
541
745
389
522
738
398
533
710
398
552
739
420
469
741
416
551
721
365
563
734
403
548
676
411
556
811
426
479
747
410
570
734
391
525
671
373
540
696
373
536
769
395
557
738
415
537
768
469
530
733
393
513
742
392
466
758
434
514
681
502
546
718
385
527
749
469
522
724
412
542
674
361
555
717
421
572
741
408
525
838
460
551
753
463
560
670
382
561
776
360
543
699
469
549
744
376
579
735
415
438
753
362
558
748
404
559
747
410
520
739
416
556
759
369
558
741
338
526
693
389
489
725
418
540
779
452
557
705
437
539
745
471
557
717
439
475
741
404
540
742
402
518
814
460
573
787
441
541
735
492
507
780
436
591
777
520
576
701
404
537
793
402
507
769
429
559
693
409
515
719
431
513
742
366
499
728
382
520
734
435
580
779
425
560
746
439
546
737
447
442
755
376
534
698
407
524
747
409
517
670
412
540
750
404
541
733
412
545
650
341
557
748
376
537
681
358
381
787
350
538
750
408
539
753
395
528
783
380
495
588
403
545
763
370
647
737
353
588
697
341
603
652
419
507
739
439
573
772
401
491
702
337
549
758
400
547
742
394
551
760
292
545
749
419
536
666
395
537
763
377
537
806
292
528
744
279
533
726
408
541
755
398
531
731
393
539
745
412
569
668
410
544
757
400
541
762
424
549
741
404
535
639
387
548
760
401
556
736
331
486
767
422
536
746
383
549
688
368
562
760
411
559
751
294
546
740
340
540
756
406
543
735
402
549
743
398
534
749
419
530
771
388
456
755
428
562
675
428
553
751
406
542
754
318
542
753
400
644
785
405
554
747
413
542
764
397
552
775
439
564
749
382
538
736
394
521
819
374
577
893
485
588
745
415
482
690
399
572
602
406
458
574
405
519
686
331
587
763
272
645
751
374
543
717
409
585
757
276
546
745
401
542
755
285
548
766
310
493
784
362
644
761
331
507
786
375
582
847
394
518
767
366
533
753
425
581
720
337
564
724
419
566
718
380
595
770
388
564
840
407
592
766
373
523
801
335
561
748
383
560
774
425
587
772
327
561
712
279
517
751
402
546
777
361
437
714
404
492
780
419
550
770
409
542
790
411
552
791
406
494
704
337
612
785
445
591
791
349
569
781
428
598
797
360
583
758
408
593
767
363
587
757
395
547
780
412
578
775
449
590
781
341
601
757
361
573
734
243
579
785
444
560
789
417
607
793
401
479
763
406
618
704
382
575
810
356
540
783
364
575
775
339
566
752
435
561
766
438
607
758
456
611
871
312
623
766
369
533
771
335
563
763
378
552
723
271
576
769
401
534
794
358
522
778
439
596
807
360
567
849
346
616
609
276
605
749
422
508
843
412
481
762
439
570
752
352
552
762
395
551
783
344
573
843
432
578
804
311
595
852
470
591
796
362
565
766
401
533
803
363
647
771
346
558
794
317
580
822
350
523
823
354
625
777
382
603
783
316
560
777
399
543
780
328
558
770
465
596
827
400
614
765
434
567
726
411
608
723
356
599
778
356
575
778
386
563
782
419
596
880
408
650
763
358
655
825
444
571
786
358
510
779
402
569
786
344
599
785
526
618
816
470
630
779
440
560
751
399
621
789
345
560
794
302
611
811
362
570
787
431
556
813
375
559
846
450
604
899
467
611
817
365
606
687
277
515
789
313
619
802
463
497
823
373
614
810
494
604
828
417
634
856
473
620
828
412
619
803
427
541
812
392
537
808
433
556
826
387
616
753
522
652
825
459
590
786
434
610
835
490
611
850
469
594
672
371
627
805
456
511
798
496
610
822
398
562
864
314
510
625
430
562
844
348
609
810
444
554
802
324
599
790
417
564
787
391
557
805
441
608
718
387
553
823
400
580
769
425
491
856
443
546
813
391
603
834
446
575
814
292
559
776
409
520
776
309
565
748
394
474
772
297
611
787
393
575
759
342
511
885
433
533
866
397
527
858
456
611
867
374
634
838
443
615
848
422
641
850
446
567
820
334
571
789
455
570
844
410
605
810
445
560
809
411
630
807
448
576
836
359
560
816
467
561
836
354
625
919
487
642
831
383
627
816
388
564
831
362
625
875
443
524
850
369
636
839
446
669
950
354
622
845
457
584
834
310
628
813
386
599
855
367
634
848
486
575
866
389
723
846
429
552
817
427
636
833
408
566
842
356
820
824
449
588
839
365
627
812
414
579
754
379
623
818
373
556
829
320
639
789
444
594
834
381
677
891
518
638
930
440
686
914
539
560
901
498
714
924
534
629
899
267
621
902
565
596
952
439
673
922
541
667
931
467
700
877
561
630
896
335
655
1001
496
721
902
502
694
927
423
549
787
367
621
831
435
572
808
314
625
767
421
578
818
360
603
825
468
679
739
343
490
789
444
665
819
344
615
764
320
455
806
353
585
783
404
514
797
378
582
764
393
722
815
301
584
758
429
623
767
257
587
778
398
769
829
340
627
814
454
496
844
305
672
834
443
574
746
277
544
714
409
571
756
277
548
890
457
540
820
307
525
778
415
627
797
281
573
793
344
539
720
356
654
813
399
570
846
350
424
869
399
525
761
361
627
758
374
521
676
306
532
816
428
603
724
359
589
808
472
582
791
407
601
781
390
609
867
276
608
750
387
574
770
341
582
722
404
447
774
332
543
816
439
507
979
391
667
826
464
584
864
275
631
796
436
649
787
242
494
851
340
562
816
226
530
780
391
437
785
272
484
681
295
479
731
244
609
828
334
441
677
274
602
844
329
566
649
240
500
688
317
625
728
252
501
831
326
417
685
228
417
697
312
449
710
361
495
682
314
445
712
240
493
723
248
500
697
246
508
707
311
435
693
275
524
676
309
449
692
254
503
704
321
416
694
265
495
604
312
463
711
232
502
687
265
410
698
228
508
792
324
488
699
246
509
685
302
440
764
266
516
695
319
446
712
248
506
689
316
458
708
335
494
678
289
418
685
338
513
690
412
461
694
263
515
699
315
452
720
342
535
758
304
459
702
273
501
695
322
457
699
308
465
690
399
450
710
361
497
645
314
475
688
281
506
692
230
459
685
267
446
676
296
503
707
285
531
718
388
442
674
330
557
726
406
525
791
400
486
736
370
533
799
325
524
797
353
537
826
338
531
778
328
538
812
355
605
788
404
532
741
349
631
809
320
486
810
286
612
813
418
532
705
284
623
796
403
534
713
319
538
797
397
410
684
314
579
788
426
457
814
405
597
781
400
606
776
361
670
818
324
467
704
287
512
706
320
441
705
282
522
809
413
549
719
332
546
772
386
503
758
320
636
811
413
609
818
361
738
815
403
691
759
355
614
786
396
499
816
320
588
783
368
506
783
362
561
789
398
612
845
406
591
818
423
539
819
347
542
811
459
425
880
380
602
811
408
496
739
370
634
798
395
501
793
383
596
733
434
685
831
398
606
757
411
655
847
352
601
793
419
486
832
364
602
819
417
474
819
385
599
838
477
571
675
354
728
793
420
511
851
336
596
814
391
500
877
376
605
834
388
653
851
377
593
753
439
513
815
366
638
844
389
504
878
346
599
802
420
501
755
350
585
752
396
490
810
265
518
703
312
472
738
288
511
722
315
533
778
406
504
719
311
543
723
309
513
729
296
456
730
327
587
691
299
453
720
321
516
717
309
449
770
369
721
793
418
657
826
361
613
825
554
559
837
370
603
833
489
542
820
377
574
804
401
469
853
382
609
823
420
502
760
412
606
801
410
519
827
291
592
851
387
572
845
287
628
887
375
682
752
350
586
711
308
466
853
395
627
800
406
541
848
399
660
849
325
474
791
282
530
864
312
543
856
284
586
772
349
525
824
434
716
895
564
655
786
477
629
805
445
670
882
413
684
858
494
605
1025
440
606
971
427
528
820
412
561
767
439
600
693
340
662
832
435
592
868
310
556
718
313
510
886
512
556
741
488
581
881
363
450
641
366
432
659
260
505
692
311
455
657
387
677
876
381
523
769
414
691
896
364
596
877
506
772
949
396
563
882
465
691
939
325
509
713
270
547
889
506
569
780
411
592
887
465
591
845
320
638
857
465
539
888
337
658
817
479
531
777
390
649
734
393
578
887
452
671
909
373
538
802
376
537
835
373
456
749
439
665
886
389
490
774
422
665
861
472
550
867
351
663
899
344
487
865
436
684
799
466
560
870
412
668
904
371
448
733
348
511
709
322
559
832
433
549
917
380
529
830
326
575
610
371
532
771
415
672
767
487
590
879
390
601
932
463
583
880
440
677
881
424
446
875
448
677
807
450
575
865
381
688
809
470
619
869
489
709
820
440
573
872
419
693
816
475
589
858
467
636
822
471
537
886
477
678
774
462
535
786
242
520
740
358
528
754
375
460
705
312
422
708
365
529
698
283
531
679
300
512
646
312
461
705
364
469
705
318
474
742
351
500
680
317
419
676
350
571
740
372
528
771
384
482
668
321
460
731
376
482
712
318
490
740
276
525
682
300
480
630
335
579
636
248
459
802
286
538
771
352
547
724
325
532
665
315
435
754
265
513
765
374
556
796
427
602
764
411
549
742
398
619
781
431
556
782
421
599
830
465
516
771
434
602
857
379
529
806
440
523
734
381
529
777
406
582
736
388
561
832
341
704
790
486
550
770
322
676
761
328
567
484
449
710
757
492
597
889
372
682
368
363
454
339
379
553
763
384
572
722
530
670
751
377
527
891
506
693
800
398
503
390
327
680
334
497
502
894
405
587
328
337
491
319
451
703
392
390
600
461
445
635
362
436
676
835
396
632
774
437
588
392
464
569
368
438
579
822
384
545
774
433
754
422
386
651
814
433
602
833
466
620
463
429
542
422
454
619
449
436
617
832
471
676
441
433
550
440
468
657
443
449
612
477
477
695
492
454
540
411
467
634
820
442
534
808
463
594
397
372
533
328
422
614
386
432
601
875
471
663
425
381
630
463
409
777
492
485
687
465
507
713
510
447
680
433
436
575
776
426
535
420
504
640
823
422
598
392
445
636
446
434
699
494
424
668
525
497
587
463
491
648
337
509
527
401
381
471
391
443
566
447
405
618
337
433
499
395
482
657
501
431
540
379
519
774
390
347
521
322
415
535
339
337
542
330
259
688
513
508
530
461
435
560
404
380
542
491
556
597
245
489
547
384
429
708
506
479
473
327
377
563
471
348
482
422
466
633
470
426
559
423
430
635
452
443
566
435
420
643
430
420
593
494
538
763
399
475
625
495
570
671
428
365
609
504
590
640
428
465
550
427
556
748
487
494
587
452
552
664
448
435
543
411
462
520
419
436
539
316
447
626
440
453
653
448
428
648
412
419
574
419
445
643
423
430
559
345
543
665
431
476
626
488
502
608
466
455
579
413
447
570
468
481
563
376
342
637
370
361
520
431
439
690
429
419
580
454
450
641
419
453
560
362
540
711
555
610
684
498
542
697
571
533
599
474
478
670
422
372
532
327
285
554
303
374
509
354
385
532
340
330
525
407
476
655
446
452
562
354
444
644
307
501
552
365
481
649
427
449
544
422
440
597
415
425
620
411
569
615
369
429
600
420
452
629
440
449
552
413
433
641
441
450
584
1041
3451
725
739
496
695
427
278
547
449
457
606
442
456
582
360
463
565
456
382
638
297
464
595
428
477
576
432
368
579
355
356
544
305
363
470
352
383
648
360
351
551
303
366
642
362
371
658
343
500
550
300
354
672
423
426
573
289
420
676
385
365
556
379
323
564
328
536
586
323
407
616
378
379
554
276
331
574
343
373
540
345
464
528
311
289
529
312
345
548
265
460
560
333
399
543
314
409
557
451
555
680
341
328
599
328
333
609
373
394
575
434
467
586
355
362
554
392
369
638
354
440
543
333
448
566
414
453
645
328
467
610
441
326
564
345
349
643
317
364
672
388
501
618
471
443
670
482
559
591
463
375
697
492
384
617
402
496
516
495
517
641
466
501
689
307
308
651
432
481
635
359
461
677
427
522
713
437
438
693
423
426
697
534
510
752
482
398
714
467
479
642
475
514
820
428
503
612
488
522
715
506
615
718
452
384
777
513
677
687
525
577
818
531
571
701
465
501
830
599
573
817
557
358
774
334
544
629
446
509
688
501
513
642
450
526
702
420
393
642
443
472
655
425
359
645
346
346
657
367
364
592
333
354
570
329
354
598
459
413
657
443
383
617
348
352
563
422
338
474
240
277
528
225
238
443
249
348
558
396
375
537
345
254
443
292
229
440
238
235
430
208
234
452
204
233
437
209
239
444
258
358
571
336
334
471
228
241
437
250
252
454
255
381
564
315
343
515
251
252
520
236
269
662
442
480
483
188
281
474
333
249
487
449
398
489
308
264
471
217
341
488
291
263
526
375
428
625
327
387
567
358
418
578
284
255
588
331
363
625
315
391
589
330
366
608
328
378
589
359
431
561
412
341
659
399
444
635
383
371
562
306
310
603
301
370
571
305
367
621
295
373
553
302
365
610
298
347
574
299
340
666
288
351
553
306
377
596
297
344
567
319
365
590
318
379
557
309
317
637
313
361
582
304
362
550
309
382
668
342
482
654
332
511
650
317
469
550
274
330
500
362
450
572
285
326
585
277
308
627
320
507
680
314
350
618
293
461
659
297
477
639
403
502
665
393
403
612
295
363
560
286
381
603
322
312
602
427
487
677
395
304
564
287
358
600
295
390
663
409
375
525
305
488
659
411
381
565
413
537
628
286
393
560
229
378
561
195
333
539
281
365
666
343
484
636
385
473
664
240
452
657
384
538
649
397
405
713
389
402
665
281
458
655
379
522
722
289
386
549
262
320
527
308
438
662
397
539
648
392
448
678
382
479
652
383
476
662
391
364
644
392
502
663
383
492
644
308
472
666
389
475
526
282
369
571
272
372
668
396
441
679
407
513
515
404
465
672
351
487
662
298
472
587
305
368
561
288
359
593
297
415
668
399
440
633
379
471
589
302
377
582
243
285
575
305
372
580
293
311
511
303
361
605
341
475
669
280
456
628
405
488
568
334
442
611
370
513
666
405
455
642
379
446
692
402
442
577
300
353
634
391
468
620
399
390
662
392
448
623
308
389
570
218
383
625
391
452
663
361
468
624
376
292
486
207
356
577
294
358
582
285
388
620
378
389
569
228
397
603
432
465
638
409
371
786
525
426
590
269
476
601
334
365
553
295
388
654
392
363
663
397
473
647
358
499
671
329
564
548
302
380
578
238
448
531
309
320
569
296
317
598
311
542
681
362
489
636
341
507
672
331
479
656
385
419
580
298
480
672
390
508
680
410
477
629
404
397
689
417
466
749
395
387
686
402
456
672
383
555
657
322
471
613
318
389
607
296
313
604
280
395
607
304
374
564
290
366
556
306
383
621
250
292
588
322
314
589
283
379
594
304
363
599
231
365
567
235
362
585
253
342
570
290
326
652
293
322
601
287
351
578
232
370
601
287
366
560
288
282
556
308
362
567
275
354
561
281
355
547
286
347
559
275
351
572
291
360
554
284
355
453
272
370
576
295
339
569
303
368
601
281
390
573
299
309
576
289
369
582
290
369
564
281
345
579
376
494
685
276
450
661
408
482
679
420
491
680
407
417
683
325
366
583
313
510
704
431
490
604
400
417
688
421
482
641
406
438
730
417
501
652
408
508
706
433
486
671
406
497
705
415
471
656
410
504
700
353
487
656
368
511
697
421
530
673
353
432
647
431
498
701
395
504
696
420
497
725
393
501
690
422
466
672
432
499
620
357
386
503
288
388
582
303
347
580
241
316
498
279
360
580
236
283
587
281
481
485
436
473
699
434
441
673
368
376
574
291
430
574
241
346
568
302
403
615
398
396
664
432
483
668
250
501
533
400
457
676
532
401
671
400
443
675
383
488
680
392
464
681
336
406
580
394
498
673
382
423
672
397
459
532
390
496
594
262
357
669
314
472
685
399
429
684
400
400
631
292
483
684
391
459
685
393
476
681
465
471
679
401
419
698
390
399
577
350
461
558
380
390
600
295
383
678
359
477
677
370
467
694
338
375
742
295
315
512
288
387
610
239
380
598
413
390
592
270
442
600
311
369
695
420
483
644
396
496
675
529
495
701
355
512
688
414
406
685
408
486
602
226
400
501
292
324
538
317
344
512
226
334
616
242
394
647
334
378
573
289
495
636
287
369
549
317
344
613
212
364
596
237
389
601
295
318
577
285
378
598
294
386
588
295
383
596
309
384
581
311
369
597
324
373
581
287
368
479
289
378
581
317
322
575
272
302
600
300
344
576
285
368
562
308
366
615
266
338
570
275
387
582
290
383
574
282
378
601
231
420
598
302
396
591
322
398
603
275
422
544
345
411
544
293
419
570
329
360
550
294
493
603
264
335
526
267
408
616
273
390
562
299
368
627
267
423
558
301
393
583
672
597
826
506
540
708
344
462
637
346
467
651
345
340
604
237
430
615
310
357
600
280
444
606
293
384
532
276
390
587
280
387
573
294
444
655
206
339
649
266
416
529
325
377
592
257
392
600
280
389
575
249
492
714
279
424
665
430
429
624
298
465
720
334
360
601
313
399
583
272
397
538
270
369
526
306
461
691
426
470
686
289
415
651
285
374
605
327
543
717
437
515
752
262
422
661
346
405
621
361
408
594
303
470
880
359
478
794
330
419
624
362
501
642
320
417
589
329
585
749
370
501
684
401
422
624
308
444
716
229
422
664
295
410
606
325
420
606
308
380
754
265
410
557
332
355
587
303
430
647
363
343
704
304
411
728
406
492
604
380
478
737
348
472
708
193
474
713
457
473
689
377
556
721
437
523
705
392
399
577
270
379
581
313
547
688
295
499
696
389
471
711
479
501
719
394
557
727
431
438
826
347
516
720
453
495
636
344
435
607
302
502
713
399
534
627
426
431
580
313
533
719
450
446
713
398
555
693
474
523
684
404
558
715
468
499
660
207
345
624
245
395
587
262
370
626
330
395
618
245
356
701
331
478
682
371
563
695
366
492
605
364
479
598
418
483
622
398
484
586
347
394
579
263
560
659
453
481
684
422
447
721
451
512
721
215
415
600
268
394
615
291
455
733
389
419
583
413
569
705
420
510
631
280
441
633
457
534
682
281
540
712
459
430
649
281
453
715
412
485
641
341
446
645
457
370
608
312
487
612
351
385
599
344
574
749
457
504
668
333
414
624
297
406
583
268
372
630
462
475
728
407
558
738
429
530
595
293
447
533
251
384
504
223
335
608
289
320
630
243
420
563
355
378
564
265
1803
809
335
545
658
312
421
608
303
340
561
265
363
635
308
409
618
307
467
610
357
356
631
221
438
564
362
384
611
279
439
602
332
397
605
282
395
589
416
408
634
321
476
574
222
378
580
269
469
594
347
338
587
272
395
540
231
389
589
303
473
753
266
341
632
327
341
629
372
397
548
315
518
734
485
530
747
373
450
676
452
516
715
413
440
551
458
560
772
405
588
728
310
493
635
407
624
752
497
452
646
317
385
552
213
376
522
306
520
578
222
423
595
305
424
638
267
401
620
227
497
559
223
350
629
307
396
615
257
321
546
272
440
612
408
468
731
415
518
621
422
562
733
409
547
698
423
504
730
390
513
726
414
528
720
407
399
523
283
428
559
305
488
627
365
390
561
278
430
551
351
332
608
270
486
623
347
396
601
267
399
593
368
414
629
339
427
618
355
422
637
331
464
621
359
418
641
330
454
624
237
395
610
262
490
616
433
454
701
331
407
777
437
439
560
255
578
714
379
415
608
262
388
563
226
318
691
314
442
543
262
413
628
265
438
514
274
437
684
302
486
614
344
384
592
261
443
620
220
384
540
267
386
553
217
373
551
295
410
589
266
386
591
184
386
503
297
392
582
289
383
650
212
321
647
301
340
621
303
328
586
264
386
524
295
362
614
283
426
586
286
433
590
254
385
542
243
448
649
322
444
538
332
379
667
286
378
711
370
439
540
273
479
620
356
399
654
299
424
581
302
395
585
215
337
629
294
559
733
453
489
741
257
326
589
294
456
547
356
479
606
302
434
518
191
394
562
293
366
596
277
398
593
298
343
617
283
412
598
262
408
631
296
416
599
276
385
626
270
388
712
434
457
647
358
443
661
283
486
791
322
525
748
409
474
740
406
470
767
406
479
769
400
524
748
401
528
745
407
528
719
404
454
746
398
523
753
407
527
762
386
524
726
370
513
737
396
531
726
390
528
717
399
479
654
285
453
740
404
527
704
397
477
717
470
586
749
483
544
814
485
603
731
476
608
685
459
577
712
458
556
778
444
540
731
455
614
801
477
589
686
476
604
783
488
531
739
438
606
827
458
612
736
329
545
652
367
558
863
476
648
714
460
585
657
382
514
762
494
596
815
438
643
761
494
536
802
471
647
810
512
549
809
375
594
633
243
352
615
308
374
659
323
430
645
298
365
677
313
380
562
331
482
563
300
434
623
294
376
622
272
366
660
296
374
767
325
438
599
276
345
670
381
470
607
286
458
593
238
399
610
277
475
605
342
493
561
266
340
600
276
387
620
279
402
616
265
367
549
331
542
750
414
542
707
257
566
701
340
537
745
316
398
601
277
463
583
296
549
648
383
517
608
287
519
772
487
422
819
405
625
773
493
584
791
402
628
747
465
528
788
234
533
740
406
479
643
363
521
722
484
432
596
302
474
609
396
552
863
400
460
638
309
441
765
472
469
668
364
574
838
425
565
753
334
454
653
324
447
666
396
619
841
443
559
765
369
554
856
417
547
758
373
550
813
462
577
803
390
479
840
472
559
747
355
600
810
395
516
794
385
620
870
395
631
759
305
647
772
392
553
855
348
545
862
480
574
789
486
549
839
471
673
805
508
479
795
437
545
769
484
581
861
442
369
787
344
586
850
230
621
810
437
536
873
418
478
771
468
537
756
384
588
754
438
548
750
406
588
682
403
472
703
287
444
649
296
450
651
298
449
654
306
452
692
288
459
654
327
439
638
297
419
642
327
437
660
304
470
663
291
454
671
308
435
644
279
345
555
187
456
587
296
431
645
308
460
646
296
440
666
309
422
639
308
457
580
233
432
550
293
437
677
304
550
646
487
547
737
416
585
765
459
436
736
423
631
760
462
559
786
421
634
774
494
547
762
311
630
761
455
578
760
439
627
750
469
520
789
408
640
759
423
571
748
410
604
704
468
490
698
432
607
767
427
581
720
299
522
645
300
438
575
301
362
695
318
476
583
290
463
620
402
580
711
408
511
663
280
468
664
201
519
659
268
492
690
392
570
754
452
562
710
417
566
751
352
566
768
401
562
587
389
501
633
318
473
725
393
516
614
362
526
704
309
538
652
380
509
734
381
531
696
378
516
714
372
449
573
270
467
648
410
518
795
390
553
803
446
539
600
267
374
615
269
371
628
260
490
602
221
372
583
277
456
730
367
485
717
316
467
720
443
562
880
343
462
700
445
507
747
420
561
792
457
502
676
416
578
602
395
527
855
358
510
654
238
538
669
379
520
743
455
466
670
386
518
721
345
516
668
374
526
723
359
505
675
345
494
729
298
538
672
379
525
610
458
520
668
371
517
672
428
518
708
376
522
737
387
532
637
374
516
648
316
527
656
363
536
656
356
425
576
263
378
583
353
463
664
299
498
651
439
581
729
314
461
650
218
499
742
421
567
664
239
402
658
282
497
666
363
461
664
305
394
720
360
537
654
325
434
644
289
447
665
343
578
573
362
439
653
280
444
633
401
427
682
312
542
656
284
390
579
238
388
622
333
577
750
374
411
779
367
552
677
439
546
719
413
531
732
392
512
665
370
534
712
383
534
730
421
537
744
374
485
741
390
558
754
394
590
731
373
543
724
416
533
731
375
564
739
414
507
746
345
583
758
418
570
702
398
575
770
399
531
661
293
470
648
296
464
654
296
464
596
291
472
626
251
455
662
289
465
650
295
417
647
277
463
650
275
454
651
289
461
582
300
451
661
283
474
635
293
463
587
286
468
660
286
425
637
297
452
689
280
444
654
280
442
645
232
447
632
274
462
641
243
451
665
395
668
883
535
620
694
360
573
776
415
578
679
453
619
775
408
582
683
388
560
792
400
554
680
364
500
758
399
557
664
409
512
754
403
544
667
453
530
742
442
557
686
468
563
764
400
582
671
429
609
754
495
566
620
419
581
771
403
555
678
349
590
783
409
584
764
435
525
762
435
599
780
431
572
670
435
523
814
353
582
776
405
561
768
423
575
785
391
581
711
430
555
786
411
582
696
272
560
771
408
552
747
385
562
761
379
553
748
401
573
779
380
607
779
358
548
773
398
549
737
467
590
801
360
506
605
405
571
920
430
553
764
281
586
788
416
569
678
371
613
776
495
588
934
493
656
783
374
496
783
399
483
770
294
584
763
385
596
791
363
579
702
345
573
791
370
578
825
233
583
783
483
575
763
343
590
778
383
581
740
363
576
773
407
1993
854
410
577
788
421
534
781
369
602
793
366
538
744
392
709
789
336
576
770
264
547
762
402
568
768
354
553
744
349
582
767
367
520
770
327
577
769
339
579
790
338
550
768
392
557
794
435
561
684
377
684
798
427
600
774
221
622
810
403
622
807
406
601
769
398
613
804
346
639
868
333
651
806
378
550
729
387
571
771
377
635
745
488
593
758
357
532
791
422
574
765
296
601
817
428
588
847
414
590
812
415
573
746
435
665
747
335
574
765
457
519
907
315
592
819
416
543
757
328
558
861
383
562
883
378
555
784
305
561
807
387
557
783
440
517
815
381
557
830
398
565
754
396
562
802
421
610
768
337
556
788
397
573
983
409
651
788
458
638
791
384
591
772
400
513
774
389
617
695
471
524
811
343
607
770
427
565
733
363
594
780
472
516
728
349
522
789
454
525
798
351
568
776
394
577
770
335
578
726
338
529
782
367
600
788
427
585
786
398
592
797
402
644
783
407
593
784
458
574
768
374
493
784
459
643
791
391
577
775
351
553
769
400
595
755
424
597
788
397
596
726
456
565
717
351
591
778
499
572
780
397
603
779
493
610
781
391
535
702
452
640
780
359
580
796
426
637
922
396
608
791
448
487
653
400
579
771
510
636
718
458
589
692
411
636
779
239
575
774
410
659
815
406
520
768
420
578
768
399
598
770
399
741
787
359
582
766
380
553
633
462
638
780
498
650
750
443
599
778
495
642
714
338
583
928
447
592
866
451
470
769
442
616
804
368
587
767
414
712
873
366
542
765
445
522
782
309
561
775
445
553
720
471
566
765
461
572
779
473
587
779
403
507
878
372
466
774
415
617
733
444
537
742
459
680
962
359
575
737
391
537
786
363
436
745
433
552
756
376
574
777
401
632
793
361
608
798
341
582
775
493
472
747
459
570
796
473
523
918
401
592
716
519
620
791
515
494
759
361
570
736
388
596
824
486
595
798
474
570
787
373
547
720
336
522
767
406
503
774
439
617
702
383
609
807
418
590
788
546
580
789
392
511
762
513
637
798
520
568
831
447
612
780
453
542
832
326
617
780
469
531
750
496
477
778
497
599
833
371
708
728
211
467
697
377
543
776
370
424
647
330
461
775
405
553
741
331
556
779
346
541
718
263
627
801
460
526
796
402
553
758
346
511
792
314
580
746
413
567
784
353
557
740
383
529
774
386
612
735
404
529
719
393
591
780
413
508
772
398
629
760
395
557
786
435
602
753
394
514
808
430
619
730
338
479
796
392
616
749
412
545
804
389
585
682
383
506
709
371
603
750
411
502
807
351
585
736
400
473
829
401
612
810
407
586
802
377
511
832
405
519
806
375
587
749
397
556
803
368
601
738
438
510
734
411
515
752
418
629
820
390
607
721
424
512
724
338
662
734
426
502
808
332
586
738
347
571
787
407
634
695
392
470
810
404
556
757
431
582
611
451
554
746
394
584
757
359
617
796
446
639
828
439
602
791
425
672
733
268
588
809
401
687
746
389
602
818
416
586
788
378
600
795
419
546
754
367
616
819
404
521
754
421
640
802
453
671
829
553
527
742
290
548
751
472
607
794
400
597
790
376
621
785
439
521
836
391
600
777
399
593
683
388
714
811
433
519
745
338
619
753
459
562
767
345
527
785
425
549
810
401
625
795
445
513
848
347
635
817
363
598
761
348
531
767
408
680
824
405
601
817
421
613
833
427
627
929
498
665
761
405
608
754
434
629
814
402
614
921
310
538
828
359
591
758
412
562
792
349
584
854
427
566
817
359
630
809
402
651
813
398
619
789
412
609
807
396
598
750
409
601
811
409
673
825
414
609
817
419
587
931
587
576
811
506
622
762
325
449
620
279
489
702
306
533
820
309
497
648
334
449
690
323
491
693
280
532
647
263
503
663
232
382
702
295
494
710
299
518
648
235
479
652
310
431
687
227
475
636
280
439
673
256
476
657
307
432
693
314
472
727
279
398
685
244
439
643
237
440
709
274
506
796
307
478
669
237
468
658
268
436
687
248
473
640
300
524
662
232
475
664
263
409
630
308
505
763
310
529
841
336
522
751
236
397
695
217
487
652
281
402
698
223
472
652
284
439
665
219
467
671
284
405
670
279
476
633
286
442
679
230
474
690
282
430
679
256
512
640
278
391
758
250
500
716
330
485
711
325
468
675
284
467
663
272
514
736
316
521
768
303
472
711
302
478
706
298
510
652
216
412
686
294
612
805
385
476
701
237
525
728
235
470
679
298
516
687
274
440
668
300
440
696
288
440
752
348
478
662
311
495
627
292
529
655
289
397
658
316
514
628
286
436
689
317
480
603
285
430
677
229
479
665
280
437
692
290
485
678
282
497
674
231
480
693
280
400
693
238
475
682
272
469
647
307
512
693
307
456
701
237
483
709
280
433
691
286
481
712
299
444
686
231
477
716
284
503
696
330
480
686
366
518
680
235
491
638
283
507
693
333
568
764
293
398
683
312
553
905
459
625
724
318
557
711
396
625
648
321
513
659
295
472
652
308
504
652
281
466
678
234
523
680
278
470
678
226
476
683
281
442
699
261
509
649
228
445
683
281
482
702
277
460
727
278
497
705
244
419
738
228
521
729
282
458
667
301
510
717
204
457
681
337
552
693
242
445
747
202
484
700
288
546
268
234
483
311
292
441
318
239
480
691
237
445
711
295
499
223
280
435
282
276
461
369
215
400
254
247
504
344
335
446
330
284
431
295
329
491
260
345
637
389
349
620
423
313
526
334
369
567
447
337
498
327
328
417
273
244
479
294
259
414
359
240
488
228
290
445
271
240
497
393
256
457
267
242
494
369
286
442
279
352
503
243
293
449
319
249
492
220
281
476
201
340
459
392
302
517
304
383
563
333
384
571
375
350
610
322
419
472
280
348
451
247
311
567
381
356
509
377
265
467
313
335
510
324
444
637
555
396
591
433
327
487
307
358
528
332
284
494
272
364
522
310
246
450
290
292
500
251
248
518
316
315
511
339
314
551
318
392
514
295
287
516
349
336
514
297
301
524
320
344
521
315
300
541
329
335
532
371
315
512
303
390
449
265
325
493
322
331
539
237
330
493
311
274
524
305
319
489
318
247
527
249
321
483
367
270
501
308
322
474
298
261
496
228
301
449
304
279
497
212
282
453
179
282
494
244
286
448
315
358
624
330
416
613
307
242
496
307
316
532
337
339
585
292
335
457
282
226
509
194
315
455
202
267
497
305
307
463
297
322
514
248
326
451
311
271
506
251
335
458
285
248
494
324
402
522
328
259
543
238
339
487
315
231
498
290
334
463
192
262
593
337
452
597
359
384
643
353
440
579
401
398
613
358
413
569
402
379
524
212
220
457
275
240
515
228
299
461
268
286
622
310
343
574
383
412
639
289
407
594
261
361
475
372
427
509
286
298
517
257
378
472
295
246
496
209
305
460
271
223
508
252
331
466
343
275
508
216
309
470
187
230
512
259
455
498
273
239
504
214
298
461
297
264
540
294
330
493
310
250
455
267
335
548
411
402
639
339
325
564
413
386
529
321
342
526
289
248
505
201
299
466
239
350
554
301
248
504
250
348
528
226
300
461
283
229
498
209
303
464
267
255
501
188
299
619
336
332
552
334
340
799
212
254
511
269
288
482
285
245
512
248
336
545
307
249
532
330
339
497
306
346
535
311
334
529
319
343
492
362
327
528
295
330
543
303
338
537
343
278
535
307
334
513
297
328
489
299
334
522
311
332
528
234
331
478
296
359
516
258
303
444
289
308
535
226
326
514
256
294
540
254
339
479
222
301
542
225
320
433
286
260
522
255
322
470
254
251
582
405
329
540
310
268
540
274
354
636
274
382
555
289
319
591
374
284
516
278
347
546
327
306
555
370
329
606
314
357
543
233
330
505
330
313
556
222
326
532
343
245
520
339
254
547
318
333
517
207
327
