68601
870
837
1006
693
828
1013
760
883
1099
3190
936
1199
795
878
1349
923
1144
1139
779
875
1183
861
992
1202
737
800
1239
731
920
1105
775
1001
1105
805
932
1284
858
1096
1190
773
848
1120
753
869
1111
774
964
1011
1210
1194
1471
672
894
1132
699
880
1208
690
914
1134
3005
893
1196
814
991
1223
636
951
1234
775
1269
1414
1143
1180
1119
707
895
1203
648
970
1167
773
893
1098
821
865
1087
730
919
1143
645
1023
1207
809
1592
1087
804
921
1077
788
1007
1318
739
870
1080
765
845
1135
961
1179
1197
719
895
1104
972
1144
1087
735
930
1236
835
869
1107
772
895
1102
694
1022
1133
717
935
1220
727
1103
1161
732
902
1141
793
972
1125
677
947
1393
806
977
1166
734
1165
1334
1398
1059
1197
797
991
1199
912
894
1204
784
1000
1207
904
968
1369
1119
902
1240
732
910
1198
851
1219
1254
746
923
1162
924
956
1194
1164
966
1239
723
1049
1143
748
929
1131
774
986
1149
691
928
1286
694
1049
1329
868
977
1495
1078
1126
1310
760
968
1057
689
1029
681
710
947
1127
810
970
1195
747
928
1205
806
991
680
777
1015
822
747
1023
747
905
1306
1064
950
936
752
716
976
1294
768
984
807
729
953
797
828
1004
814
702
1098
701
762
989
702
793
968
715
781
1012
757
821
1009
725
781
954
905
795
1053
755
882
1062
745
835
983
744
836
1152
950
1004
1124
807
780
1044
688
898
1070
792
974
969
680
781
1135
811
1063
991
715
856
1132
779
879
1082
751
812
1099
729
18126
956
747
751
943
870
817
967
704
792
967
782
881
936
727
866
1221
815
845
1059
694
823
1072
796
864
979
764
1048
1014
774
1162
1121
697
1037
1201
834
792
999
787
851
1016
777
814
992
798
968
1189
861
1027
1098
780
936
1062
732
940
1067
856
842
1255
866
1015
1172
816
2254
940
769
776
1014
771
827
1061
747
943
1088
771
713
1073
829
989
1072
884
918
1023
848
871
1163
778
854
1040
829
834
1030
898
956
1153
641
806
1159
890
953
1047
783
813
1027
765
912
1043
780
932
1170
774
853
995
902
957
1048
714
913
1164
861
972
1321
919
1019
977
710
843
1047
715
828
1068
748
866
986
787
884
1184
745
962
1205
953
918
1043
634
784
1055
797
847
1069
776
811
1071
750
831
1066
680
1017
1032
755
836
1062
732
877
1232
740
896
1188
760
816
1058
830
918
1041
806
804
1116
868
800
1050
830
819
1046
699
829
1024
780
1082
1078
761
852
1166
804
1154
1104
876
1070
1036
738
848
1099
783
873
1123
735
847
1078
708
978
1068
729
922
1189
840
997
1220
941
904
1084
751
945
1010
720
881
988
647
910
1063
711
849
1048
710
925
1096
815
897
1081
696
949
1192
764
1013
1081
685
914
1192
742
866
1232
800
911
1101
736
846
1006
829
872
1180
725
999
1127
717
908
1082
834
933
1044
746
1060
1292
823
1108
1215
760
961
1131
986
984
1181
681
890
1133
734
911
1107
774
971
1121
850
934
1101
699
1033
1264
700
978
1102
736
923
1130
699
879
1104
720
922
1174
687
913
1144
655
882
1110
747
962
1128
858
929
1258
740
923
1039
686
878
1185
689
880
1151
816
932
1231
871
921
1113
745
1071
1084
688
1127
1186
711
923
1282
743
873
1240
746
1124
1112
717
1009
1176
889
963
1197
771
1016
1168
743
894
1240
679
978
1397
859
1039
1146
776
1138
1145
760
1050
698
911
1022
719
856
942
707
779
922
1177
749
1001
1142
706
871
688
713
1002
693
937
917
707
880
1058
739
791
909
769
754
898
759
738
998
714
855
970
805
830
1098
827
803
1046
765
734
943
684
688
1274
995
961
1043
758
853
1061
740
799
1011
1074
985
1067
767
793
995
747
764
1027
724
857
1082
837
843
930
804
936
1071
751
919
933
747
877
1031
737
806
1115
851
767
1045
720
932
942
700
814
1041
650
781
1010
793
842
1028
714
718
1002
744
775
1043
798
892
943
724
1024
1076
705
856
978
727
902
1126
765
835
1027
690
774
979
711
812
1147
669
841
1156
880
886
1044
696
855
1015
816
1180
954
711
872
1110
707
776
1223
782
830
1019
682
905
1099
787
871
1024
810
827
1072
745
1107
1325
815
923
1078
792
811
1121
783
1135
1104
717
852
1034
983
836
968
660
835
1044
791
903
1055
687
893
1008
861
844
1028
716
893
1105
736
850
996
703
977
1009
794
890
1104
807
1000
1061
733
925
1057
712
895
1017
773
884
1369
938
901
1020
721
952
1020
712
845
1014
752
833
1073
688
899
1304
711
942
1066
672
828
1123
818
868
1061
784
855
1267
798
948
1085
708
865
1188
762
974
990
3960
962
1069
743
876
1138
841
920
1033
830
1048
1156
914
877
1079
696
827
1037
792
897
1119
721
1044
999
729
810
1016
782
811
1103
788
868
1038
747
918
1069
857
1107
1142
745
863
1180
712
908
1165
890
827
1031
743
877
1064
776
900
1054
715
873
1068
788
944
1150
828
883
1147
758
924
1289
806
962
1174
706
894
1034
1715
996
1256
740
908
1135
719
873
1055
703
880
1045
794
1078
1365
666
868
1081
730
848
1132
726
1034
1089
711
901
1282
798
856
1115
794
1043
1171
746
1068
1171
819
987
1316
754
864
1031
706
914
1271
750
914
1072
812
1143
1134
799
903
1135
763
952
1173
825
1071
1056
923
1055
1214
771
1017
1208
824
902
1040
801
932
1089
796
947
1043
716
973
1106
694
939
1114
701
879
1317
881
972
1120
742
952
1158
749
944
1275
828
943
1232
776
960
1176
698
887
1171
771
918
1273
774
1041
1113
721
1269
1108
750
948
1200
743
921
1308
878
959
1240
738
1031
1145
681
965
1236
775
951
1145
688
976
1642
1028
1050
1504
801
1174
1466
1044
1226
1569
980
1063
1397
822
1367
1525
896
1229
899
889
1184
1663
1409
1472
1835
1245
1665
1911
1343
1526
5070
3294
8019
1195
7225
4167
1450
4150
1667
1230
2482
4224
1289
1376
3737
1005
1365
5481
1122
1589
1749
1360
1581
25907
22453
19224
1531
1228
1605
1541
12640
24195
1296
1313
1408
1649
1359
1460
1412
1143
1273
1507
1239
1524
1461
3656
1321
1766
1324
1520
1737
1289
1329
1580
1379
1305
1195
933
946
1052
811
795
1288
983
748
1207
822
817
1204
857
785
1019
904
860
998
709
817
1055
751
861
1078
746
819
972
712
766
962
818
753
1076
747
776
1058
775
739
839
751
952
1536
725
933
1178
776
791
1067
713
1171
976
737
835
1263
679
769
993
711
752
1052
673
987
1048
698
882
957
760
744
1052
685
1010
1207
797
1225
1163
863
883
1265
874
883
1070
714
955
1250
768
797
1091
725
972
1301
855
882
1041
1021
1053
1323
887
921
1127
1023
1040
1097
706
928
1010
2427
892
1014
787
796
1119
722
1052
1042
669
894
1040
756
894
977
701
932
1256
811
850
1090
852
780
1089
790
934
1221
792
844
1230
832
819
1047
747
1186
1270
770
876
1119
746
861
1141
722
816
1135
818
863
1148
772
959
1223
816
972
1109
790
949
1069
739
937
1100
679
996
1252
734
951
1102
722
1017
1130
804
840
1108
782
1020
1295
836
889
1091
723
893
1251
702
830
1066
771
874
1364
781
943
1135
780
890
1193
759
900
1082
771
921
1066
753
841
1040
733
967
1101
740
904
1071
821
954
1235
729
901
1117
699
916
1137
760
909
1086
891
896
1036
753
896
1066
729
932
1120
719
880
1150
793
950
1257
681
881
1155
734
937
1080
681
984
1180
793
970
1256
896
944
1140
707
6661
1118
786
1018
1076
763
910
1096
703
896
1105
868
921
1138
731
951
1115
819
911
1147
791
1105
1246
778
974
1134
741
1068
1242
759
876
1140
815
789
1114
706
910
1195
937
962
1091
777
976
1114
726
975
1225
877
1001
1171
737
962
1184
3392
888
1388
955
891
1133
933
1162
1164
838
890
1223
850
1056
1077
865
1520
1169
908
876
1121
1013
941
1332
716
972
1187
791
986
1223
780
858
1071
719
959
1180
752
970
1105
725
1054
1345
771
1179
1197
760
893
1225
750
895
1227
896
1030
1224
929
953
1116
746
1135
1145
751
1112
2783
910
1005
1342
904
942
1183
726
1199
1336
933
1002
1146
815
1091
1278
774
958
1085
732
950
1248
761
969
3720
806
895
910
872
962
1231
999
1004
719
856
1117
1153
787
959
729
865
988
744
940
1021
732
809
1004
707
764
999
771
919
1147
739
947
881
819
797
1129
757
779
1117
792
751
895
705
670
921
881
809
953
663
868
957
831
845
975
928
1034
1165
763
876
1128
773
798
1132
704
858
1117
815
750
1134
808
880
945
819
841
1005
717
900
999
754
769
1072
758
1281
1098
862
919
1006
820
774
1131
767
988
1231
690
1120
973
708
790
983
765
839
1125
810
768
1028
893
891
1003
811
809
1006
769
898
1228
858
781
934
771
785
1167
818
833
1067
717
916
1006
852
968
1016
827
833
1079
768
782
1212
2520
955
1271
798
852
1164
751
865
1047
657
837
1055
747
788
990
856
1012
1137
800
869
1113
804
877
1009
756
880
1046
694
1049
1139
709
799
1016
836
749
1012
662
748
1000
756
751
1193
800
840
1204
757
932
1058
889
1039
1095
734
923
1101
735
807
984
704
820
1139
740
811
1057
776
829
1010
792
1055
965
912
1041
1118
758
985
1173
751
766
979
779
1087
1214
761
858
1004
821
873
1044
823
794
1001
737
885
1120
798
923
1123
756
903
1090
7024
848
1002
711
988
1314
763
863
1035
706
810
1120
767
827
1077
718
816
1180
736
864
1181
727
811
1153
774
932
1092
691
885
1108
709
985
1207
718
797
1134
898
1238
1382
1351
1395
1300
1246
1581
1625
1305
1353
1469
1092
1599
1442
1143
2314
3860
1316
1553
1592
1296
1440
1698
1266
1387
1617
1123
1390
1392
1156
1392
1520
1502
1534
1579
1190
1270
1734
1127
1659
1618
1136
1504
1486
1147
1180
1395
1226
1517
1826
8581
1309
1561
1243
1319
1546
1187
1441
1482
1039
1486
1665
1282
1497
2418
984
1104
1318
766
1008
1148
719
936
1163
755
888
1070
809
892
1286
839
1082
1388
948
910
1147
759
895
1118
695
919
1093
625
918
1127
828
995
1118
896
911
1186
758
890
1250
756
972
1148
833
1117
1110
757
1040
1303
743
2338
1085
755
944
1258
808
929
1131
752
846
1154
771
985
1161
768
1053
1172
787
1098
1157
872
1074
1318
707
892
1125
768
950
1191
738
928
1434
1046
1157
1213
877
1006
1277
929
916
1140
863
1069
1302
678
985
1143
776
940
1313
854
1007
1173
1007
910
1120
667
970
1056
727
1098
1108
964
1006
1158
873
1112
1269
741
938
1195
943
930
1103
922
1167
1153
762
933
1264
834
1054
1272
863
1116
672
786
994
915
1001
1036
732
789
1209
744
800
1234
790
753
1172
803
763
958
798
770
1017
717
862
967
881
811
1208
843
930
1002
764
950
1044
986
882
1017
717
903
908
768
1012
1239
1019
1031
1000
817
796
1114
973
1044
1086
785
886
927
850
713
1017
1009
895
981
732
825
1041
817
856
1092
896
735
1187
764
907
1130
887
746
1150
800
781
976
702
809
1001
694
799
971
725
796
1008
758
1008
1108
794
1126
1054
800
899
1184
783
818
972
5408
754
1085
729
784
1297
737
872
1124
746
826
983
783
1025
999
886
864
1048
770
1164
1045
722
945
1012
737
775
1120
808
817
1024
812
1080
1058
868
982
1192
851
835
1146
2830
803
1022
1090
815
1099
800
846
1062
914
948
1182
763
868
1149
768
1006
1179
974
767
1026
766
1005
1180
896
1006
1144
848
814
1026
869
3970
1024
744
986
1180
688
975
1024
748
853
999
755
885
1127
849
923
1114
730
898
1077
1931
1073
1222
699
804
1137
1059
916
1030
779
805
1034
691
882
1112
793
838
1056
773
870
977
721
823
1113
880
1003
1046
809
871
1059
736
831
1163
657
841
1130
831
958
1083
761
849
1046
928
1156
1057
858
994
1125
832
833
1078
812
924
1259
725
1013
1143
834
914
3800
801
896
1146
757
984
1045
853
925
1102
803
1053
1132
778
802
1037
808
1018
2358
767
873
1227
782
1063
1069
757
859
1126
776
848
1088
738
880
1040
724
956
1074
745
1019
1273
852
1158
1263
884
1091
1307
703
960
1187
882
900
1156
707
935
1289
822
919
1170
811
989
1138
846
895
1122
713
932
1171
861
1027
1093
700
891
1182
776
818
1028
789
1057
1124
761
969
1279
811
858
1187
731
948
1121
975
915
1070
692
880
1124
733
1096
1085
721
1093
1108
1159
928
1076
743
965
1149
817
1005
1132
827
972
1251
775
918
1106
758
928
1231
779
1094
1159
815
876
1437
583
809
1068
682
887
1129
824
1003
1120
775
930
3978
820
878
1122
757
853
1079
909
1002
1137
729
1038
1178
807
915
1104
706
999
1470
907
4092
1219
752
960
1166
766
984
1285
883
954
1205
1077
1126
1540
1357
1360
1551
1107
1642
1684
1235
1508
1899
1505
1626
1605
1680
1620
1708
1321
1395
1584
1156
1264
1887
1365
1282
1827
1171
1486
1533
1171
1639
1966
1400
1487
1633
1368
1508
1634
1331
5632
15537
21194
1368
4690
1357
1445
1599
1461
1471
1670
1900
1620
1678
1171
1811
1171
1261
1517
1709
1318
1514
1422
1384
2241
1292
1262
1413
1116
1045
1244
871
874
1092
811
798
1118
797
751
1314
783
711
1028
753
930
1064
881
779
1005
794
968
1076
799
1023
925
716
730
1204
841
772
1026
736
901
1053
791
750
1063
713
764
1003
772
846
1146
885
828
1079
785
796
1371
864
1016
1066
750
830
1013
741
885
1247
753
851
948
690
798
993
799
808
1149
1035
1036
1140
674
822
981
836
917
1063
866
796
1005
783
735
1031
755
898
1085
850
1022
1078
801
937
1129
896
854
1046
853
987
1062
743
770
1009
756
779
1819
812
844
1054
685
863
1204
720
925
989
663
949
1088
780
761
948
754
795
1540
906
801
1177
902
807
997
816
1287
1217
851
994
1106
743
828
1338
758
850
1072
776
849
1319
869
815
1103
750
861
1248
683
784
1033
868
883
1096
808
1047
1093
714
858
1417
757
786
1026
1009
839
1098
970
823
1068
700
813
1224
860
817
1303
923
862
1087
857
825
1059
851
770
1262
772
888
1043
764
868
1082
692
1001
1434
784
898
1215
688
819
1359
714
823
1096
896
787
1004
1038
1107
1292
882
854
1086
929
828
1223
848
854
1072
834
936
1043
767
897
1221
714
3946
1016
1026
752
1031
866
817
1039
697
924
714
865
1148
854
852
1042
638
924
1269
1069
946
1239
739
920
1064
856
993
1084
943
890
1221
1177
1240
1167
813
5611
1354
955
915
1194
797
923
1129
844
1068
1214
771
982
1360
858
2143
1067
810
1036
1056
720
1090
1249
784
1012
1247
716
881
1344
702
961
1512
764
935
1371
861
977
1715
755
879
1212
829
973
1076
792
1025
1270
832
904
1160
794
1260
1173
732
1068
1165
850
914
1157
855
1067
1087
840
909
1065
858
906
1345
971
1027
1273
931
1518
1184
897
946
1308
921
949
1119
923
1084
1325
886
870
1049
945
1170
1433
1046
985
1200
967
1037
1074
716
1051
1309
693
1034
1311
678
1059
1223
1116
926
1216
903
1061
1213
878
1187
1468
860
1062
1431
889
1069
1111
895
1150
1269
689
1121
1398
980
1222
1638
1267
2400
1829
1384
1415
1929
1641
10170
1554
1326
1753
1801
7939
1482
1911
1526
1437
1775
1337
1567
1766
1401
1725
1922
1130
1677
1719
1343
1478
9387
6497
1313
1941
1368
1450
2882
1203
1464
1723
1312
1468
1853
1247
1530
1596
1137
1523
1552
1629
5001
1668
1388
1358
1678
1504
1610
1729
1406
1652
4885
1998
1862
5927
2846
1426
1189
2720
1274
1914
1491
1759
1153
1301
1485
1386
915
1090
900
798
1072
720
1036
1212
809
817
932
887
797
963
1017
886
1184
917
958
1050
722
948
1004
960
739
960
1007
779
963
945
1030
991
1004
967
976
831
847
977
927
857
956
753
904
963
1102
1583
901
855
799
1000
944
820
1047
917
787
1279
714
813
1103
861
1084
1157
1035
1067
1236
645
802
1018
831
795
1000
782
794
1096
924
957
1151
757
900
1024
858
927
1000
696
907
1207
799
935
977
702
822
969
1048
1005
1005
882
994
1090
956
837
1156
911
883
1208
764
935
1963
730
799
1088
742
842
978
850
1142
1334
746
967
1183
853
882
1063
783
839
1324
695
802
1075
707
902
1059
811
1063
1252
723
877
1003
770
864
1054
766
967
1050
790
979
1170
729
789
1045
791
830
1064
748
895
1016
723
847
1015
721
1132
1002
904
889
1036
879
976
1329
752
897
1207
835
923
1109
772
991
1163
728
804
1068
891
818
1120
830
879
1090
1021
831
1011
821
873
990
753
972
1283
898
968
1036
976
875
1010
889
916
1000
873
802
1157
733
798
1067
831
911
1149
778
797
1019
851
787
980
862
1012
1063
979
1086
963
765
1402
1263
694
916
1078
853
859
1250
717
950
1201
720
894
1073
775
852
1126
762
1699
1288
846
945
1308
798
993
1103
733
929
1090
827
843
1288
717
914
1369
796
955
1119
805
1035
1283
786
900
1038
746
840
1042
726
900
1223
794
908
1107
892
888
1227
829
1134
1378
729
872
1076
711
867
1064
706
871
1126
841
855
1047
713
910
1153
809
893
1118
702
931
1210
680
839
1190
796
970
1183
905
924
1146
714
894
1066
812
887
1231
792
932
1175
761
980
1341
908
881
1376
740
930
1082
958
901
1135
880
1699
1144
709
810
1083
783
871
1103
700
960
1138
928
924
1318
821
910
1148
799
932
1171
1054
955
1244
874
916
1146
719
897
1099
936
984
1112
1017
937
1091
788
912
1120
844
934
1386
880
1071
1105
893
926
1163
731
912
1092
712
1159
1172
732
952
1148
684
941
1313
841
875
1087
731
995
1145
713
1014
1161
813
1090
1178
726
922
1102
822
1033
1126
907
907
1140
719
932
1436
846
1000
1125
930
979
1140
904
958
1188
800
1024
1185
717
925
1431
852
982
1176
929
1026
1080
826
951
1345
976
979
1113
800
1017
754
972
970
1181
738
975
762
899
1100
1253
917
1096
1186
736
939
806
852
901
705
785
916
772
734
956
746
993
992
765
828
1288
718
910
1025
812
917
998
730
853
957
717
758
990
788
978
949
742
977
957
741
782
864
737
781
940
746
918
1035
907
799
1028
722
963
1170
991
847
1023
688
818
951
843
1026
1091
972
775
991
668
813
1016
758
956
1011
862
954
934
737
765
1037
749
809
1012
733
781
982
774
770
1001
693
911
1120
771
794
1081
777
747
1013
732
801
1077
780
840
1001
799
1063
988
1112
729
982
758
755
1173
739
916
1112
757
762
1038
683
911
1336
716
843
977
780
1150
1533
902
909
1593
6326
1095
1411
816
1107
1494
884
923
1327
785
1004
1126
947
1329
1676
1715
1274
1417
1034
16926
1326
1778
1227
1182
1456
1250
1435
1458
1178
1610
1776
1322
1260
1389
1103
1210
1600
1267
1142
2385
1136
1385
1714
1339
1508
1917
1257
1442
7432
1071
1400
1436
1344
1257
1513
1047
1133
1576
1241
1672
2779
1393
1497
1647
1210
1321
1389
1282
1359
1468
1419
1456
1625
1077
1285
1653
1485
1344
1734
1116
4086
1532
981
1194
1106
806
1153
1187
836
966
1040
734
1022
1044
807
890
1128
769
4444
1073
823
1062
1416
775
1137
1089
847
909
1313
877
868
947
776
853
1164
831
993
942
1849
840
1071
773
958
1280
926
897
1260
915
951
1295
948
892
1099
828
1086
1075
984
823
1187
784
1059
1105
815
1047
1192
838
836
1066
813
947
1138
997
858
1059
738
913
1105
766
1027
1063
727
878
1083
765
913
1147
834
1417
1157
757
984
1149
751
1949
1177
780
855
1076
765
979
1227
813
988
1099
865
879
1046
682
890
1318
979
942
1185
858
1029
1215
899
942
1197
834
905
1087
725
902
1118
958
1031
1131
912
927
1064
1135
921
1255
783
933
1371
845
1068
1248
707
953
1046
732
938
1094
776
1037
1157
789
856
1148
785
1164
1340
800
1040
1259
930
964
1525
849
1002
1191
847
938
1146
810
7218
1334
696
1145
1372
683
998
1301
737
961
1127
763
1058
1208
733
910
1268
983
1000
1123
978
1075
1317
770
1137
1332
845
1105
1322
623
987
1163
748
951
1307
730
981
1233
711
907
1148
783
945
1180
874
1049
1219
814
1006
1289
832
1014
1363
766
1006
1168
761
1013
1337
829
968
1234
714
882
1211
826
922
1134
847
943
1159
727
915
1151
745
929
1247
778
1102
1192
926
1039
1256
884
975
1206
1086
1222
793
775
990
1266
1005
1092
1260
824
984
673
748
982
804
788
1139
951
913
1046
970
861
995
779
947
1272
858
797
977
787
950
1071
774
838
1034
848
777
1364
788
770
1029
1083
722
1087
839
777
1046
896
784
967
784
783
1003
780
858
980
773
1033
1020
779
906
1056
800
1047
1008
837
900
1089
764
789
1042
768
881
1116
898
698
939
820
779
1017
717
791
1028
805
804
972
715
786
1019
772
932
1116
794
789
991
779
904
1087
762
790
980
763
882
1081
643
839
985
858
794
1080
2908
917
1069
861
751
1175
838
1711
1190
825
789
1172
728
859
1047
830
836
995
733
1023
993
788
825
984
812
709
1022
705
889
979
809
867
1065
800
882
1041
954
926
1199
1041
811
955
725
928
1009
705
809
1273
838
855
979
782
809
1096
768
907
1182
722
801
1039
775
908
1051
960
756
1024
737
815
1159
894
825
1030
716
2067
924
755
779
1031
698
977
1126
870
827
1046
945
811
1084
1019
1136
999
673
794
1086
704
1068
1008
917
980
1058
808
1166
1143
743
973
1029
653
1041
1108
783
1049
1318
808
887
1096
721
942
1168
744
1427
1258
811
902
1105
793
991
1122
763
874
1135
791
1058
1055
798
868
1076
848
867
1351
1001
1068
1244
690
881
1138
968
884
1265
809
945
1052
746
954
1222
748
1023
1334
771
865
1338
950
1093
1046
745
914
1121
775
848
1055
970
1117
1333
883
900
1047
791
1031
1243
736
920
1096
974
907
1434
1034
1018
1076
803
880
1155
1096
870
1095
940
1083
1288
979
1209
1318
880
1015
1171
878
967
1359
980
954
1156
926
1115
1327
875
1236
1485
1002
1554
1442
1346
1232
1670
1551
1683
1624
7175
3147
1737
1135
2839
1612
1144
4605
7752
1003
1258
1308
3209
1593
1976
1547
1184
1525
1871
1562
1789
1287
1511
1581
909
1502
1985
1309
31254
10153
1326
1702
1495
1304
1285
7646
1317
1787
1815
1053
1369
1710
1581
1470
1770
1576
1490
1750
1461
1483
1528
1291
1469
1659
1502
1740
1813
1511
1633
1396
1304
1242
1239
1057
1142
1297
15053
1296
918
904
1094
731
999
1270
745
919
1120
812
1034
1053
766
883
1235
902
954
1177
750
967
1315
938
895
1280
748
939
1103
755
954
1130
820
896
1164
755
917
1138
813
1113
1163
746
959
1164
751
948
1175
736
1000
1123
738
972
1248
724
997
1272
699
885
1210
742
1007
1137
769
921
1311
783
1150
688
755
980
1185
771
933
1153
807
961
939
766
958
692
860
1015
749
982
986
848
825
934
805
945
917
880
795
971
762
752
1005
763
839
1043
949
836
958
787
776
893
754
761
1077
739
965
1013
975
797
945
707
1157
973
937
3555
954
890
783
1023
747
742
982
846
1066
1074
833
850
958
687
742
930
776
859
928
728
764
949
729
797
978
767
917
965
693
788
980
771
919
1214
910
764
986
725
875
1045
877
987
1131
844
889
1085
704
773
988
1510
771
1009
775
1033
1099
739
843
999
739
817
1097
832
865
1292
670
799
1088
927
856
1212
714
739
1044
790
813
982
892
772
1093
832
876
1059
828
855
1049
2875
1068
1206
936
839
1021
768
1057
1067
786
836
987
750
1074
1012
712
1017
1055
724
889
1008
763
963
1184
736
850
1032
921
838
1000
995
754
1138
839
810
1048
716
981
1020
689
1049
1113
831
961
1021
830
884
1094
784
1074
1268
695
827
1072
775
983
1075
774
783
1118
691
883
983
663
835
1017
698
861
1150
808
877
1005
776
893
1353
761
859
1077
736
885
1053
742
889
1015
718
938
1074
707
933
1106
717
809
1053
808
854
1029
762
835
1111
671
863
1060
749
1113
1042
680
943
1006
854
789
1137
1327
899
1118
758
820
1072
796
983
1217
788
879
1007
849
1004
1256
806
857
1095
756
859
1069
1025
1085
1265
1012
858
1120
698
719
1003
684
939
1065
660
860
1061
776
909
1052
724
930
1062
735
881
1157
728
969
1091
812
856
1065
740
887
1169
852
929
1109
747
923
1139
712
943
1142
728
944
1030
781
909
1060
821
988
1059
852
903
1074
846
934
1103
679
958
1213
749
928
1098
846
978
1168
872
899
1131
727
1190
1107
691
1118
1270
709
843
1128
763
999
1187
682
3689
1148
704
985
1146
609
938
1118
725
935
1116
733
1139
1244
700
856
1208
695
912
1435
773
1007
1140
713
937
1154
732
914
1135
722
871
1060
690
891
1192
706
859
1279
797
1035
1220
1041
941
1103
724
970
1143
656
873
1098
958
1006
1143
784
1057
1099
832
1005
1124
739
941
1135
809
1171
1175
729
929
1127
718
947
1111
664
912
1233
710
995
1218
742
928
1157
735
919
1111
752
955
1048
874
979
1188
870
935
1303
947
1153
1381
778
971
1160
873
902
1093
670
911
1205
1044
1043
1082
831
1195
1217
1495
914
746
804
910
744
750
930
746
845
975
782
1011
1115
776
785
1057
825
757
1041
1045
898
5957
1197
1246
1437
1235
3246
1496
1281
1090
1570
1204
1230
1402
1151
1443
1436
1215
1291
1363
1296
1143
1228
1040
3827
14741
1271
1230
1351
974
1260
1672
1158
1450
1707
920
3900
1611
1233
1230
1544
1187
1394
1518
1104
1446
1416
1106
1302
1674
1258
1332
1371
1033
1238
1697
1006
1301
1655
1024
1183
1552
1312
1564
1576
1049
8424
1107
880
901
1026
805
764
992
812
779
1094
678
790
1078
868
866
960
965
841
1075
761
917
979
676
780
1025
733
1018
959
732
952
975
715
855
1002
850
817
1011
747
792
1002
843
877
975
989
1149
1361
764
724
1046
761
1002
1108
786
863
1084
718
971
1236
747
768
1029
738
842
1163
890
906
1052
687
898
1069
840
858
1093
702
821
1032
976
1149
1240
950
811
1038
777
866
1099
769
821
1110
672
806
968
739
801
980
725
922
969
708
924
6083
811
897
969
714
894
1073
696
810
992
785
939
1186
763
919
1071
782
771
1239
794
902
1024
905
812
1106
752
815
1031
666
970
1118
977
858
1300
777
846
1100
770
824
1059
710
885
1064
914
792
1045
762
900
1114
819
948
1020
757
804
1105
712
864
1037
727
803
983
757
850
1004
760
807
1116
821
890
1077
745
875
1264
776
859
1108
697
873
1118
753
822
1047
727
955
1056
741
951
1066
736
852
1161
687
2344
1112
876
891
1065
818
878
1263
796
1017
1117
787
905
1133
783
966
935
638
926
1041
689
987
1160
873
918
1084
818
969
1090
903
948
1028
813
910
1093
717
931
1104
872
957
1088
1525
863
1089
706
830
1207
736
774
1058
952
1084
1086
792
1021
1293
832
990
1044
778
902
1053
696
1085
1142
705
920
1184
708
894
1119
907
870
1157
878
970
1243
679
884
1106
652
1021
1189
724
897
1100
691
915
1326
693
899
1143
760
867
1147
703
804
962
711
892
1113
715
936
1143
748
874
1217
741
876
1204
765
943
1182
705
939
1126
938
1232
1060
866
893
1222
734
890
1243
728
1106
1322
889
855
1104
756
1293
1210
8304
955
1020
1262
710
1061
1208
755
1059
1072
806
952
1136
870
1080
1100
787
976
1116
968
1159
1338
709
1096
1251
774
935
1144
787
1026
1352
863
893
1210
878
913
1198
807
971
1203
586
996
1159
776
1028
1127
713
1233
1296
678
956
1124
750
1044
3981
980
1000
679
764
919
779
745
972
1189
878
1063
1195
974
1331
967
870
1137
1018
806
1191
1258
819
1185
930
1317
1217
1089
1253
1622
1308
1357
1628
1270
1227
1503
1102
1508
1603
1237
1164
1389
1288
1347
1342
1212
1209
1417
1160
1366
1528
1058
1384
1632
969
5457
1371
1251
1125
1603
1220
1202
1419
1180
1345
1317
1234
1038
1355
1211
1113
1511
1187
1444
1607
1332
2369
1390
1037
1412
1682
1372
1586
1611
1269
1171
1426
1125
1377
1586
1110
1388
1457
1097
1233
2027
1065
1216
1791
1076
11857
21329
2448
1102
1197
831
925
1041
731
834
984
731
992
1003
734
815
1043
855
818
1005
788
798
1099
1009
1029
1031
1036
796
1204
847
863
1000
699
904
4846
782
1134
1021
716
813
1235
855
814
1042
956
798
1791
717
825
1074
831
849
1005
688
890
4893
764
983
1124
770
794
1002
725
974
1102
748
793
1531
768
749
1100
809
795
1108
774
876
1008
729
741
1297
756
846
982
752
977
1408
845
1187
1198
1005
1000
1062
747
774
1042
719
954
1056
776
800
1156
823
804
1129
786
848
1047
795
808
1080
706
888
1049
754
952
1067
704
866
1050
809
825
1046
761
927
1136
851
1121
1124
774
814
1244
726
895
1057
751
893
1062
776
801
1035
764
895
1038
859
799
1063
891
835
1086
900
879
1223
716
902
1178
868
1009
1063
681
838
1010
937
997
1222
784
878
1192
757
879
1279
797
829
1069
829
869
1100
707
910
1066
816
981
1228
1209
992
1103
842
832
1091
812
988
1072
650
827
1056
784
907
1040
753
949
1056
683
892
1252
677
876
1388
703
783
1228
720
991
1235
721
895
1161
751
4359
1293
1300
970
1189
807
1149
1210
842
1166
1130
836
1277
1114
762
1057
1125
848
983
1069
767
863
1110
682
964
1219
739
919
1177
1202
885
1190
700
941
1131
765
1092
1192
719
1073
1201
715
1167
1151
689
1063
1119
835
904
1203
730
1041
1085
771
899
1163
3044
1074
1250
1021
1029
1171
833
985
1162
1007
1018
1159
957
935
1079
627
885
1386
1043
1082
1122
808
907
1036
737
853
1155
732
925
1175
913
833
1093
1092
894
1116
696
966
1120
1040
1272
1260
712
935
1119
734
845
1111
787
975
1249
867
1065
1284
873
933
1256
731
934
1207
722
922
1171
839
899
1147
997
973
1178
962
1242
1382
1197
949
1138
677
910
1172
740
884
1132
976
960
1164
881
1442
1162
824
943
735
736
993
1284
909
1114
974
709
1091
1075
799
990
852
835
993
764
780
889
775
821
1077
766
779
972
918
731
1031
945
1029
1242
812
807
934
812
1013
947
830
844
942
689
782
1094
764
909
1009
773
860
1040
861
787
1111
784
839
1021
758
810
979
747
755
2392
760
808
1028
830
741
1149
712
789
946
883
907
996
763
817
1237
975
1131
1290
1006
1570
10720
1285
1429
1651
1200
8596
20138
13159
1202
1550
1036
1644
1865
1107
1384
1394
1086
1049
1932
1486
1217
1504
1232
1482
1393
1166
1573
1392
1072
1626
1682
1129
1467
1517
8203
1490
1839
1622
4073
1615
983
1452
1377
1213
1295
1524
1183
1642
1423
3637
1581
1612
991
1520
1380
1457
1391
1433
1324
1492
1470
1304
1573
1703
1244
1162
1336
987
1199
1359
704
927
1070
709
868
1127
693
840
994
762
838
1070
682
1115
1072
639
842
1309
1232
1132
2285
746
830
1431
980
815
1003
743
778
1215
701
970
1041
705
894
1238
710
834
1048
744
743
1005
826
792
1004
750
871
1088
682
819
1003
713
865
1037
696
852
991
771
1041
1252
731
853
1144
721
832
1246
779
818
1273
703
850
1354
752
873
142625
951
1042
825
818
1059
709
808
1012
700
948
1001
662
802
1054
712
840
1194
806
1016
1091
786
888
1031
780
1052
1281
691
1059
1085
771
765
1068
808
878
1157
771
926
1254
858
878
1083
799
836
1083
780
861
1054
792
887
1048
772
853
1243
779
1097
1312
914
912
1177
764
901
2400
692
929
1063
844
898
1194
821
1011
1045
733
1012
4446
881
886
1291
729
836
1074
793
872
1109
749
884
1106
690
907
1231
685
878
1090
718
985
1207
1041
1157
1149
678
764
1274
1056
1122
1373
1036
1144
1283
717
877
1051
706
866
1079
711
929
1139
788
915
1148
800
866
1107
823
1017
1040
812
997
1187
731
974
1101
842
896
1092
963
920
1185
737
889
1160
2958
924
1156
716
884
1392
938
946
1097
698
936
1099
777
1102
1129
745
909
1198
745
957
1078
723
882
1144
688
969
1111
720
931
1290
793
957
1455
815
1007
1234
831
6960
1268
630
1081
1315
759
1033
1130
735
872
1137
825
1719
1120
924
1044
1203
795
994
1171
732
999
1295
812
999
1157
679
1017
1164
767
943
1203
871
950
1141
844
946
1281
923
1198
1129
734
1144
1171
670
1232
1240
1238
963
1125
770
918
1151
720
1024
1201
815
962
1175
818
935
1233
714
1048
760
796
1041
1100
866
940
809
708
1004
788
712
957
828
757
939
1165
706
1064
600
650
1088
822
842
975
886
955
1172
802
807
1075
815
848
966
833
873
1016
820
829
971
795
759
1033
768
711
1104
874
881
1069
817
899
1137
728
844
1032
810
1814
1062
904
834
1105
797
822
1108
876
975
1081
845
923
1094
867
857
991
848
839
934
820
877
1018
819
961
1052
779
832
1056
752
978
1050
859
847
997
714
936
1199
841
1008
969
800
857
1121
710
959
1202
751
760
1378
4673
841
1152
766
728
1089
690
874
942
734
808
1038
824
992
1074
925
1090
1328
785
987
1097
952
832
1146
941
1206
1275
1037
1086
1703
1192
1451
1763
1267
1242
1931
1191
1362
1540
1163
1734
1439
1172
1274
1582
1131
2191
1451
1248
1130
1718
4212
2110
1579
1175
2974
1816
1363
1365
1656
1374
1163
1812
1021
1213
1571
1356
1423
1597
1215
1574
2161
1261
1297
1426
1150
1215
1484
1170
1346
1394
1404
1931
1670
1257
1542
1550
1141
1458
1429
1095
1248
1556
1431
1455
1603
1390
1485
1664
1297
2541
1720
1112
1265
1290
791
1057
1108
928
1010
996
741
951
994
744
1232
1124
773
927
1045
776
854
1256
734
929
1028
795
818
1111
795
810
1108
760
838
985
753
869
1037
710
938
1105
855
831
1185
681
910
1124
723
852
1059
731
903
1054
592
944
1245
748
1042
1147
804
963
1041
1820
880
1310
748
951
1080
724
1202
1312
673
863
1153
826
885
1163
839
866
1140
689
830
1109
776
820
1290
701
900
1142
769
899
1158
738
879
1173
768
1015
1107
733
891
1135
794
969
1287
779
983
1121
764
983
1239
1215
929
1151
799
868
1246
797
1017
1208
767
878
1253
710
847
1103
758
907
1081
737
883
1106
762
832
974
803
839
1129
777
960
1194
738
892
1370
970
1074
1343
692
1075
1133
838
995
1081
818
1132
1243
1029
1005
1209
663
1027
1215
765
932
1146
722
802
1196
678
1184
1433
705
978
1269
845
1039
1426
849
964
1140
732
909
1278
877
905
1174
923
1054
1226
835
1008
1457
958
947
1140
667
1003
1086
691
895
1200
731
1024
1178
785
1106
1088
673
1030
1222
753
982
1199
802
908
1132
959
1034
1137
805
951
1217
714
987
1139
711
967
1240
927
1152
1180
735
936
1151
772
969
1155
767
981
1101
750
1038
1216
1082
981
1159
3049
930
1166
726
1047
1140
856
1021
1133
890
965
1165
688
1026
1117
812
905
1101
964
1004
855
772
1041
6383
880
922
1182
968
1084
1256
815
1151
1339
949
1051
956
857
930
857
727
967
703
801
1205
798
772
964
694
678
1613
942
770
1021
921
771
992
779
701
1016
686
1038
1021
770
770
977
811
799
985
899
953
1278
1522
827
1087
748
804
894
770
860
977
3303
801
1006
841
763
959
711
786
976
792
955
1246
719
861
1046
768
878
946
830
807
1170
732
812
1342
938
1013
944
893
851
1053
758
2355
950
850
737
975
779
835
1129
808
819
948
809
714
1084
729
802
1004
651
769
999
761
1127
1020
773
833
1016
723
806
1003
765
867
1160
689
1084
1041
801
813
1055
826
809
998
708
887
1076
656
847
1143
759
843
1058
742
878
1044
680
860
1261
813
831
965
781
895
1089
913
944
1109
761
854
1012
796
922
982
827
856
1014
711
1140
1032
756
876
1078
794
8413
994
765
866
1090
806
776
1069
13957
3487
1385
1390
758
932
1113
744
995
1334
903
1028
1093
816
1089
1435
1217
904
1427
1014
1245
1719
1426
1179
12464
1118
1202
3618
1463
1289
1724
1368
1446
1553
1301
13319
1643
1097
1319
1665
1277
1322
1943
1351
1530
1939
3111
1570
1803
1317
1510
1780
1253
1435
1792
1151
1605
2109
1411
1552
1648
1121
1657
1646
1341
1513
1630
1185
1678
1612
1207
1565
1707
1274
1557
1701
1215
1649
1708
1553
1520
1490
1322
1574
1564
1444
1370
2404
1604
1548
1776
1252
1231
1247
1064
1123
1163
912
935
1175
741
1040
1156
691
951
1059
796
944
1144
784
1084
1215
932
876
1084
769
904
1068
728
897
1207
847
984
1356
980
970
1134
709
971
1087
869
957
1142
880
874
1087
876
966
1065
779
994
1098
910
1117
1132
760
868
1042
982
1122
1185
809
884
1332
813
976
1188
803
907
1242
718
907
1152
714
1020
1121
812
811
1061
812
1113
1147
856
923
1050
756
1117
1116
723
1086
1231
713
920
1124
783
1276
1400
971
970
1102
755
984
1166
724
921
1128
784
1186
1038
788
968
1216
914
917
1191
709
889
1353
727
1014
1385
990
892
1181
894
982
1085
731
933
1228
900
938
1153
754
916
1239
710
898
1046
783
1102
1146
806
954
1287
844
888
1167
840
829
1092
665
986
1170
719
898
1037
821
1038
1094
877
882
1189
1155
891
1127
997
950
1166
686
1009
1096
770
939
1107
691
994
1185
1316
1234
1100
715
1060
1331
989
1045
1266
722
1152
1126
753
928
1216
787
911
792
737
918
740
782
896
1189
791
989
803
848
945
724
829
975
810
800
2003
738
788
953
673
814
1068
886
720
1005
770
755
1045
838
734
913
833
684
1100
755
768
1050
771
765
1002
684
749
897
825
819
937
761
941
942
830
778
1167
711
715
971
779
998
1188
931
1010
984
785
774
1191
762
918
1087
807
828
917
729
722
1242
801
890
1136
947
767
985
771
827
898
712
804
1245
824
758
1030
719
765
1041
774
843
1040
778
960
1089
806
935
1032
747
726
1219
741
1178
1063
811
1072
1059
726
1028
988
854
784
1123
756
923
1160
892
742
1037
719
1038
1062
870
806
1069
1019
771
1001
1002
838
989
926
1029
975
772
1076
1004
726
1023
1002
706
835
1040
733
796
1016
673
2729
972
672
830
939
690
848
1206
740
1106
937
784
934
1070
690
783
1439
777
877
1066
807
1014
1225
703
827
1042
682
899
1047
690
827
1059
736
909
1253
693
783
1029
766
878
1074
727
798
1080
696
1057
1027
805
742
1039
662
708
1070
846
910
1232
823
843
1140
795
842
1132
799
817
1258
704
800
1071
732
892
1587
717
891
1170
875
1273
1276
811
1052
1440
901
948
1236
1018
1412
1212
875
1070
1217
1110
1208
1571
5118
6336
11917
1138
1398
3992
3912
4852
3904
1223
1309
7875
1291
1232
1315
5009
1397
1594
1202
1330
1655
1640
1902
1726
1523
1877
1753
1242
1465
1766
1017
2154
1731
1378
1273
1849
1167
1262
1356
7338
1517
1524
1070
1503
1502
1377
1263
1550
1225
1875
1549
1234
1879
1757
1521
1440
1489
1283
1187
1598
1304
1496
1328
1196
1561
1720
1131
1369
1619
1146
1422
1855
1329
1453
1180
901
1046
1118
766
936
1238
725
1342
1236
788
835
1067
686
917
1144
765
955
1104
872
1035
1078
672
893
1389
796
904
1308
962
912
1123
779
1063
1125
756
980
1149
746
958
1207
835
1033
1165
934
861
1217
940
983
1105
724
1150
1195
820
861
1081
913
1028
1038
875
892
1163
629
903
1285
908
919
1197
761
981
1095
704
900
1131
749
949
1088
670
855
1098
1182
714
924
1118
746
932
1334
710
934
1181
732
918
1203
776
921
1080
946
1121
1123
851
992
1149
760
939
1108
758
991
1173
998
955
1133
764
962
1089
754
985
1122
896
1008
1181
899
1091
1141
2743
942
1181
842
1143
1310
950
1057
1137
944
1112
1228
845
930
1120
747
895
1139
822
1009
1263
895
1055
901
733
1053
800
909
1136
783
1029
1244
723
752
939
804
690
925
782
948
1183
756
881
929
727
788
1057
764
1093
963
779
914
927
771
937
991
837
831
917
785
737
1064
802
1028
1009
711
984
1133
2025
767
996
833
813
962
777
750
940
836
850
987
3240
723
1041
799
1006
1233
797
762
969
911
771
970
915
945
1029
776
922
1089
834
776
942
777
850
3223
700
811
934
767
864
1016
764
774
989
758
952
1000
816
925
984
770
799
1000
732
775
1318
850
770
962
748
790
1085
810
795
1163
732
780
992
742
888
1095
803
758
1013
784
817
1055
727
958
977
692
875
1042
740
789
1004
772
891
1185
775
797
995
652
809
1022
808
813
1013
926
6011
2127
743
949
1125
798
1001
1104
768
848
1112
791
815
1099
761
762
1043
803
878
986
743
984
1007
783
807
1078
735
784
1008
775
975
1192
771
817
1150
783
849
1087
788
829
1006
698
806
1014
723
889
1295
786
1069
1272
771
882
1013
793
835
981
701
800
1138
977
1002
2446
709
993
1044
691
1081
1247
670
794
1054
700
1027
1168
1111
955
1234
873
1026
1378
868
1156
1163
825
1208
1303
1062
1126
1208
930
1052
1393
1047
1412
1916
2093
1402
1423
1458
1856
1857
1059
1342
1565
1016
1178
1584
1087
1354
1481
1056
1233
1583
1133
1083
1473
1230
1756
1558
1070
1507
1638
1327
1329
1538
1095
1379
1646
1224
1352
1493
921
1287
1603
1154
1285
1554
1036
1264
1649
6228
11385
1633
1100
1266
1820
1049
1520
1591
1085
1291
1511
1551
2103
1623
1456
1439
1473
984
1279
1520
2819
13459
1374
1222
1372
1745
976
903
1127
720
973
1237
825
857
1066
755
872
1117
795
923
1120
730
821
1115
688
1033
1185
699
823
1376
747
981
1176
768
945
1049
707
952
1071
733
1141
1269
718
852
1201
703
870
1126
690
852
1051
726
1097
1089
831
912
1097
763
914
1302
991
877
1127
726
1055
1112
718
891
1148
760
979
2579
636
934
1153
722
941
1138
769
942
1176
718
921
1066
834
815
1064
897
1044
1154
1000
1127
1161
4425
922
1174
769
900
1120
669
953
1223
797
962
1144
727
905
1185
757
3843
1273
693
952
1256
926
883
1143
651
977
1124
741
1082
1190
812
938
1187
901
1093
1290
871
872
1235
725
860
1161
852
1072
1285
815
900
1179
706
1016
1208
741
1064
6090
764
1030
1178
966
811
1983
745
1136
1156
699
975
1250
824
987
2102
724
888
1167
733
970
1396
749
1024
1157
888
979
1119
855
974
1251
697
1005
672
726
941
1092
1003
1018
760
896
976
676
797
1154
740
791
987
800
776
1130
872
753
1055
759
772
946
761
734
995
795
713
961
797
1012
975
760
725
935
966
794
1043
775
757
1080
879
926
1016
726
723
993
834
799
1183
758
660
1170
802
794
993
726
910
983
779
778
953
731
712
963
722
750
1048
900
836
1048
768
766
1021
715
1254
1101
748
819
1147
784
777
1067
661
818
997
821
770
962
772
1129
1024
713
917
1022
767
834
1086
744
793
1012
729
808
1122
695
1043
1118
749
949
1035
752
825
1130
710
1109
983
836
911
1074
743
1045
1225
758
871
1177
717
1064
1044
725
938
1210
640
754
1203
717
760
1091
813
2265
992
701
788
1111
759
950
1016
749
1040
979
802
840
1023
781
808
991
715
1045
1141
777
870
1649
806
813
1003
693
860
1030
742
926
1116
798
831
1016
793
909
1103
815
929
1039
756
890
1063
728
837
1071
721
954
1052
742
1027
998
714
859
1083
905
863
1057
762
787
1024
768
814
1033
765
926
1128
798
1022
1168
781
861
1018
680
927
1201
724
893
1075
732
791
1034
820
794
1161
715
845
1070
750
991
1129
760
786
1044
718
917
1068
874
946
1109
838
902
1068
680
807
1043
776
1004
1066
771
893
1080
792
1038
1018
815
909
1122
763
886
1251
851
963
1162
716
845
1071
721
928
1194
764
915
1230
917
1000
932
1034
766
863
1116
739
1147
1278
692
935
1379
675
847
1119
770
1265
1371
994
1135
1133
964
1385
1252
917
1112
1378
1031
1232
1305
1094
1463
1305
1010
1665
1627
1220
1384
1776
1147
1557
1671
1205
1356
1541
1058
1428
2083
1156
1726
1431
1258
1187
1669
1212
1144
1518
1226
1292
1651
1224
1329
1605
1343
1594
1550
1475
1462
1891
1787
1614
1850
1240
1310
1401
1433
1671
1650
1455
1253
1658
1090
1494
1780
1228
1280
1584
1684
1338
1761
1474
1808
1760
1073
1375
1828
1412
1399
1735
1372
1392
1705
1315
1333
1496
821
985
1482
731
1103
1352
825
917
1084
765
916
1072
770
971
1187
911
939
1141
850
1008
1085
713
922
1217
970
926
1253
711
948
1216
933
952
1310
1610
1031
1067
697
888
1286
852
864
1140
774
937
1116
704
1006
1209
758
965
1175
686
935
1386
758
1182
1126
722
1097
1360
779
961
1198
737
886
1321
783
980
742
716
1141
693
1035
952
716
825
1075
809
922
1052
786
723
1018
737
805
973
737
781
1005
781
771
1221
750
793
889
742
816
1305
712
753
933
695
898
959
700
884
981
735
697
975
714
821
951
766
750
1053
827
716
912
887
883
1865
794
785
1074
844
1113
987
763
801
954
712
885
1011
789
783
1063
995
762
1285
761
801
940
732
1097
1205
794
827
1021
738
869
883
649
917
965
695
753
1043
748
777
1136
746
885
991
753
750
982
768
825
931
850
862
1063
671
859
1050
712
839
1029
728
775
1225
761
778
960
935
813
1083
816
1021
1071
708
784
1046
723
826
1119
797
897
1010
733
755
949
753
813
1070
745
1114
1007
712
991
1047
696
802
967
898
914
1072
737
954
1057
678
831
932
769
807
1182
741
890
1049
761
759
1098
719
840
1018
688
761
985
702
1016
1025
701
1558
1165
859
1042
1276
774
800
1098
785
1073
1180
689
812
1050
756
846
1059
771
799
1190
850
1023
1073
840
997
1120
784
894
1257
783
1032
1224
1104
796
1078
974
1023
1029
813
976
1125
701
933
1027
706
905
1110
815
821
1025
715
946
1054
683
961
1069
687
813
1288
813
895
1055
769
794
1039
706
1086
1131
672
2290
1134
879
875
1027
887
913
1025
705
858
1072
664
1078
1064
756
868
1045
753
842
1351
775
931
1150
772
984
1253
851
925
1129
749
832
1020
761
920
1061
758
1009
1142
845
935
1128
749
985
1084
700
912
1227
992
928
1143
649
892
1076
690
823
1080
853
923
1073
842
864
1124
834
813
1239
788
996
1233
757
822
1088
820
884
1171
696
892
1107
739
896
1099
917
2230
1170
690
1007
1174
932
992
1046
783
1081
1332
736
1093
1206
735
1063
1211
893
918
1111
645
875
1076
778
908
1100
727
887
1148
736
914
1043
684
899
1102
692
903
1133
726
1226
1292
733
1023
1289
774
958
1284
746
958
1276
975
975
1116
711
984
1348
875
809
1222
700
892
1091
688
1042
1166
903
1013
1275
1035
1136
1295
914
1379
1467
847
1042
1251
990
1209
1262
1121
1275
12713
2242
1444
1626
1082
1321
1544
1063
1754
1673
1072
1298
1764
1284
1538
2922
1100
1675
1476
1277
1563
1985
1736
1847
1531
1231
2133
4532
1058
1573
2024
985
1572
1593
1347
1531
1784
1194
1470
1666
1215
1509
2008
1253
1239
1795
1485
1413
1785
1177
1608
1522
1491
1448
1441
1389
1350
1745
1322
1587
1064
1390
1443
1554
1413
1388
1872
1120
1234
3214
1187
2659
1436
1159
1008
884
752
979
888
776
995
802
868
1121
705
726
1116
863
795
941
819
690
984
754
1020
1003
786
742
983
734
788
954
783
849
1020
823
751
1014
723
754
959
923
879
1000
764
802
1059
781
761
918
782
815
994
711
1110
1115
765
925
959
724
926
1119
667
919
975
796
829
946
809
796
1071
728
814
1005
753
754
947
848
915
980
858
954
971
714
1072
832
874
779
957
1067
763
920
1032
726
866
971
815
852
871
686
768
980
865
836
1004
788
917
1068
777
943
1256
768
880
1239
730
810
1080
830
846
1242
684
815
1084
1040
820
1119
668
749
960
749
845
1023
739
841
1244
832
897
1114
767
1050
1145
756
838
1026
708
858
1007
771
792
1057
741
829
1012
740
831
1034
727
767
1018
800
817
1050
817
812
987
3071
888
1093
782
867
1121
831
939
1039
778
4083
1014
724
858
1055
853
816
1029
703
817
1078
764
1000
1057
760
1019
1255
839
918
1124
747
757
1073
877
876
1080
698
879
1183
776
835
964
793
835
1017
811
910
1192
772
840
1072
720
867
1084
849
973
1075
820
748
1049
5349
1173
1011
724
972
1348
853
1042
1227
829
901
1058
737
898
1871
777
1096
1315
724
1315
3986
757
1020
1046
940
813
1090
785
855
8185
748
892
1179
751
988
1071
789
889
1278
843
849
1091
801
790
1060
726
872
1113
807
898
1173
726
910
1089
718
888
1068
703
960
1087
738
941
1115
775
1098
1202
886
1005
1103
670
1028
1080
699
929
1093
736
844
1072
826
870
1087
732
954
1147
790
891
1174
930
1052
1053
680
879
1417
722
904
1129
897
1162
1344
1019
8744
1300
869
1211
1446
855
975
1319
1101
1123
2298
1536
1186
1453
1120
1527
1518
1059
1223
1561
1488
1568
1493
1154
1387
2039
1487
1910
1587
3253
12835
2496
1132
1379
12106
21691
1277
1759
13694
22744
30004
1453
1533
1441
1156
1324
1568
1277
1485
1913
6373
4930
1690
11847
21198
1328
967
1397
1601
1451
1378
1782
1394
1327
1907
1156
1616
1598
1415
1437
1457
1183
1594
1556
1342
1693
2823
1336
1452
1722
1294
1432
1687
1535
1495
1936
1213
1606
1765
1110
1118
1327
767
950
1314
680
978
1108
802
1079
5766
882
1180
1189
677
920
1398
812
985
1243
947
1141
1240
707
896
1131
808
923
1166
946
1162
1201
2971
1086
3136
762
1210
1411
786
935
1176
709
1003
1282
711
1185
1354
856
1103
761
754
976
728
837
1119
1111
720
946
786
798
6344
750
835
1096
667
892
1118
749
921
1205
827
694
1163
717
1112
1101
768
787
968
804
1051
1183
870
896
1043
706
763
932
811
932
1132
821
794
907
882
717
1095
688
806
1144
811
813
901
1032
997
1280
937
860
1046
850
5760
1047
911
1012
1105
791
852
1174
764
815
1059
732
834
1023
736
813
974
770
863
1008
842
793
972
703
818
1020
696
844
1042
713
780
984
698
775
1005
729
934
969
740
901
931
745
850
967
801
862
1037
804
820
1123
6223
859
1065
878
852
1030
800
975
1015
726
838
1016
735
806
1146
804
978
1121
812
853
1193
868
765
1254
987
892
994
855
962
1013
837
784
993
725
801
1167
762
930
986
784
854
1022
732
811
1079
712
852
978
906
892
1044
687
824
1004
753
821
1024
769
894
965
747
836
1156
765
981
1041
790
1149
1168
774
1112
1062
772
1019
1004
757
913
1007
799
814
1067
743
966
1101
817
2904
1054
737
821
1007
885
927
1115
739
932
1182
762
822
1022
3332
6265
1020
727
821
1171
797
840
1061
812
821
1078
746
854
1049
741
891
1056
740
1122
1040
812
1010
1031
717
827
1226
735
971
1177
791
880
1066
830
885
1033
770
819
1073
721
811
1069
817
910
1373
840
1038
1211
779
843
1127
6102
830
1249
970
1135
1568
1649
1588
1350
1270
4352
1427
1121
1258
1353
1333
1361
1522
1297
1410
1668
1251
1631
1601
1141
1462
1608
1194
1215
1586
1085
1178
1872
1380
1331
1349
1305
4564
1571
1072
1534
1749
1192
1323
1418
1213
1663
1795
1733
1352
1562
1295
1589
1590
1327
1300
1880
5618
1534
2278
1299
1758
1743
980
1559
1489
343081
1558
1708
1409
1701
1640
1024
1000
1207
845
1523
1360
819
1010
1265
735
876
1260
703
908
1071
806
920
1053
749
1081
1249
772
896
1353
736
934
1205
770
859
1044
736
887
1179
761
1166
1133
665
928
1065
966
1219
1392
841
1082
1150
789
894
1129
723
996
1090
735
894
5422
741
1016
1137
731
941
1135
876
4718
1187
784
957
1207
732
1066
1202
793
952
1220
782
912
1244
893
941
1062
750
963
1210
866
1065
1130
928
967
1138
753
1017
1206
1071
991
1626
936
1134
1068
807
1239
1213
802
995
1208
783
971
1280
735
1004
1228
757
1617
1240
728
1265
1332
740
950
1177
694
1026
1176
789
906
733
765
1008
720
778
911
1116
746
968
1287
716
1331
842
770
1142
886
962
1019
802
933
1145
764
764
1049
783
858
1194
715
866
1141
737
755
967
843
892
1147
817
868
1009
738
872
984
760
784
994
810
815
1062
886
1044
917
858
812
1018
786
977
986
934
831
1023
840
853
1017
816
902
1008
740
984
1137
773
1150
1011
1437
862
1236
897
957
1189
808
827
985
719
748
1196
681
1027
1035
762
777
1126
930
987
1048
717
873
1087
805
787
1154
800
882
1124
812
953
1035
792
1019
1045
2365
838
1179
786
1163
1219
771
856
1095
805
973
1225
786
791
1039
683
786
964
688
752
1211
681
730
954
686
782
977
732
848
1001
778
825
1021
684
884
985
717
1048
1215
699
803
1043
924
896
1286
768
828
1003
730
787
973
713
953
1269
850
999
1163
926
1035
1102
1060
1164
1730
1026
1544
1507
6606
1607
1433
1242
1296
1391
1232
1397
1649
1280
1351
2007
7083
1721
1386
1049
1290
1466
1226
1499
1721
2380
1233
1557
1122
7957
1435
13315
2225
9841
6041
1255
1407
1235
1166
1611
1181
1454
1494
1124
1192
1664
1095
1274
1410
1104
1338
1499
1425
1501
1502
1298
1583
1699
1324
1502
13289
1091
1676
1522
1080
1258
1654
1311
1753
1534
1489
1647
1554
1170
1385
1519
1196
1239
1653
1180
1340
1434
1420
1216
1566
1110
1250
1397
1081
1496
1598
1094
33386
23594
19049
1198
1543
1103
1419
1457
1188
1575
1490
1241
1179
1537
1124
1369
2008
1183
1389
1770
958
1218
1871
1206
1171
1322
842
939
1132
782
954
1281
787
1189
1334
930
933
1114
903
1040
1119
767
918
1099
772
1083
1204
810
923
1179
724
887
1308
721
866
1220
776
853
1071
788
1056
1230
953
1090
1138
994
1141
1357
932
953
1162
757
995
1108
838
1149
1124
1012
958
1161
781
909
1081
685
1041
1091
939
1020
1184
747
964
1161
721
1119
1136
830
1004
1147
713
980
1096
683
907
1106
751
947
1103
857
1059
1098
691
921
1123
746
981
1100
958
1136
1212
691
907
1053
1107
1009
1154
801
1092
1127
929
968
1107
802
903
1051
841
1081
1247
804
1071
1266
809
954
1188
821
894
1148
783
987
1099
924
924
1141
820
978
1103
829
1002
1126
776
972
1107
709
1072
1109
736
925
1174
895
984
1211
733
883
3755
975
902
1198
900
962
1419
819
1032
1094
724
981
1168
856
907
1120
721
966
1254
1116
971
1154
3840
952
1115
770
934
1179
884
866
927
850
933
880
948
2235
752
703
1037
772
691
991
709
748
972
774
713
947
779
828
1040
872
1007
1054
883
767
976
804
842
937
688
752
1167
767
743
1001
727
893
978
722
940
1023
723
887
1046
744
849
975
817
761
1027
788
1110
950
858
916
1188
781
821
991
755
846
1014
711
774
926
757
764
981
736
726
1021
771
932
976
830
825
962
820
853
1027
761
943
1092
788
758
1182
776
884
946
980
1062
956
715
895
993
1252
824
940
751
911
911
717
885
1153
760
818
1007
751
856
1309
741
985
1008
722
767
943
738
944
1066
885
939
275538
852
1011
1034
1019
966
1067
1004
678
1160
955
729
952
1148
764
859
1248
765
732
1094
799
860
1230
849
837
1129
833
1055
1174
956
828
992
854
1249
1220
976
1046
1113
878
938
1171
699
1127
1261
776
968
1347
930
847
1275
886
843
987
884
805
1068
1104
1031
1168
760
942
1042
816
1229
1063
1094
838
1137
737
918
981
949
838
1231
1017
1049
1064
928
1047
1150
871
1016
1113
702
901
1211
708
1012
1274
730
1067
1007
640
1008
1027
759
949
1186
687
911
1062
669
949
1397
854
990
1261
1052
950
1236
746
838
1179
813
937
1096
807
903
1391
1091
1028
1207
914
1042
1166
1222
1070
1302
1027
1063
1392
956
1318
1159
812
1714
1173
899
1043
1243
905
1750
1471
1180
1573
1904
1133
1662
1624
1295
1327
1506
1360
1587
1888
1496
1786
1491
1091
1519
1815
4032
14422
4373
1254
1656
1569
1205
1263
1491
1249
4305
6757
7817
1416
1656
1017
1225
1648
1238
1188
1474
1350
1619
1551
27350
2250
1702
1120
12713
24693
1155
1530
1742
1448
1328
1277
1217
1426
1646
1396
1680
1526
1109
1154
1439
1431
1527
1591
1133
1510
1725
1129
1629
1575
1359
8640
18284
1088
1488
1561
1093
1314
1480
1103
1153
1243
810
1095
1220
734
869
1113
826
889
1489
889
863
1133
980
925
1292
1129
929
1092
740
936
1421
873
1089
1075
789
1208
1246
806
944
1137
795
913
1221
732
830
1181
763
1075
1073
704
1017
1213
661
1076
1362
790
1197
1395
1248
995
1268
869
1368
1233
987
934
1232
769
983
1432
797
1207
1422
659
1192
1188
734
883
1249
871
1267
1119
704
1095
1118
804
975
1174
905
936
1160
905
1158
1276
883
1095
1125
764
1243
1218
754
1213
1148
767
1007
1155
805
907
1063
787
1023
1116
744
1064
1277
725
956
1347
764
1103
1131
934
1016
1182
758
994
1291
921
1088
1241
736
985
737
934
971
812
1065
953
1152
877
957
1219
757
1036
722
738
1012
760
818
927
791
936
1140
757
897
958
785
808
891
700
708
4934
914
1153
1044
719
1014
1043
819
1202
952
830
807
968
879
1060
956
749
715
1001
670
770
1008
757
729
991
908
730
1016
803
884
984
868
956
998
785
859
1024
752
858
1170
800
767
967
1078
1028
947
863
856
983
841
1275
1414
784
854
3410
744
895
1052
755
867
1042
831
943
1070
750
748
1256
791
885
1060
837
964
1022
870
848
923
793
826
1075
764
900
1140
878
857
1039
781
814
995
848
835
982
687
779
1060
724
832
1056
735
864
1011
677
837
1078
744
818
1284
697
824
1064
885
881
987
723
812
1147
688
1313
1112
853
1010
1111
821
1356
1377
1122
815
1207
959
1076
1603
2522
880
1239
1166
1548
1393
1245
1568
1565
1157
1074
1484
1294
1219
1809
971
1415
1555
1428
1137
1692
1205
1503
1425
1028
1409
2207
1144
1712
1437
1033
1327
1569
1067
1281
1482
1112
1519
1642
1371
1207
3010
1372
1350
1490
949
1265
1439
1078
1336
1495
1338
1497
1458
1211
1479
1685
1256
3372
1618
1120
1442
1574
1211
1334
1469
1444
1613
1489
1318
1488
1503
1528
1435
1491
1205
1252
1588
1083
1222
1693
1212
1662
1312
2085
1661
1618
1204
1259
1573
1272
1405
1625
1147
1392
2932
1295
1201
1754
1327
1257
1672
1089
1250
1406
1343
1458
1833
1261
1494
2107
1389
1336
1677
1925
1207
1358
883
1051
1166
783
934
1024
708
794
1088
877
901
1081
794
888
1120
702
860
1069
815
878
1029
1068
1198
1224
840
1014
1133
770
943
1264
719
902
1181
776
921
1027
739
882
1396
706
853
1070
734
893
1152
757
909
1063
706
1016
1334
765
1047
1237
800
1417
1199
933
963
1222
688
866
1198
789
942
1179
688
1060
1065
714
961
1084
787
919
1095
648
872
17302
1116
1038
1186
725
886
1109
812
919
1111
672
1017
1160
854
983
1129
759
875
1253
762
942
1134
789
927
1146
846
909
1108
733
1131
1109
762
945
1135
730
836
1102
671
906
1642
822
940
1104
790
1174
1395
762
875
1302
793
1139
1113
719
940
1156
766
981
1299
703
922
1085
706
880
1156
763
937
1172
869
1265
1165
723
946
1208
693
891
1231
670
1187
1408
801
962
1176
699
915
1313
970
1043
1191
779
1085
1125
711
1103
1142
836
1026
1182
1866
962
1188
688
926
1231
712
1028
1192
761
906
783
792
869
683
847
1054
880
801
977
859
781
1002
677
767
1023
688
926
990
794
738
1129
779
869
1022
745
791
951
709
761
965
714
983
1062
785
851
1101
777
912
992
723
731
980
843
988
971
723
757
1009
910
917
1115
744
771
959
784
915
999
838
764
1035
810
727
999
734
751
973
814
884
967
798
765
982
711
858
1027
936
1048
1198
807
924
1011
764
702
949
707
858
1044
750
727
974
795
891
982
969
762
972
764
752
1064
753
812
990
685
765
1274
776
820
999
750
810
981
796
920
957
715
766
1156
700
926
1044
681
797
1099
740
808
1031
765
889
1009
731
859
1002
820
815
1031
670
914
995
697
847
1012
703
845
1195
804
784
1232
718
807
1017
740
825
1037
793
818
1340
953
821
1047
819
876
1108
821
832
1050
945
930
1024
831
923
1072
697
839
999
818
853
1135
823
771
1069
802
888
1123
820
891
1151
1038
985
1374
1120
1020
1215
977
907
1183
988
976
1293
947
1004
1401
6081
10021
1478
1193
1224
1645
1273
1706
1816
1265
1649
1534
1156
2574
1780
1437
1352
2499
1501
1645
1609
1360
1284
1259
1199
1258
2196
1586
1177
1629
1082
1165
1669
1035
1206
1389
2183
1572
2037
1298
1592
1525
1246
1253
1447
1538
2369
2102
1349
1363
1794
1320
1600
1456
1449
1244
1486
1394
1629
1457
1307
1222
1916
1241
1367
1821
1404
1426
5431
1488
1783
1672
1398
2731
13441
24101
30580
29726
24995
1821
1423
1417
1498
1208
1270
1627
1305
1733
1640
1194
976
1180
865
942
1158
707
922
1141
775
944
1077
725
1030
1055
696
902
1136
757
1028
1206
774
1014
1037
1076
894
1046
713
868
1048
754
811
1021
699
982
1137
850
965
1256
729
938
1224
838
921
1094
706
922
1205
776
983
1169
936
963
1248
768
964
1174
731
889
1094
845
929
1020
704
912
1185
717
862
1203
749
991
1228
678
964
1273
771
941
1172
748
943
1197
805
899
1127
826
940
1337
862
1003
1289
694
916
1080
749
953
1142
763
1155
1484
842
899
1452
997
1188
1108
750
1142
1258
821
990
1216
678
865
1240
755
1272
3088
782
913
1144
717
986
1443
757
887
1287
810
1095
1174
793
873
1202
778
988
1216
774
962
1217
714
1197
1602
777
1101
1149
941
923
1153
764
917
1107
752
992
1185
798
986
1183
750
946
1501
940
1172
1171
1036
1089
1202
864
1299
1272
700
1023
1139
697
1049
1094
792
973
1159
814
1044
682
878
1017
1166
752
987
1254
1018
944
757
813
1016
680
927
935
760
725
981
730
862
1079
780
878
1010
710
830
955
818
1089
1080
782
796
1108
812
