25887
689
1016
1104
781
1013
1320
756
987
1142
739
925
1142
763
964
1122
683
901
1126
803
1069
1079
748
1014
1306
787
1055
1061
689
1038
1194
851
976
1186
754
980
1329
700
835
980
809
1034
1124
686
988
1055
662
1292
1124
669
820
1327
652
887
978
811
893
1131
683
978
1058
831
1004
1188
712
1299
1562
919
1352
1432
1036
1338
1465
952
1347
1340
1033
1190
1402
963
1153
1353
953
1209
1468
1053
1000
1327
830
1070
1282
742
1042
1147
789
974
1253
778
1149
1142
905
1170
1247
792
999
1263
825
957
1280
770
1043
731
965
894
828
967
976
800
808
981
837
966
1175
791
763
1095
895
838
987
635
758
874
722
748
978
766
861
967
798
911
1098
864
946
1061
822
836
989
766
901
1062
726
778
904
663
842
937
775
899
1121
656
823
1123
978
837
993
924
901
1078
965
852
1010
933
959
901
842
988
1227
909
1092
937
770
1096
1023
752
879
1125
914
885
996
724
819
965
800
999
1125
874
957
1111
756
922
1042
825
1018
1026
803
955
1109
967
965
1165
907
1049
1114
908
987
1257
883
936
1109
834
1099
1132
864
898
1118
881
956
1163
835
976
1142
775
1018
1158
785
834
1360
867
988
1245
945
968
1153
820
925
1161
961
1045
1294
946
1073
1218
868
790
1172
786
1033
1072
811
916
1113
791
993
1176
865
1018
952
768
882
1155
782
1036
1085
889
940
1191
923
1018
1187
895
987
1084
782
931
986
783
760
1112
823
914
952
738
1082
1209
946
992
1087
803
876
1195
896
987
1174
965
1022
1161
894
1151
1155
759
862
1086
728
832
1049
875
931
1140
821
829
1092
1016
916
1145
774
913
1345
974
955
1262
725
976
1115
843
915
1091
785
963
1108
785
1126
1252
911
1142
1225
759
885
1203
1020
884
1148
866
1052
1106
939
1023
1229
972
956
1170
969
1132
1401
973
1151
1339
939
1163
1279
995
1183
1278
974
1173
1237
991
1093
1265
868
1057
1297
869
1061
1199
932
968
1083
972
940
1138
863
1139
1261
815
1114
1330
824
977
1062
879
1104
1258
935
1050
1370
1052
1098
1207
1016
923
1160
812
1012
1109
770
1090
1357
867
1032
1205
875
954
1155
821
1006
1210
807
1072
1171
757
1055
1109
819
1248
1251
874
1128
1318
915
944
1189
939
1134
1271
940
1369
1098
902
1099
1278
729
1111
1162
855
1113
1430
831
1364
1144
968
1075
1329
796
1116
1200
960
1087
1346
1043
1130
1322
981
954
1132
1048
1118
1295
950
1184
1331
1000
1135
1244
939
1058
1416
952
1191
1273
911
1078
1254
952
984
1175
900
1131
1268
921
1145
1325
871
1181
1242
878
1154
1366
1041
1161
1236
699
1220
1272
991
1170
1300
1662
1117
1341
897
1251
1355
1014
1168
1299
895
1039
1402
844
948
1255
971
999
1165
965
1081
1225
966
990
1245
777
957
1231
806
1094
1202
705
946
1314
815
1280
1236
746
1042
1190
984
1143
1235
828
1006
1252
897
1001
1136
840
1029
1265
912
1205
1367
895
1124
922
775
1118
1323
875
1373
1415
936
1242
1410
1065
1191
1299
829
1035
1257
888
1009
1220
790
1105
789
817
917
805
888
1141
799
885
980
879
886
1055
849
1032
1206
1013
932
972
791
743
972
880
931
963
853
834
981
989
936
1096
844
981
1155
910
1052
1200
853
981
1231
818
858
1213
874
935
1235
875
980
1128
811
958
1188
849
1053
1189
971
990
1233
1023
1013
1223
837
1047
1036
814
1055
1093
859
1077
1122
822
866
1106
863
913
1237
921
1049
1271
897
1081
1284
953
1038
1179
976
1026
1299
1020
1158
1119
864
958
1188
1047
993
1324
853
1103
1251
962
1151
1253
942
865
1105
999
952
1361
1026
1153
1345
1033
1121
1316
1034
1124
1363
1005
1060
1189
854
988
1165
904
963
1152
895
1197
1212
858
1192
1265
1080
968
1064
836
1110
1070
1032
906
1055
1007
957
1147
892
1052
1173
951
1028
1216
906
1016
1248
739
992
1259
729
874
1235
916
1025
1251
816
893
1138
928
1092
1190
844
1072
1230
907
1071
1202
900
1101
1265
1099
1123
1282
873
1071
1232
912
1074
1222
921
1054
1181
992
974
1287
912
1138
1248
1001
1201
1198
806
876
1127
853
983
1131
920
1050
1308
962
1082
1271
948
1102
1251
965
1108
1215
869
1112
1231
908
983
1222
883
1120
1280
834
1023
1120
813
964
1249
811
958
1130
821
974
1152
795
907
1017
844
1062
1144
746
952
1194
815
1045
1121
680
1103
1125
830
838
1278
907
957
1157
851
937
1216
909
1112
1159
764
1009
1188
957
1073
1312
931
1118
1292
996
1128
1356
993
1095
1232
817
1029
1288
845
1066
1366
969
1071
1214
856
1059
1215
785
1176
1228
871
1055
1317
875
1044
1391
755
1163
1204
854
974
1229
1003
1220
1362
867
1143
1436
854
1175
1344
1013
1117
1346
901
1114
1314
1024
1101
1324
974
1138
1356
944
1315
1311
965
1097
1299
914
1086
1476
863
1285
1381
978
1228
1266
799
1308
1439
1020
1154
1364
942
1205
1178
994
1025
1295
972
1271
1221
795
1102
1137
926
1254
1375
990
1150
1301
895
1188
1334
986
1195
1416
956
1205
1320
952
1078
1177
747
1011
1680
817
1174
1283
964
1117
1388
1007
1233
1265
839
1200
1236
788
1057
1404
752
1194
1271
741
954
1303
941
1088
1187
870
1047
1368
945
1092
1248
1006
1154
1362
1025
1139
1370
955
1200
1303
978
1242
1420
924
1178
1336
1079
1132
1319
872
1162
1272
1058
1023
1219
912
1065
1109
954
1017
1147
902
1178
1242
848
1102
1225
742
1092
857
845
1232
1245
893
1056
874
785
987
749
850
951
1166
704
1045
895
971
1022
860
908
1033
860
907
1111
806
900
1119
868
973
997
727
980
986
968
756
961
744
860
1157
881
764
1000
999
972
1124
858
1015
1019
1099
731
1082
771
991
1199
860
825
1214
964
1084
1183
986
946
1215
972
773
1021
781
876
1089
761
911
926
815
1460
1152
972
856
1056
773
780
1048
752
808
1019
790
914
1062
969
872
1099
759
901
1083
884
1031
1087
877
1001
1088
817
968
1051
879
1042
1116
828
996
1112
839
945
1205
904
1063
1149
909
938
1203
933
998
1164
868
847
1101
941
984
1092
923
877
1057
921
1029
1159
949
978
1324
896
1053
1180
930
993
1090
945
847
1028
712
875
999
882
1022
1060
712
779
1167
770
1025
1137
972
1165
1220
849
1079
1214
859
937
1135
862
967
1169
807
946
1133
803
1017
1263
882
957
1009
690
817
934
663
827
1051
749
792
987
734
829
976
690
828
1088
650
843
1008
730
903
1036
706
840
862
627
800
1031
753
886
987
721
952
1088
875
843
1102
727
842
977
800
717
976
824
841
944
683
850
1050
855
976
992
657
804
942
576
842
1034
821
935
1166
655
956
1182
849
845
1211
912
808
1094
736
819
1056
778
820
988
678
942
994
656
846
1004
684
881
1000
660
845
991
663
785
1035
678
1031
1239
666
831
1134
754
919
1056
1127
799
1078
698
886
1047
658
813
994
642
816
1176
858
878
1092
771
1040
1163
807
1016
1174
877
1069
1169
825
986
1186
826
877
1117
823
1028
1188
824
848
1030
658
782
965
679
749
946
583
765
1061
693
888
1120
737
903
992
926
1133
1228
697
974
1163
690
1013
963
562
764
1085
672
747
968
652
874
1019
688
835
991
520
953
1018
631
798
1054
543
835
1034
650
945
1081
633
875
1091
729
951
1189
723
1008
1161
741
850
984
670
802
983
609
750
1017
702
925
1075
735
877
1134
704
927
1108
762
1033
1136
689
932
1110
682
899
1035
695
890
1086
912
911
1161
885
1243
1074
650
796
1056
628
922
1127
689
988
1173
710
897
1220
901
896
1183
686
835
1096
692
915
1121
694
1042
1171
810
1020
1249
970
941
1113
662
951
1131
787
959
1161
750
942
1235
828
933
1074
803
947
1210
738
962
1084
744
848
1119
698
924
1125
610
892
1019
567
802
1087
725
955
1132
801
1049
1089
750
1077
751
700
938
728
787
825
830
791
910
720
736
956
719
689
988
796
807
1034
697
742
906
671
605
1014
958
755
1040
786
839
949
939
743
944
661
1058
972
776
680
859
713
774
924
791
750
946
708
711
954
668
747
931
760
660
926
779
787
957
911
942
1048
905
887
1022
904
809
993
708
717
870
690
820
976
662
709
1113
696
735
910
734
728
1056
824
888
1039
846
954
945
676
720
1002
733
754
964
700
804
972
741
846
984
729
869
893
687
878
1030
742
745
857
727
793
1012
681
884
1182
956
900
881
634
671
895
566
740
922
594
914
976
779
873
1087
801
899
999
771
893
1011
677
831
1037
722
919
1056
675
836
884
772
819
1148
857
1367
1147
893
895
1091
923
887
1007
655
798
1036
763
902
973
660
833
1210
691
703
1103
913
1078
1282
967
967
1185
978
939
1178
898
920
1263
967
939
1007
682
991
1244
988
932
1086
807
982
956
776
867
1095
745
810
984
826
804
1052
860
950
879
708
723
891
641
688
1042
892
817
985
654
872
1076
863
893
1088
724
1153
1133
855
948
1098
613
870
1163
742
913
1352
876
997
1032
811
1018
1083
862
1009
1248
940
986
1129
930
1064
1212
878
1011
1244
916
946
1256
806
955
1162
916
1011
1253
850
953
1203
804
920
1139
867
1020
1175
813
1062
1180
936
908
1217
800
1007
1206
1019
1051
1237
812
887
1031
666
870
1001
929
1087
1057
828
909
1146
795
895
1171
811
875
1204
824
900
1131
837
883
1088
802
1051
1117
809
903
1172
782
917
1251
922
1053
1245
752
909
1042
808
896
1181
936
1103
1192
833
921
1164
823
1075
1182
802
1130
1303
1000
1121
1283
934
1089
1173
911
857
1228
801
870
1233
756
1006
1166
820
896
1138
747
954
1148
812
1037
1233
904
999
1188
826
1167
1185
818
1071
1370
816
1125
1283
894
1246
1180
759
1082
1252
709
1126
1093
823
894
1271
774
1043
1175
926
1211
1221
934
1059
1169
768
1032
1158
784
965
1146
719
1005
1197
722
1109
1290
802
1046
1087
869
969
1190
854
1104
1255
758
963
1323
940
1189
1321
910
993
1226
757
1079
1617
891
1120
1320
832
1059
1176
812
973
1251
918
1229
1425
865
975
1138
757
1130
1216
866
1052
1288
943
1128
1174
775
946
1187
754
970
1101
832
1212
1387
960
895
1261
862
1060
816
849
1099
1259
860
1065
1383
958
1033
1041
965
1123
912
871
1093
885
837
1092
801
842
1005
849
1058
1191
974
926
1070
692
756
1118
714
731
1062
1022
1095
934
869
778
1183
973
973
1047
940
995
1244
1046
971
1119
964
961
1140
708
830
1259
729
958
1143
927
920
1079
717
777
1139
974
960
1175
958
1016
1187
1024
1066
1327
1062
1004
1148
864
791
1076
937
1008
1199
949
1099
1176
988
962
1212
969
1033
1307
990
971
1302
860
986
1122
867
938
1167
867
932
1188
867
865
1043
797
1058
1154
821
939
1079
793
905
1093
901
891
1085
720
960
1069
792
890
1027
815
1111
1208
1064
856
1109
851
1051
1193
950
946
1208
784
1064
1089
741
1059
1160
673
884
1061
820
976
1075
963
985
1115
841
927
1107
841
1110
1270
942
1091
1260
953
1141
1227
1002
1048
1568
1031
886
1294
955
978
1234
933
1040
1152
954
1046
1110
848
929
1086
758
879
1072
546
1003
1084
785
872
1085
765
834
1144
949
1117
1293
958
1033
1288
921
1063
1235
805
1077
1262
994
926
1224
850
1100
1291
868
1109
1257
938
1144
1350
1026
1226
1308
972
1089
1193
943
941
1290
839
1046
1318
987
1068
1203
911
1074
1228
969
1078
1195
953
907
1220
970
1024
1252
976
1137
1272
944
1022
1182
930
1082
1147
878
992
1263
829
990
1006
895
912
1145
717
946
988
952
974
1196
725
1143
1271
842
913
1167
793
1079
1284
925
992
1264
992
988
1055
1011
1102
1269
876
949
1063
728
905
1218
973
1078
1258
975
902
1186
828
1236
1206
803
1124
1338
939
1165
1166
872
1014
1254
976
1040
1186
838
1129
1261
938
1151
1249
945
1110
1173
921
1081
1238
968
1082
1159
971
1214
1321
889
1078
1185
768
1088
1252
959
897
1129
974
1078
1162
891
910
1212
928
1063
1298
930
1113
1212
869
1064
1181
860
1138
1267
788
1162
1274
865
1019
1318
866
1122
1271
860
1079
1288
823
1005
1192
920
990
1449
850
1153
1324
1069
1064
1286
905
1149
1291
918
995
1335
958
1089
1297
981
1174
1360
895
1175
1189
968
1011
1264
902
1186
1199
968
1074
1323
834
1093
1326
822
1104
1331
767
1119
1417
875
1085
1115
1054
1112
1358
1019
1149
1247
747
1153
1350
925
1153
1370
997
1105
1216
939
1070
1310
938
1132
1164
979
1057
1187
983
1126
1292
1055
1148
1295
870
1099
1209
997
1023
1240
914
1101
1130
717
1083
1226
807
1076
784
769
1051
832
878
1195
847
763
1014
911
782
962
859
1051
1136
712
877
1042
1011
797
961
996
1012
1118
877
810
1339
736
855
967
752
642
930
698
758
901
970
759
892
714
733
967
766
1502
984
752
651
1109
809
727
863
774
765
1041
875
837
1231
737
760
1031
715
755
905
772
819
950
950
710
898
854
668
1137
989
859
900
800
833
939
770
721
803
719
793
921
844
874
901
692
744
1557
849
670
942
705
819
990
797
818
1004
804
809
957
655
802
1245
826
817
918
742
724
945
665
712
838
892
668
1033
654
754
953
748
929
939
809
789
1021
684
858
952
666
713
1002
846
860
1052
661
698
950
736
736
935
624
727
948
675
988
898
578
938
943
708
680
931
648
908
997
630
940
1065
741
813
1037
787
919
1005
588
752
859
632
758
828
612
645
918
793
815
1011
747
768
1116
815
891
1186
827
1031
1226
913
985
1359
710
782
1002
731
969
1268
566
942
1012
770
820
1091
743
862
947
764
898
1041
699
894
1011
838
893
1048
737
958
1031
755
824
1039
730
925
997
832
1072
1213
688
725
979
681
707
979
662
898
956
715
826
1030
720
831
993
683
745
1031
713
854
1032
723
826
1087
703
1048
1213
923
976
1103
710
843
1074
725
821
978
604
823
1046
638
678
1015
701
847
1092
837
993
1245
652
947
998
694
853
1155
625
829
910
588
747
1155
714
744
995
722
890
1060
676
811
1062
594
881
908
652
860
1083
677
791
1019
793
1020
1142
638
802
1131
716
808
1094
667
811
1250
782
944
1085
790
982
1153
820
1023
1096
701
873
1030
709
919
1115
631
805
1109
669
884
1047
638
849
1299
821
825
1103
669
848
1119
642
838
1022
788
887
1104
622
872
1022
729
727
1059
722
916
1117
631
903
1204
935
1072
1095
669
941
1094
609
841
1256
827
992
1152
679
932
1216
572
867
1052
593
978
1086
791
846
1104
638
950
1048
626
856
1084
681
953
1086
749
862
1030
649
944
1083
800
908
1204
605
823
1174
675
868
1072
606
1085
1058
764
820
1080
703
1136
1235
831
862
1057
714
855
1041
726
784
983
585
991
1133
740
999
1344
653
995
1211
725
947
1169
765
862
1190
728
959
1097
823
857
1195
753
896
1109
669
900
1206
741
1035
1190
768
894
1105
720
1195
1263
932
1077
937
762
979
1097
690
937
660
703
939
784
783
1043
747
719
1000
804
793
858
729
703
974
690
789
972
747
790
1027
746
979
1013
853
818
1027
761
746
1035
822
794
1082
763
698
942
707
663
854
727
566
940
599
716
874
857
815
939
682
647
1012
717
637
930
723
913
942
694
791
898
648
839
1039
714
768
939
782
705
875
870
775
830
735
795
951
770
786
875
596
762
968
880
786
1000
598
638
912
735
721
928
662
806
820
646
714
897
665
795
921
877
906
864
660
807
958
637
748
908
681
895
968
631
719
881
718
881
973
652
842
1027
846
829
1153
730
737
1057
919
916
1155
712
967
1096
766
846
941
761
869
1025
728
925
1035
713
824
1037
798
722
981
675
815
968
791
699
966
800
886
1066
700
741
975
779
793
1030
821
820
1018
733
879
1032
703
781
1095
707
776
1058
725
845
1046
721
776
949
843
946
969
622
758
950
825
928
1007
511
1053
1223
664
743
973
834
913
994
617
813
913
758
887
927
653
811
962
670
777
997
795
941
1176
856
887
1133
803
905
1140
695
787
1061
914
822
1118
744
867
971
727
903
1071
677
783
1001
588
774
989
675
831
960
739
896
1076
721
874
1509
586
695
993
630
862
974
665
845
983
660
715
914
620
807
929
552
788
941
583
911
979
735
685
930
531
686
954
523
706
909
642
841
988
511
682
886
561
890
1192
884
884
1055
836
700
1043
765
984
1144
777
933
1080
594
850
1123
659
868
1072
643
768
1059
609
781
999
652
868
1040
668
772
929
646
861
942
560
787
1026
716
863
1027
690
750
1021
554
831
1024
836
866
1032
671
736
964
657
876
1079
557
856
1055
738
855
1091
628
835
1079
681
735
1064
673
980
881
623
846
1140
675
776
952
532
806
1087
710
905
1080
617
843
1029
739
802
1198
776
966
1147
706
1061
1160
691
900
974
758
1034
1104
683
1033
1166
593
801
1013
663
999
1061
525
786
1127
876
909
1007
671
795
1121
711
960
1085
693
792
1050
778
938
1265
699
836
1035
635
912
1076
691
1011
1184
771
1149
1128
683
864
1060
655
816
1177
648
953
1134
618
872
1018
598
814
1087
607
948
1283
718
994
1072
715
977
1045
685
1267
1110
866
1062
1144
748
938
1093
802
1004
1218
671
1042
1128
718
801
1142
841
977
1212
823
1026
1220
854
1059
1122
717
1017
1253
724
1013
739
836
1032
657
672
888
754
702
949
745
797
1051
867
844
1037
720
854
919
658
644
983
826
677
937
848
708
944
781
844
992
1170
817
987
862
703
963
841
989
1112
964
870
982
876
730
1023
856
790
885
662
714
845
705
657
1062
759
847
967
719
736
1055
657
772
976
736
756
948
706
742
876
686
763
983
591
847
878
701
818
977
676
759
974
744
865
933
763
755
923
691
736
1071
926
981
1074
675
871
1015
678
725
857
637
766
959
678
709
972
618
786
864
715
919
969
734
851
1037
610
753
1174
878
921
1067
876
849
1178
727
879
1048
666
865
1080
804
866
1058
854
767
1079
785
839
990
549
973
931
705
785
970
739
969
1106
772
955
1104
808
986
1167
820
942
918
603
789
885
729
751
1004
686
807
911
649
830
1018
688
842
993
701
809
968
620
984
1157
806
773
996
719
800
945
752
768
978
760
821
981
758
820
1024
728
883
1079
661
773
981
701
743
931
703
833
977
766
864
1000
673
797
978
694
805
929
1262
788
1027
703
859
959
672
792
915
739
901
1100
769
877
1051
650
756
891
757
823
1081
803
765
1002
719
809
964
546
827
1097
760
893
1033
783
734
1060
729
862
1012
626
803
1062
808
884
946
679
838
932
763
736
1040
700
807
984
642
1002
1171
897
994
1140
874
958
1115
861
891
1211
774
973
1090
642
871
974
778
915
1094
693
920
1129
791
942
1188
785
936
1047
767
836
1096
669
819
918
592
812
1050
695
783
986
717
842
1025
754
825
1051
705
845
1017
706
825
1043
710
995
1124
781
967
1136
739
877
1086
711
886
1063
764
896
1234
761
940
1167
725
906
1151
784
954
1216
964
1045
1231
826
984
1235
705
914
1040
687
816
1030
702
978
1053
685
848
1086
714
938
1087
695
911
1057
657
797
1001
643
829
1132
643
812
1033
602
790
1006
581
941
1096
695
861
1103
660
854
1019
567
786
967
629
858
1010
633
788
1014
580
753
1181
706
919
1043
770
910
1303
819
1074
1453
919
1201
1181
681
1134
1828
655
943
1103
700
1086
1249
792
952
1114
684
914
1067
761
1049
1339
710
1085
1303
929
1074
1085
752
828
1002
637
941
713
729
1006
1142
681
929
1210
631
997
1030
761
971
1127
711
983
676
714
821
756
761
1019
654
781
896
626
674
873
539
760
920
789
908
1006
772
752
965
648
664
930
680
736
943
641
823
981
699
766
870
834
711
922
785
706
1075
760
803
832
630
620
993
746
769
885
720
877
1067
782
805
971
696
754
956
701
632
795
665
647
932
736
982
773
794
1026
1111
873
911
858
677
796
1012
774
905
993
823
728
943
737
619
847
570
608
1002
773
889
964
795
781
1024
633
836
1071
720
742
946
784
1109
1083
703
989
893
731
729
1023
887
1057
1043
743
636
870
555
879
938
630
701
818
591
814
877
692
617
889
641
700
916
611
679
877
751
823
879
563
656
852
566
883
977
731
775
995
633
863
1037
683
741
908
603
864
904
755
807
983
676
781
926
642
790
1100
745
868
981
636
680
953
584
759
921
616
852
988
921
758
964
655
713
973
600
739
948
728
927
1183
709
982
1037
871
947
1057
886
814
1042
689
801
898
707
844
1006
691
787
1103
624
916
1073
867
787
1145
818
889
1072
817
824
1141
721
888
1073
773
888
1101
820
950
951
821
855
1021
811
834
1131
674
883
1040
627
830
864
665
832
1017
667
851
947
629
868
1069
649
872
961
652
722
1038
694
882
1083
569
760
921
692
844
969
692
800
972
656
744
893
613
836
974
747
762
959
685
693
862
665
777
1064
744
770
1133
768
850
1173
705
756
1021
704
720
897
620
939
1154
624
851
1186
851
1053
1207
868
1069
1120
827
989
960
647
1122
1294
618
756
977
515
801
1088
696
786
1086
660
982
984
607
861
1048
952
897
916
811
935
1117
685
844
1023
746
873
1049
662
918
1079
743
815
1037
680
764
1032
836
882
1068
727
796
991
734
792
1040
701
819
960
712
851
1091
619
843
1008
700
768
1045
676
857
1035
693
857
1048
688
863
1034
715
798
1157
713
951
1019
746
813
1078
668
932
1072
935
1132
1224
872
1050
1045
701
825
1290
907
1050
1257
668
897
1054
615
851
988
639
758
1083
585
757
973
700
754
979
784
943
1040
624
888
1097
612
782
997
658
878
1071
780
1036
1227
727
1018
1191
746
890
1081
1703
868
1073
674
997
999
691
820
1028
584
903
1038
782
1051
1232
720
958
1164
913
1142
1276
762
917
1065
664
1163
1303
935
874
1175
736
836
799
731
894
758
754
964
744
712
962
745
717
906
713
746
932
702
712
930
588
750
871
759
795
905
678
627
904
837
845
993
839
851
1009
953
865
927
612
902
977
730
839
913
599
714
916
576
921
956
711
724
942
703
680
912
559
622
854
632
664
841
684
730
830
601
649
857
591
641
864
569
792
1021
726
817
1011
682
744
946
677
864
983
668
688
972
648
1026
1023
642
663
855
627
726
850
573
639
798
546
631
719
563
969
1043
728
992
1078
767
917
1147
706
791
992
872
762
978
626
980
985
712
734
938
881
801
998
605
784
998
679
768
936
791
756
1162
778
891
1083
778
820
1136
846
876
1105
712
892
1069
770
767
1041
692
830
1017
799
922
1121
833
892
1120
647
940
963
796
819
1072
594
811
1051
627
846
994
619
772
944
785
902
1009
766
826
1037
708
823
1007
654
872
1050
725
746
918
704
945
955
736
700
1062
820
847
1019
590
944
997
687
784
990
795
684
880
645
835
1081
945
1093
1184
882
992
1069
940
968
1077
709
945
1114
892
1126
1302
857
799
1066
755
913
947
769
1002
1145
873
797
1052
645
772
1082
877
1013
933
742
846
963
565
827
856
665
935
1096
669
919
1015
519
817
975
628
967
997
631
800
1002
788
1024
1175
681
903
1182
796
974
1185
785
1001
1354
847
939
1113
757
952
1206
792
917
1139
863
1066
1170
744
858
991
661
783
948
692
774
1170
689
864
1096
826
913
1025
731
957
1107
1482
991
1270
967
1114
1174
837
981
1356
814
1032
1263
839
1102
1370
689
1082
1320
971
1203
1361
1022
956
1252
920
1124
1204
832
1049
1229
914
1058
1101
809
944
1147
686
939
1412
885
1008
1450
1114
1243
1377
977
1219
1392
939
1149
1306
909
1168
1411
759
1252
1273
825
1054
1222
873
1087
1196
802
1097
1269
997
1137
1400
753
1003
1199
1003
980
1228
1051
1203
1316
975
1204
1366
959
1196
1252
742
1236
1214
808
1082
1183
866
1098
1345
829
986
1168
853
1101
1346
933
1140
1307
830
1183
1260
1002
959
1340
1078
1038
1392
920
1199
1409
900
1053
1116
932
1184
1197
865
984
1160
913
1118
1278
912
1025
1167
913
1127
1312
940
1252
1308
950
1146
1311
929
1119
1304
963
1055
1325
935
1046
1308
1044
1167
1302
821
1115
1360
827
1059
781
837
1073
946
1073
1255
948
965
1293
979
983
1209
1050
1033
1164
924
996
1282
927
889
905
824
857
1096
859
1059
1123
822
1065
1166
1015
1045
1204
950
1071
1066
801
935
1172
962
995
1061
730
938
1163
837
862
1277
901
1034
1050
839
1045
1203
908
743
1339
798
797
1193
979
904
1277
1049
979
1101
983
956
1080
956
949
1196
869
1071
1220
1000
1020
1292
911
1029
1152
970
999
1265
1056
1023
1116
959
956
1233
996
990
1185
1020
1058
1152
871
1126
1261
981
1045
1079
908
957
1136
832
1098
1136
878
1081
1103
915
922
1197
846
894
1071
792
959
1464
761
827
1169
847
1050
1223
873
946
1188
905
977
1136
797
989
1058
802
972
1067
854
1073
1251
837
869
1098
591
686
844
609
713
865
562
809
1026
732
732
909
560
616
856
504
735
905
602
831
908
739
779
952
657
725
1036
845
927
984
658
788
973
693
753
955
634
805
1105
763
834
918
651
762
1119
862
1190
896
788
921
895
754
756
891
569
679
825
576
862
1107
692
674
819
494
707
814
565
868
992
651
698
819
679
801
903
621
694
940
696
780
1029
587
945
1150
834
877
988
628
746
1030
709
796
980
731
942
968
635
816
990
697
780
1024
667
836
1049
678
820
1063
657
888
996
645
776
919
700
794
1046
686
894
1047
634
755
977
636
792
978
802
833
1130
719
881
1061
606
930
1064
681
930
1013
606
846
1143
658
856
1097
674
808
947
585
736
1078
586
754
992
673
931
1073
707
845
1186
774
858
1039
735
871
1079
643
835
998
748
881
950
705
837
1140
876
899
1215
631
1716
1216
784
1016
1176
745
996
1120
818
958
1094
701
925
1067
659
953
1155
789
858
1046
893
1044
1229
835
1005
1199
804
1019
1152
710
944
1272
864
972
1206
801
980
1251
774
953
1164
748
1048
1170
828
936
1177
789
931
1068
751
780
1098
640
890
1040
795
820
1096
683
871
1086
979
860
971
681
823
989
688
842
1056
764
883
1089
712
966
1110
728
936
1096
640
893
1239
695
873
1106
706
919
1182
698
974
1097
747
1055
1008
720
908
1118
715
894
1056
737
928
1100
720
770
1253
794
815
1244
783
829
1087
581
850
1128
710
866
1102
653
1025
1063
903
1011
1037
733
855
1007
735
778
1128
649
1007
1165
686
861
730
619
836
611
861
1057
876
768
887
794
876
1025
676
690
894
703
872
931
747
731
1196
773
770
764
644
667
1054
848
726
869
843
884
946
686
667
903
825
758
1004
911
841
919
618
800
1037
816
804
1022
666
697
1129
788
830
1075
801
795
1056
787
830
1016
789
821
967
879
790
926
812
955
1211
920
966
1205
985
971
1175
984
985
1820
986
920
1153
748
700
870
601
798
1010
735
891
1043
709
817
962
650
733
937
755
731
959
628
723
925
670
672
905
713
865
1055
754
903
1071
739
848
998
733
739
1067
638
768
954
746
760
959
812
962
970
579
625
1135
912
868
994
839
877
840
707
923
797
682
760
911
597
709
951
641
755
1096
681
772
1146
1041
840
1086
776
920
1053
859
1052
1197
824
900
1183
915
919
1126
824
915
1052
892
935
1075
869
882
1108
815
896
1157
835
954
1090
816
928
1067
813
892
1159
941
868
1057
887
951
1131
893
918
1077
813
947
1088
870
858
1030
812
901
927
797
844
995
692
947
921
953
814
1197
662
826
1062
824
939
1017
914
909
966
612
759
980
663
864
879
581
726
946
625
815
1010
580
734
1065
643
808
1004
836
920
1124
707
840
998
737
793
1016
832
854
1034
924
840
1018
711
775
1028
593
739
927
584
767
929
630
824
945
527
893
1111
691
936
987
646
811
1139
936
892
985
866
924
1106
779
1187
1116
828
1020
1179
779
960
1112
871
912
1099
836
891
1126
956
914
1103
876
1000
1208
902
1021
1187
769
936
1194
796
910
1109
739
919
1105
825
968
1111
828
962
1155
841
1001
1188
840
1028
1169
814
1065
1038
916
922
1202
723
915
1062
777
993
1155
764
830
1201
669
920
1129
732
1125
1308
866
933
1269
885
1095
1112
850
972
1121
749
922
1087
851
1018
1160
1022
1038
1069
744
823
960
823
1303
1042
752
1000
1193
657
894
1039
639
827
1053
669
971
1055
608
861
1310
718
889
1127
677
877
1211
693
1042
1077
639
860
1033
656
810
1074
766
957
1071
533
803
1020
551
721
918
547
857
1107
795
918
1052
890
995
1031
676
888
1037
605
886
1212
829
864
1127
586
825
1003
608
1006
1327
664
911
1127
876
977
1329
938
1063
1060
872
862
1228
981
1109
1207
816
1025
1392
731
914
1130
685
849
1021
723
1082
1097
644
876
1088
720
922
1093
718
907
1206
870
1084
1193
884
925
1259
875
1106
1186
787
895
1115
675
1037
1223
683
934
658
930
850
913
878
1158
718
774
921
902
878
1026
731
647
1089
700
734
915
772
717
963
765
831
1280
847
871
984
657
821
1071
920
699
941
810
616
834
841
812
1009
811
692
918
651
717
901
663
699
952
671
745
938
716
739
937
748
818
868
591
730
1076
721
723
856
727
835
1032
648
827
859
846
742
945
664
733
956
628
763
985
666
916
1032
656
803
940
700
839
1004
749
832
1158
743
831
820
751
840
872
796
712
1008
828
705
991
611
716
931
586
699
962
608
796
987
688
827
915
570
747
965
626
745
1030
735
942
1054
719
717
946
600
746
1028
623
678
887
672
707
984
661
738
934
732
809
1003
657
853
1020
616
780
1017
641
775
982
612
806
947
534
646
1145
676
861
980
725
758
927
580
625
1095
620
722
931
558
846
970
615
759
859
653
739
1031
702
666
986
655
873
1075
790
976
1117
785
899
1083
825
843
1051
801
899
1050
704
830
1034
709
823
965
745
845
986
671
739
933
687
824
1065
638
812
925
793
807
936
763
976
1101
856
836
1013
725
828
1161
845
989
1052
806
997
956
660
727
1044
658
789
923
710
870
1083
692
1161
947
579
809
961
631
760
903
748
998
934
559
871
1017
648
846
950
701
777
981
599
918
1159
837
905
1244
851
1002
1159
846
979
1178
791
847
968
753
837
994
763
969
1070
702
939
1194
815
985
1139
800
982
1225
923
974
1019
719
771
1076
655
939
1012
682
952
1135
778
978
1105
847
1073
1072
943
1083
1267
730
1060
1134
805
928
1183
767
1006
1120
804
945
1149
714
837
1018
754
882
1092
689
956
1051
827
842
1051
535
999
1119
698
868
1025
622
843
972
623
896
1064
627
797
1216
565
678
914
606
845
1039
582
860
1028
553
751
1086
576
880
1048
755
936
1133
817
925
1122
623
906
1107
628
880
1071
700
858
1080
653
867
1183
660
787
984
773
1003
1157
746
981
1244
771
1041
1190
608
903
979
776
916
1093
687
905
1122
887
1060
1135
764
910
1258
767
1050
1088
733
1033
4742
885
904
1112
760
947
1138
614
827
1161
876
970
1185
861
1181
1156
920
909
1096
665
1110
1193
807
970
1200
728
978
1067
747
1022
1100
817
1131
1325
788
1576
1137
825
1081
1177
736
949
1075
723
939
1170
718
1005
1146
708
1079
1185
784
1023
745
776
924
694
782
960
814
807
994
725
787
910
783
845
1038
846
816
1065
880
822
998
891
830
1090
836
829
1015
785
747
961
700
789
995
783
767
996
764
755
959
679
739
985
749
853
900
671
671
961
862
785
1039
768
756
900
688
772
871
677
720
1005
734
798
995
723
821
915
718
792
951
852
766
1067
642
763
961
626
779
1030
593
902
1050
809
922
899
699
695
1252
798
864
1025
699
746
1033
840
875
976
811
795
949
725
790
943
662
779
910
950
633
882
743
718
1046
760
706
1066
600
728
904
909
944
964
635
649
902
623
800
888
805
947
1081
724
876
900
570
702
877
617
783
1061
840
836
1048
762
725
1107
846
784
1042
708
835
997
727
838
1081
625
856
1002
745
680
1082
774
981
889
921
926
889
816
821
866
1023
858
1086
909
756
933
648
779
1088
688
766
976
702
864
987
583
829
1091
683
740
945
515
719
948
629
669
895
524
806
953
548
833
1004
623
699
905
652
708
1265
897
972
1222
967
1043
1205
940
988
1121
771
1042
1178
818
825
1081
759
944
1076
669
958
1256
688
754
1116
722
936
1132
674
794
1062
665
768
1003
703
778
996
663
798
980
585
850
973
625
872
989
647
798
1037
565
891
915
656
839
1020
632
894
1011
651
844
947
758
706
919
609
789
1133
696
792
987
706
935
1133
638
798
1169
580
705
1041
626
957
1102
555
807
1070
723
920
1151
792
861
1181
856
869
1187
722
849
993
613
774
1047
758
854
1039
840
930
1033
651
827
1011
737
945
1086
630
924
1058
586
693
1120
590
840
1009
1085
821
975
698
821
1024
557
780
964
642
842
1152
691
918
1040
653
818
1161
767
918
1173
759
960
1160
699
975
1101
715
893
1275
877
1003
1219
836
1068
1181
771
893
1098
704
975
1162
686
924
1088
760
879
1021
623
847
1046
653
889
1103
674
820
1090
673
843
1079
718
1349
1108
721
881
1198
811
915
1059
709
977
1103
784
1019
1134
739
1007
1209
709
913
1105
751
917
1149
630
893
1121
648
1006
1395
868
1117
1273
895
1105
1363
835
1013
1303
756
1051
1235
936
1127
1328
922
1129
1240
850
981
1225
853
1095
1295
864
911
724
819
769
1115
687
929
1113
875
938
1259
748
942
753
766
1033
744
727
1012
784
783
949
768
787
1076
728
829
949
844
869
830
836
672
951
567
757
1043
630
802
1041
966
810
1171
935
923
1031
755
757
915
898
935
1049
810
764
822
863
750
983
767
789
1020
801
773
1016
943
936
1006
759
727
936
792
843
951
668
767
948
653
549
909
635
646
920
684
655
960
684
889
968
769
848
929
850
819
962
711
770
1029
717
836
993
662
967
1101
655
880
1171
750
732
923
759
762
1030
759
750
917
616
722
963
708
892
941
650
829
969
759
802
920
682
625
925
895
781
910
686
731
878
665
712
903
710
748
902
703
692
1084
700
705
901
627
887
976
707
857
1076
805
791
1122
855
826
1018
825
871
1088
600
819
1028
732
784
951
784
967
1113
762
770
1067
702
804
917
822
875
1029
675
740
1004
732
838
961
716
930
1030
792
817
1029
732
868
1118
806
822
1035
774
988
1035
679
796
1016
816
748
1081
797
1105
1174
723
938
1009
665
843
1001
703
738
978
859
770
1051
719
714
889
571
636
903
699
835
1052
613
868
1017
770
731
958
745
876
1127
624
744
1014
628
690
983
742
775
961
590
925
927
548
747
902
577
751
946
599
748
1081
571
661
1028
669
890
1035
783
951
945
775
828
986
689
812
1073
588
705
1186
657
881
1045
733
891
1113
836
909
1060
657
896
1323
690
829
1047
682
930
1083
751
879
1126
751
967
1048
771
965
1120
647
903
1094
885
989
1229
763
878
1037
640
942
979
725
835
1127
583
768
1006
632
932
1156
636
862
1009
682
1084
1079
740
953
1076
659
817
1120
725
861
1918
593
854
1000
639
702
879
706
770
829
619
758
939
614
749
1095
670
840
948
658
811
1020
552
792
1112
702
874
991
559
911
1113
684
881
1076
678
815
1014
644
763
1064
711
865
1096
740
974
1018
811
924
1076
588
901
1085
701
821
1108
660
812
1190
712
886
991
557
832
970
705
847
958
673
965
1102
586
780
1006
544
910
1117
662
869
1057
658
884
1571
898
969
1066
682
860
1178
736
901
1218
613
986
1037
690
885
996
827
998
972
681
933
1124
652
1014
1069
643
941
1024
700
1021
1192
727
795
1112
653
1009
1138
663
919
1133
639
899
1056
547
775
1058
701
862
1055
705
856
1024
672
891
1095
693
1080
1138
732
832
1062
1147
841
716
736
904
760
790
862
668
723
922
877
676
977
662
755
910
745
739
771
642
698
893
695
715
1006
645
747
991
716
720
973
769
740
954
799
734
947
709
685
886
778
814
1103
719
783
967
699
756
980
683
822
919
696
799
1000
784
775
1008
742
781
1454
680
730
937
756
760
944
893
736
913
727
788
915
867
900
896
640
710
868
762
778
961
700
826
926
696
759
881
582
626
938
758
788
1012
823
966
1077
821
732
877
840
975
1107
762
963
1069
894
1044
1012
743
925
1031
803
969
1123
844
669
941
670
644
953
749
720
944
619
1011
1076
655
649
960
674
734
935
699
715
952
810
794
1046
686
699
1538
684
673
954
714
674
923
546
728
879
637
770
929
691
821
994
649
697
933
653
759
899
565
623
843
633
928
1166
721
784
1016
690
931
1022
763
688
941
592
728
948
556
878
898
624
934
1017
661
671
919
753
801
886
693
741
875
715
752
839
559
714
918
538
722
879
613
728
883
631
745
933
570
800
967
613
803
971
639
801
938
605
745
937
667
773
1001
723
799
1023
624
792
1018
702
815
986
700
833
956
671
881
1007
618
722
1005
617
921
1147
817
862
1101
720
915
898
594
966
1049
850
845
932
710
825
1090
653
804
1057
741
874
1031
732
827
1015
754
858
1087
727
1060
1134
718
910
1083
671
845
943
845
1038
1166
836
834
1135
720
918
1089
715
942
1171
756
896
1071
781
854
1142
715
930
1214
763
875
1050
648
811
1134
543
700
1025
636
781
1155
665
882
1100
621
889
1125
706
793
990
669
830
1025
688
722
1068
527
767
978
664
963
983
580
762
1048
659
810
976
606
813
1140
680
814
1044
591
953
1060
728
737
1071
801
910
1058
679
847
1072
600
994
1118
688
953
1071
548
688
904
568
950
981
715
798
1056
767
750
1052
674
885
1048
670
892
1094
658
874
1060
647
874
1074
571
809
1201
866
1087
1097
546
1011
1095
692
855
1101
754
986
1240
926
1052
1295
913
1180
1294
813
1105
1309
740
1133
1332
758
919
1268
830
1085
1073
690
882
1174
560
1059
1088
706
972
1169
814
1188
1141
802
1002
1114
698
962
1071
716
882
1091
731
992
1143
670
922
1196
680
873
649
696
905
793
725
889
1167
700
981
646
686
988
775
824
1022
578
769
1054
734
744
938
685
749
957
743
626
836
724
745
919
732
795
939
688
666
835
728
720
873
580
619
998
825
760
950
668
756
993
767
786
1139
752
841
994
751
767
957
859
746
886
709
728
1171
744
696
912
699
668
970
701
767
922
688
715
1300
664
721
1066
686
736
938
723
715
1026
608
737
956
659
717
981
633
603
1057
706
762
1049
565
765
1113
687
810
1112
736
713
953
716
791
846
610
714
1054
833
690
867
854
870
1175
678
790
1021
746
795
1031
819
844
898
763
750
994
739
793
971
814
800
971
749
758
1029
724
874
988
713
777
987
600
771
963
480
620
1064
675
821
973
553
831
919
694
859
1350
598
748
1069
610
696
923
694
1011
1016
685
800
957
640
794
1017
569
674
1076
896
822
1098
697
799
1003
915
849
919
679
772
1013
679
853
1010
655
892
1029
721
736
1057
663
909
1006
811
740
941
546
675
1507
569
666
1147
693
945
1186
605
734
988
863
1113
1051
769
957
1243
851
968
1101
768
914
1104
710
842
1041
640
852
1037
687
775
1091
758
862
955
645
761
985
778
873
1053
760
893
974
693
931
1134
681
842
1138
591
689
1163
597
822
1045
817
792
1053
647
700
1059
610
928
1278
575
716
966
634
734
954
540
854
1022
713
749
1036
640
931
1056
708
749
1041
600
809
1023
607
888
1037
772
884
1167
773
905
1219
688
911
1097
830
879
997
699
868
933
663
784
1059
742
932
1036
636
760
1055
697
1010
1086
677
995
1140
718
854
995
705
892
1049
726
916
1104
800
933
1082
680
911
1376
702
828
1191
570
1070
1228
562
858
1105
732
881
1051
629
970
1321
913
1026
1173
914
929
1264
749
1114
1079
997
957
1022
633
862
1108
722
894
1113
754
928
1094
785
900
1068
776
966
1164
752
1001
1085
639
751
878
545
770
906
554
898
1110
659
770
928
599
800
986
580
774
1035
725
814
922
608
734
914
569
830
1112
724
856
1096
775
831
1003
921
990
1206
829
961
1132
742
893
1024
866
891
1003
627
1039
989
681
1095
1229
837
907
1285
807
1000
1203
830
1056
1269
845
1004
1215
848
1025
1216
785
1021
1294
820
1094
1148
746
851
984
749
939
1092
745
987
1123
731
836
750
593
888
645
751
906
685
581
942
791
727
921
680
937
1015
630
809
1049
800
855
1043
812
814
997
787
929
1117
846
811
1022
827
850
996
804
727
915
781
718
1051
766
617
966
691
708
932
786
802
950
664
711
1135
888
842
1112
912
911
1089
907
852
1007
851
836
1030
912
887
988
825
763
972
677
829
964
663
668
812
722
749
985
623
786
938
737
726
963
872
824
984
620
893
901
575
712
866
675
734
946
678
725
991
681
804
891
622
979
972
814
774
982
788
702
970
820
952
977
778
777
977
736
667
1015
640
692
1024
790
668
922
694
714
878
904
748
1120
615
942
1029
633
757
996
644
837
963
624
798
1021
785
789
973
613
791
844
656
656
969
746
933
1156
655
771
871
582
734
936
668
759
999
631
765
911
479
563
1006
621
794
1000
747
835
1034
759
722
981
653
761
1034
638
806
1141
767
790
942
799
829
995
590
799
1015
655
847
992
612
857
869
746
667
878
658
849
914
526
665
1130
709
847
1089
719
770
1054
767
827
1026
624
824
1096
605
769
995
663
854
1014
703
761
1192
789
682
969
550
861
993
763
781
1014
588
895
871
707
850
1129
744
760
1053
661
907
1008
621
958
1005
805
850
928
709
767
1065
598
835
1098
570
931
1002
781
770
964
664
771
972
629
781
1015
757
845
1150
684
819
1015
635
795
908
684
768
1227
767
905
1124
726
885
1066
752
1040
1095
843
950
1252
800
892
1135
703
813
1064
635
902
1110
660
871
1130
713
959
1133
679
904
1079
684
893
1021
700
848
1084
710
864
1042
717
936
1080
599
817
964
575
1017
1058
672
951
1138
715
885
1073
635
764
1037
838
948
1142
790
775
1016
597
834
1129
921
965
1088
650
849
1174
672
972
1100
683
756
1089
724
831
1111
663
959
1279
731
989
1149
683
887
1122
688
1034
1118
708
990
1220
708
1108
1111
681
896
1175
581
919
1110
752
855
1180
563
818
947
652
964
1135
736
990
993
564
889
1125
700
898
948
570
822
975
670
785
1005
650
1010
1192
843
887
1093
811
968
1114
693
1024
1155
746
969
1181
745
967
1134
589
893
1081
622
940
1148
862
955
1306
664
868
1077
775
1030
1187
755
925
1054
858
917
1075
756
944
1046
675
909
1070
699
946
1000
622
956
1133
697
859
631
688
833
1013
573
882
1130
793
851
1115
717
920
713
665
840
732
770
963
1127
836
916
792
773
1016
739
759
1025
897
689
820
634
838
956
726
746
925
734
762
937
742
608
1080
780
775
923
828
764
1005
687
670
853
682
638
860
682
696
860
815
714
898
674
830
986
692
826
996
677
880
889
629
677
917
674
695
891
833
735
948
682
853
1012
902
883
1143
604
927
981
900
908
1081
644
932
943
672
1025
996
846
704
941
696
779
963
811
825
974
702
818
1018
720
774
874
783
785
905
802
819
958
798
836
1034
608
803
1077
690
811
998
719
776
873
821
689
1036
849
684
1031
801
776
1020
650
644
848
609
737
1068
662
805
977
716
772
995
705
783
959
670
777
862
701
905
998
698
886
1134
694
766
887
667
775
1115
758
755
999
672
779
1126
666
822
980
833
778
995
794
776
987
704
854
950
779
925
1017
648
842
998
721
1000
1035
872
1013
1105
712
864
985
684
739
933
669
750
940
658
661
1191
657
790
962
639
751
959
665
795
1129
795
825
982
572
755
1127
794
922
1143
737
773
976
671
773
933
689
826
974
722
750
1040
676
788
1009
671
835
1040
816
1021
1070
659
832
1045
620
834
993
968
934
1289
849
933
1167
733
971
1039
898
1107
1205
964
847
1220
1018
1032
1050
776
1067
1275
859
1032
1098
725
901
1167
865
976
1412
824
923
1078
739
956
1121
813
884
1026
650
942
1255
801
982
1144
832
1002
1232
740
877
1142
832
1001
1054
732
1014
1140
720
857
1208
946
848
1220
932
1037
1301
948
1072
1232
940
1131
1229
850
916
1188
775
1035
1198
870
982
1311
814
1008
1096
749
1009
1146
767
956
1097
801
950
1288
907
1061
1378
973
1077
1304
888
1185
1351
906
1004
1238
866
1080
1218
877
1012
1409
682
861
1288
855
1054
1397
876
1122
1107
810
997
1309
888
973
1312
719
1064
1263
939
1151
1157
888
1159
1214
931
1179
1333
1016
1126
1256
969
1074
1336
881
1158
1344
951
1108
1283
886
1269
1382
921
1122
1364
904
1052
1199
898
1207
1323
815
1339
1219
798
1008
1253
888
1050
1249
1265
1067
1265
869
1078
1134
619
863
1054
656
853
1069
757
995
1028
638
860
1279
731
952
1119
807
1088
1232
733
860
1064
711
931
1326
693
1036
1185
816
1043
1198
699
993
745
1009
1059
809
1017
1057
648
702
849
629
867
948
677
708
976
742
725
996
717
924
1007
748
753
889
733
761
939
731
724
973
726
725
1023
746
945
931
666
699
917
683
731
885
710
649
1035
754
739
934
726
808
1065
711
705
886
706
744
1162
785
874
1121
730
729
965
662
633
1116
705
774
1061
885
815
1101
904
848
1158
814
821
958
748
920
882
658
832
954
798
662
880
567
669
908
657
743
1040
707
1044
952
839
872
996
715
757
1007
713
784
1042
736
751
875
768
781
1122
997
944
972
893
881
984
921
794
925
695
618
913
871
1055
1091
644
891
1022
686
887
1140
895
980
1090
881
966
1192
850
974
1213
855
1002
1013
784
912
945
777
708
870
648
736
948
659
765
868
612
770
819
661
758
897
590
647
966
708
789
999
672
928
1020
568
821
992
801
835
1055
870
1070
1102
633
837
986
644
786
895
550
690
858
559
786
1065
674
832
1049
728
823
1010
649
896
1100
706
805
968
812
862
1053
869
979
1220
912
819
981
792
990
1201
865
1094
1198
824
959
1044
826
889
1007
880
1371
1136
787
938
1025
760
806
1053
702
779
996
834
981
1080
816
962
1164
808
789
1069
801
945
1133
797
984
1113
829
973
1178
813
975
1030
783
935
1146
857
912
1071
828
893
1090
783
992
1106
792
845
1038
745
901
990
721
934
1065
729
891
1071
693
886
1068
628
872
985
681
843
1011
716
956
1120
730
849
1004
755
1109
1834
1064
816
973
795
754
1127
3888
785
1005
695
772
1046
675
775
986
628
778
943
657
803
989
673
864
1005
665
900
1060
650
869
983
824
993
1071
693
876
1034
772
818
1074
662
996
1164
636
865
1102
702
1052
1315
879
866
956
711
938
1121
760
904
1124
715
862
1152
733
853
1072
944
952
1108
657
946
1171
672
753
997
714
850
1038
626
1007
1141
742
997
1097
681
865
1065
589
960
1152
696
955
1071
760
864
1043
789
1030
1143
670
799
998
728
908
1068
650
968
1086
744
825
1108
678
884
1097
724
862
1111
696
915
1124
733
1026
1341
818
1032
1081
746
1029
1285
865
925
1107
1079
1045
1182
644
817
1080
651
935
1012
636
841
1006
549
970
967
534
854
1010
559
908
1045
708
1012
1190
653
859
982
584
885
611
604
1028
657
744
926
700
717
868
663
584
765
1008
653
811
696
723
799
1078
712
951
691
686
993
738
812
957
790
668
890
808
709
1075
909
715
958
799
709
902
770
670
990
740
860
1114
722
711
894
737
744
897
707
780
924
786
681
872
689
731
884
673
671
1089
683
751
893
551
679
835
598
684
866
954
746
967
776
836
1118
833
705
1050
620
685
931
695
800
899
750
820
1036
682
776
970
728
686
939
691
793
947
717
826
1034
810
771
1195
909
917
1056
692
726
977
612
710
936
640
667
809
849
863
892
649
627
1029
932
858
1052
792
839
990
733
982
1244
911
954
1071
650
758
986
855
782
999
867
901
1151
799
865
868
802
822
1017
748
794
987
717
910
1043
772
849
1034
712
770
934
815
794
1001
661
831
1065
793
871
1075
789
950
964
664
817
947
691
807
873
778
747
985
792
886
926
856
921
1102
861
837
1041
814
904
936
720
785
1103
795
1040
992
733
835
1014
702
917
991
605
902
1166
683
889
1163
688
912
1266
725
881
998
647
829
1081
662
696
1065
604
830
1154
702
743
1062
847
1008
1278
688
1025
1160
684
838
1014
614
971
1003
720
999
983
757
767
1156
726
871
1020
624
818
1166
820
884
1091
1044
792
1059
792
851
1047
789
883
1025
700
895
998
705
879
1063
794
944
1121
773
756
982
737
1008
1190
757
928
1035
707
933
1049
667
809
910
643
898
970
657
894
996
626
836
994
654
876
995
701
860
1052
826
943
998
724
897
1037
730
942
1153
673
877
1176
801
969
1129
768
935
1137
825
987
1044
852
881
1170
794
937
1255
751
901
1212
765
1149
1105
838
912
1130
722
1141
1258
883
1005
1285
755
1013
1192
742
971
1259
850
1012
1155
860
1050
1233
893
1011
1150
861
1080
1242
908
1083
1167
890
1106
1303
931
1012
1154
763
855
1175
768
1114
1135
877
934
1295
800
1070
1322
801
959
1129
768
957
1169
803
946
1146
786
906
1198
715
934
1296
761
987
1094
639
837
1159
840
1063
1122
731
887
1150
861
1088
1103
814
1085
1161
702
1052
1184
848
998
1271
759
895
1157
949
1023
1228
953
972
1288
825
944
1144
847
936
1227
940
1038
1230
949
1032
1164
869
1002
1177
911
1024
1229
903
1193
1211
791
949
1352
884
1023
1229
921
927
1262
918
1029
1273
922
1096
1315
959
1044
1173
867
1182
1277
882
1105
1382
949
1146
1224
905
1104
1224
737
986
1245
957
989
817
831
975
765
796
924
765
778
1161
791
786
946
773
758
845
710
939
1374
905
946
1073
789
848
957
758
815
1071
733
882
1141
914
907
953
897
998
1127
739
822
970
876
920
1127
814
980
1086
806
972
1011
928
933
1116
765
1036
1208
972
1009
1197
953
1077
1145
1018
1042
1156
844
946
1145
918
992
1168
952
1111
1166
970
891
928
664
822
1135
857
1002
1109
738
934
1138
811
746
1063
872
932
1069
714
843
1135
749
905
1030
780
896
1009
1224
994
1022
744
812
984
641
1084
1308
943
990
1016
891
1026
1268
710
853
1213
833
1022
1184
884
1028
1039
769
976
1028
944
825
1094
721
879
1044
680
1055
1134
728
823
1038
698
720
1010
772
818
1145
783
895
1149
829
1010
1159
908
978
1098
828
762
927
690
837
1040
893
1313
1057
692
814
1213
901
1091
1197
786
1046
1185
751
814
1091
940
835
1197
925
960
1043
853
847
1261
841
945
1194
769
1083
1171
911
1004
1174
976
1052
1191
992
963
1162
872
1087
1227
791
1087
1335
1010
985
1145
881
1015
1105
876
939
1126
888
1069
1441
1045
1162
1167
742
1051
1244
888
968
1237
862
1079
1354
831
1132
1312
807
1110
1268
919
723
1213
876
1110
1176
912
918
1182
809
969
1082
683
895
1150
862
1024
1372
891
956
1334
828
970
1262
742
943
1129
768
999
1018
837
855
1256
900
984
1125
838
1042
1208
796
1095
1265
814
1040
1184
846
1174
1114
777
1024
1148
811
992
1214
786
859
1244
881
1050
1302
851
1077
1138
814
868
1254
755
1015
1254
727
865
1261
928
1118
1146
967
1005
1210
792
1076
1114
674
1064
1214
823
1061
1303
869
1088
1183
874
991
1146
890
1217
1174
1028
1045
1185
933
1153
1274
982
1162
1256
855
1072
1230
955
1229
1316
925
1053
1282
936
1209
1236
888
1063
1194
869
907
1117
799
1067
1147
715
1067
1123
753
1159
1088
775
1119
1209
903
1062
1219
861
1185
1266
894
965
1141
827
1070
1258
757
1007
1319
996
1055
1163
940
982
1217
835
1228
1354
948
938
1065
882
1231
1337
819
1037
1140
779
1014
1090
759
1175
1089
928
1177
1222
733
936
1164
845
1029
1268
1066
1115
1133
904
1185
1188
891
1330
1208
899
1010
1136
913
1036
1127
748
1170
1128
759
1074
1333
967
1003
1164
987
1058
1138
870
1262
1299
741
1155
1192
879
1330
965
944
1148
1244
1024
1171
1102
1094
992
823
888
1001
756
900
1070
853
820
1165
746
775
994
745
737
925
977
1011
936
824
941
987
881
1012
1244
840
915
1162
941
1028
1113
891
830
1147
915
969
1132
980
1024
1051
976
796
1006
859
915
1000
941
861
1044
777
963
1031
752
676
838
615
653
938
852
802
902
665
784
1086
605
717
909
637
729
946
674
737
906
654
645
794
673
607
901
579
731
925
738
735
983
715
1406
954
815
767
876
641
976
1063
775
747
1054
841
943
836
746
768
921
885
947
878
636
930
1013
691
763
967
821
653
961
748
837
1102
938
827
972
847
848
973
793
1225
991
750
748
1047
685
754
948
775
797
1049
673
892
1068
711
700
819
674
790
842
679
908
913
699
900
993
740
921
844
707
737
1068
756
795
851
673
813
1096
674
773
912
675
944
1081
825
806
976
606
871
902
743
812
1082
822
886
1046
753
864
1020
840
922
953
818
956
1081
747
833
1028
593
706
950
658
816
975
653
701
1116
765
719
993
653
822
992
707
817
1017
742
770
1001
572
711
849
743
782
984
522
822
979
568
737
1085
819
757
1044
762
762
1045
804
922
1061
798
716
1012
1269
725
1069
692
846
942
625
767
934
640
720
913
645
862
991
685
781
938
638
847
999
705
699
877
561
698
881
622
776
1045
674
723
948
658
780
922
552
799
1049
686
871
1066
620
715
966
642
734
1138
635
940
1157
663
867
1105
841
961
1115
713
860
1104
704
935
1081
585
933
999
741
860
1053
715
772
1069
717
811
1124
567
797
1010
523
701
1144
600
789
930
658
826
976
624
798
1038
621
704
981
646
826
912
529
717
1106
756
914
1225
769
867
1179
806
1049
1020
696
743
1159
828
750
1168
742
882
1012
645
829
1214
678
820
1042
676
866
1167
643
858
1010
613
872
1163
651
912
1186
864
1045
1105
686
900
1076
672
844
1278
690
851
1118
759
865
1131
712
866
1176
665
893
1062
665
1011
1074
730
873
1149
652
781
1117
670
945
1094
666
1057
1097
677
818
1086
645
927
1010
948
957
1137
685
1020
1124
671
1013
1188
647
895
1039
744
995
1018
654
975
1102
596
1008
1136
730
962
1309
661
1101
1145
943
928
1094
685
934
1118
684
985
1128
734
952
1081
608
895
1012
663
839
928
774
859
804
920
845
734
694
1038
932
822
959
920
846
1067
789
735
1154
768
874
955
722
884
944
731
924
1001
705
736
1140
755
749
922
1011
690
918
628
673
849
630
722
958
579
633
855
624
630
802
666
764
797
674
730
861
590
702
772
604
712
943
605
606
851
758
719
848
585
638
775
589
666
834
538
755
875
673
817
799
662
667
861
624
640
1001
669
756
971
753
832
997
556
629
956
626
698
906
753
785
976
768
786
866
755
856
1115
693
922
976
645
768
1001
843
782
954
782
757
989
655
664
858
638
662
875
620
759
1058
726
703
990
737
837
1078
707
833
991
755
727
1140
660
879
1134
698
775
842
658
856
1008
728
892
1037
710
794
1021
765
741
1342
719
771
993
672
775
932
897
718
917
663
765
863
684
747
1066
658
646
871
651
957
1103
646
827
1027
713
826
970
821
890
1088
871
766
1011
727
823
916
689
933
1021
823
817
1169
595
756
937
617
679
886
693
763
985
606
771
1022
642
858
1030
703
840
1023
642
855
1120
906
991
1030
628
1034
1199
764
845
1029
646
858
1077
773
719
1046
762
909
1187
732
869
969
704
818
875
694
800
1095
692
739
1024
724
765
857
768
832
1063
643
782
998
609
882
1035
658
757
900
609
810
1045
733
848
1011
752
885
979
676
840
894
719
764
1104
663
836
1083
764
795
959
604
751
896
598
739
1015
681
730
963
589
664
985
620
839
992
718
856
1020
728
734
931
588
756
1084
604
999
1061
706
824
979
645
805
1031
709
755
1015
709
774
1074
638
806
999
602
786
967
735
842
1081
763
857
1074
736
872
1111
702
935
1118
745
811
1168
758
916
1065
748
912
1174
801
1038
1217
804
763
982
704
785
1112
715
855
1025
821
956
1107
567
860
1848
683
769
1139
571
815
1158
672
878
1081
544
914
1072
622
815
985
670
782
1115
603
904
1118
662
918
1066
632
847
1051
610
954
1032
754
878
1030
797
893
1024
624
830
1012
598
897
1103
620
816
1043
671
889
1048
700
851
1047
649
804
1022
765
750
999
709
851
1042
607
802
975
659
845
1062
523
879
1269
598
864
1090
716
784
1227
621
893
1084
623
844
1059
630
903
1120
679
971
1081
782
892
1119
821
991
1001
730
1134
1152
832
991
803
705
962
747
784
907
796
784
1107
798
710
873
672
806
982
749
765
949
741
772
964
564
733
954
602
719
876
766
671
966
637
683
835
714
679
895
719
705
928
851
776
850
682
747
941
689
731
932
775
699
1018
639
658
925
678
873
968
709
715
959
665
746
996
784
649
932
692
744
915
568
614
1046
778
818
949
723
911
870
685
774
931
822
854
947
850
809
1083
773
876
866
752
874
1022
828
881
1072
846
927
1107
746
816
1053
743
860
846
577
734
822
691
682
916
575
649
829
652
659
955
624
741
870
534
648
854
583
716
891
658
636
797
680
815
995
593
806
851
507
812
973
712
736
912
579
754
997
592
756
937
773
761
975
595
715
951
814
745
932
812
904
1130
689
856
990
776
866
958
702
774
1109
707
888
1013
688
871
975
700
868
1087
730
780
1039
723
857
1031
731
796
966
809
799
952
534
726
872
587
827
1161
817
954
1132
665
870
921
575
822
978
732
710
1068
632
691
975
746
809
1020
691
924
948
742
930
1001
690
776
947
656
722
1047
731
860
947
741
822
961
606
804
1065
828
833
919
649
727
932
627
729
909
654
828
883
1020
761
996
625
737
1039
713
663
1000
715
732
951
680
725
948
747
857
1022
663
871
1115
713
799
901
700
809
875
639
981
933
763
822
1072
674
783
952
757
777
1084
644
886
1126
599
952
1098
648
918
999
974
877
1100
757
878
1079
651
890
860
763
946
1004
768
868
932
665
870
965
609
836
1043
656
909
1135
613
929
1121
796
940
1017
653
766
1029
582
815
1071
639
983
1073
649
924
1141
700
787
1051
639
942
1068
664
950
1103
850
962
1062
672
848
1191
632
910
1083
767
970
1187
718
1013
1142
718
1250
1013
789
1118
1176
831
1040
1032
718
870
1229
744
957
1097
796
1014
1174
778
956
1227
844
877
1139
794
995
1284
779
983
1063
761
829
1024
840
970
1228
805
1173
1164
960
1286
1112
998
1173
1318
1000
1039
1145
836
889
1268
876
960
1144
875
933
1085
937
931
1212
815
906
1077
865
1034
1164
932
940
1309
847
947
1285
837
1066
1168
932
940
1022
906
1028
1099
979
958
1365
948
1058
1279
885
875
1377
729
879
1210
858
963
1043
689
996
1258
929
988
778
877
1042
921
938
1123
911
956
970
744
885
1085
868
828
947
844
862
1121
981
888
997
770
888
1184
