60093
852
884
728
682
788
558
631
1061
797
628
724
509
1130
1072
683
891
1181
535
717
862
884
784
998
909
852
1140
838
587
860
620
1045
1265
687
869
1182
815
774
927
594
1056
1203
745
865
1075
641
798
1166
672
682
873
529
607
1125
544
778
928
607
657
1034
531
538
845
628
723
1019
494
584
1067
466
633
985
461
586
796
597
692
1097
563
830
854
659
747
1186
598
940
906
551
674
1113
534
897
862
533
633
1152
747
723
892
576
657
1064
529
670
979
1011
937
1162
583
643
780
422
643
971
629
786
922
630
660
1011
511
702
866
549
624
1185
602
697
876
505
641
1059
581
878
1094
771
939
1219
710
822
1086
897
804
1115
835
845
1031
753
821
1101
683
780
983
594
658
1008
534
759
923
583
617
892
540
910
975
538
933
930
628
743
891
589
569
751
535
997
969
572
598
995
576
709
963
608
711
940
773
867
889
511
626
881
507
727
1131
718
1018
1010
565
644
883
467
642
865
493
661
832
530
669
862
497
636
970
581
703
979
548
781
1022
524
679
981
614
615
962
685
805
926
732
824
1123
528
747
981
669
807
1049
591
935
1070
616
842
918
479
762
974
709
812
903
491
692
914
488
619
927
530
644
1052
515
746
845
647
801
1109
568
829
898
507
1477
1081
492
742
1155
640
875
967
541
708
1144
538
719
994
455
752
1412
600
791
914
617
731
1163
735
877
1134
509
767
1046
525
678
913
506
686
1114
575
746
915
553
801
1066
538
782
909
448
720
1192
655
975
1238
768
846
1164
597
769
965
630
851
848
665
897
1034
555
791
1227
664
896
1003
722
924
1120
572
877
749
720
961
859
711
921
716
764
827
840
668
914
732
706
885
911
635
992
628
609
890
907
890
870
607
732
912
829
686
831
769
689
762
759
910
1037
665
683
1071
827
739
903
833
862
827
739
696
879
728
752
915
594
635
919
609
743
820
580
653
911
644
776
1013
736
967
1047
807
867
864
580
865
921
622
819
736
772
962
957
713
933
1005
586
758
1039
804
939
1074
763
765
1039
753
743
1091
652
757
966
733
731
1067
905
915
894
819
745
932
781
811
1029
648
664
895
598
668
898
627
642
807
594
652
867
792
726
1105
714
704
1066
778
771
981
736
656
1117
583
755
942
715
786
881
635
926
947
554
716
817
709
866
1156
637
814
980
811
641
879
784
702
1081
706
842
989
632
826
958
732
835
905
646
732
977
797
836
1129
611
851
1085
737
805
925
659
788
903
611
774
1008
768
935
1138
667
859
900
578
684
1031
760
730
1187
738
683
1123
667
796
1152
680
799
1059
744
843
1123
630
717
933
596
735
1091
691
929
1028
603
791
1172
664
873
1021
994
869
1030
830
735
1195
623
860
909
715
737
1082
695
943
1013
548
732
874
661
730
1015
588
740
1292
672
853
972
576
791
1026
682
728
924
659
854
990
647
803
988
625
801
1070
825
857
1065
612
813
1074
748
798
975
812
857
1031
775
1059
1061
646
793
1077
740
1132
1280
720
895
1187
688
870
1124
741
1019
1204
596
974
999
874
756
1095
852
856
1105
691
979
1040
699
995
1042
592
833
1115
667
974
1153
724
745
942
633
812
929
705
966
1036
548
802
1093
973
943
1051
564
737
989
605
719
870
525
700
1013
566
714
923
559
848
942
631
684
872
487
833
947
470
709
857
491
714
841
469
654
805
482
677
1003
835
850
1057
660
768
895
499
935
1103
734
904
1219
731
859
975
436
751
892
433
645
964
703
845
1029
619
764
890
604
855
1108
695
996
1067
719
947
1108
663
1121
1050
777
897
1156
703
833
957
529
755
878
660
1055
1071
607
956
1106
689
901
1085
759
813
1129
752
1126
1168
699
797
1011
706
763
1394
576
796
1332
686
914
1140
659
947
1113
675
842
934
778
834
1082
620
781
1005
771
783
603
641
924
779
759
962
621
818
869
575
674
1014
697
962
959
596
690
893
675
862
881
592
708
967
772
797
863
622
599
805
786
770
968
911
847
924
782
575
900
773
777
853
604
767
780
660
610
891
874
677
1026
786
688
875
766
676
802
748
760
827
610
770
846
736
681
907
547
583
882
559
1015
823
654
803
954
759
596
928
828
749
903
905
779
1014
715
772
1024
746
843
1024
752
789
974
830
934
1082
744
810
1024
589
607
1001
701
912
795
729
645
943
756
678
838
690
747
787
820
779
1047
591
678
898
698
829
954
592
824
948
611
641
987
607
691
896
697
700
876
727
603
885
681
734
834
623
694
780
626
845
844
561
875
825
523
687
940
865
810
931
550
679
897
565
724
851
597
806
921
551
844
948
532
740
1163
609
694
1033
776
727
996
610
800
1007
713
977
1286
1053
868
1091
722
686
872
596
941
978
810
697
1071
796
670
965
730
950
846
477
609
926
447
544
824
562
589
817
475
652
897
438
457
855
512
611
830
508
642
852
550
692
823
497
633
857
525
640
820
409
658
853
493
535
685
397
522
826
425
613
841
523
620
878
498
631
943
478
602
773
520
589
787
466
636
774
497
639
859
581
685
857
479
611
879
545
604
807
705
583
843
761
764
901
482
713
797
553
744
932
811
753
953
474
619
1057
795
664
887
510
671
908
536
671
755
967
713
786
644
657
1015
548
691
893
385
651
822
396
561
895
490
590
730
462
623
812
411
560
766
513
716
937
420
894
916
713
810
984
685
760
1018
734
697
897
513
793
1003
592
799
995
771
867
980
637
776
1026
670
662
862
514
672
1146
541
601
784
385
776
1012
577
712
933
521
630
755
375
661
774
513
773
900
656
707
871
488
652
876
481
689
943
505
765
937
489
708
891
478
750
1023
533
697
946
542
730
935
488
734
973
568
700
954
565
755
1016
635
714
886
537
683
920
505
678
924
488
770
885
491
666
871
483
777
959
572
715
975
568
795
984
543
874
1020
1069
909
1036
674
885
913
457
707
1272
482
705
954
558
794
944
625
847
916
492
729
1048
566
715
927
507
668
896
500
783
936
535
772
934
527
691
487
409
575
569
444
668
551
520
863
532
537
770
452
515
741
699
740
748
570
571
787
560
521
1023
650
550
775
499
552
716
422
672
724
376
507
732
525
504
711
517
506
786
484
515
779
572
556
651
434
454
764
506
616
840
524
566
851
543
573
686
420
563
656
536
569
736
454
546
674
547
443
702
421
665
715
565
475
774
516
550
681
633
596
768
983
739
878
406
457
680
434
512
630
510
563
833
473
526
777
557
842
841
681
935
1014
788
825
956
659
613
759
421
588
795
429
897
738
517
586
783
400
812
847
507
630
853
510
627
772
499
578
864
591
684
835
557
486
643
392
513
739
425
486
726
424
1146
852
485
603
763
495
645
853
491
655
897
566
639
826
562
602
796
507
594
779
526
748
810
492
678
860
529
613
853
509
708
835
500
764
754
567
741
805
481
499
680
485
627
719
540
523
712
383
544
852
519
683
820
559
610
764
622
567
1099
633
715
1183
672
577
810
466
574
931
556
625
759
507
651
871
565
702
827
403
793
1064
581
728
883
525
716
825
575
514
737
530
606
761
409
571
687
428
679
810
501
760
877
594
633
695
367
466
703
410
484
1334
904
720
1123
930
862
1117
935
925
1198
490
642
830
562
847
1146
842
970
1146
592
628
1026
553
705
897
548
646
857
542
631
852
554
688
807
537
581
850
544
644
977
643
876
976
560
861
1008
638
887
925
992
836
1069
726
860
1018
554
759
889
599
805
914
605
965
923
663
811
1029
507
680
1168
503
788
986
543
883
982
530
897
961
601
761
983
636
934
1067
632
919
1010
667
771
914
755
1136
1080
770
898
1003
577
888
1047
633
797
1119
693
898
1106
606
797
1045
672
1042
1034
819
809
1070
448
703
966
501
768
1035
599
759
820
644
679
937
618
610
948
512
718
968
513
685
1049
418
685
913
578
680
839
575
779
961
434
873
885
515
806
946
535
788
921
425
726
859
506
734
951
542
728
936
450
718
810
539
630
777
455
707
847
468
707
831
418
726
916
413
593
884
616
701
901
469
751
965
569
718
899
524
1063
946
532
760
922
429
714
1014
646
768
872
571
755
1008
562
727
928
554
709
998
548
742
969
594
785
943
533
708
549
470
769
951
538
761
976
496
1022
610
615
857
639
668
825
589
535
731
555
538
779
485
461
738
548
507
671
552
571
746
583
562
1035
678
737
791
693
687
1035
689
563
724
727
712
992
573
723
881
590
778
958
723
724
870
759
752
904
581
687
842
669
526
902
427
637
788
533
623
876
550
767
1032
799
724
729
428
558
759
527
544
914
630
649
872
559
550
832
539
736
745
450
459
637
438
613
714
415
453
724
454
799
731
610
434
670
504
552
798
549
1199
975
711
731
908
545
594
822
574
623
773
568
558
886
584
656
792
509
630
841
563
835
980
692
862
976
773
892
870
567
744
1148
809
789
934
678
837
917
715
745
933
708
766
948
677
752
965
719
806
938
701
809
953
679
741
886
627
746
913
571
780
975
649
826
862
681
842
1032
667
784
1014
586
742
976
601
722
905
609
720
914
517
617
928
526
642
873
537
649
843
526
659
842
542
658
853
514
656
903
531
703
867
517
702
847
539
671
876
505
627
816
649
1008
1244
657
806
912
610
697
858
527
680
1065
737
982
883
589
919
834
562
618
846
538
759
1130
710
711
834
513
624
866
464
677
844
582
667
844
561
655
921
563
782
937
626
766
879
512
783
939
570
749
947
608
791
994
578
706
888
582
729
950
488
769
1042
715
861
1028
531
701
848
510
588
831
425
762
859
568
671
862
480
620
959
712
817
1064
778
895
960
559
838
1153
620
798
1046
571
847
976
641
719
926
544
779
939
502
751
884
514
661
790
479
625
877
576
732
913
539
583
823
526
696
892
459
676
875
422
595
805
520
715
893
490
677
804
510
692
957
466
588
756
420
617
888
544
742
965
592
736
966
514
701
915
575
694
918
582
728
1136
622
834
979
615
786
951
638
712
898
572
729
892
474
675
873
361
631
894
484
752
878
462
569
818
443
654
826
499
589
890
559
696
972
503
701
899
466
698
866
528
760
812
577
613
846
499
656
905
401
740
935
519
611
867
430
879
914
417
615
827
513
725
839
469
688
814
495
758
1164
541
815
949
540
837
896
858
736
1024
533
761
1068
417
714
531
632
733
544
520
682
932
521
722
558
506
699
559
483
719
449
558
748
708
673
944
646
586
740
565
592
762
815
725
895
505
514
623
379
542
745
548
550
747
500
526
706
531
563
759
528
534
780
535
632
841
584
528
712
485
460
639
569
602
724
546
540
779
497
607
802
638
653
807
625
467
776
602
568
675
564
578
759
361
427
763
550
779
727
878
828
803
490
676
1028
629
696
815
487
637
764
763
674
919
600
603
767
436
750
833
499
575
771
497
593
781
514
573
765
536
582
861
514
570
799
515
554
786
663
729
937
593
670
800
564
517
722
486
481
725
511
538
788
416
604
716
390
664
730
603
623
878
481
586
783
702
627
779
427
534
712
438
521
674
358
483
804
523
592
851
429
658
884
421
641
918
505
699
728
691
653
894
611
644
855
737
779
780
515
657
823
531
595
796
528
646
736
551
638
750
403
593
893
577
688
740
569
631
850
493
508
953
551
731
759
395
501
717
478
661
796
510
634
831
463
581
801
456
554
845
488
653
757
491
569
837
460
611
832
550
672
855
522
607
841
508
715
1004
552
701
1055
679
677
871
478
645
955
450
593
869
447
684
844
488
631
804
502
656
906
526
602
830
478
629
716
484
1282
787
513
702
913
716
943
1005
641
795
892
634
651
874
613
762
904
608
721
881
552
752
919
533
693
896
648
887
959
695
875
1102
678
724
893
534
702
915
573
795
924
541
708
940
566
740
1066
570
738
1034
632
1287
1039
593
725
938
555
734
895
528
733
985
518
681
933
479
582
781
383
522
744
518
678
782
477
647
859
458
675
948
550
680
855
532
653
891
494
645
764
388
663
838
525
793
806
438
617
1091
548
672
809
505
621
983
524
692
1002
396
707
848
549
699
798
830
614
958
555
736
854
377
574
946
480
661
789
358
608
800
358
701
1214
611
782
1041
509
728
937
632
682
893
487
731
804
498
759
870
557
586
929
404
694
812
495
762
916
421
699
921
499
615
837
492
638
1187
569
809
986
463
737
949
425
620
944
636
642
954
529
754
1000
577
745
1001
451
750
988
500
626
843
443
620
825
701
659
973
514
898
976
604
753
934
509
766
536
592
919
607
649
824
1002
655
1007
687
839
872
906
627
814
536
626
958
680
1069
927
874
812
912
835
698
763
590
608
842
669
810
911
534
613
872
573
717
856
557
715
851
674
652
921
662
702
808
655
612
960
584
830
934
553
812
897
576
700
857
603
705
937
702
740
873
545
594
924
677
615
806
559
948
877
629
677
955
755
691
855
644
809
1093
652
688
981
690
808
1049
692
650
870
758
734
856
698
596
863
524
834
904
624
764
872
559
632
880
573
661
915
539
659
925
629
731
890
529
772
950
564
671
785
588
862
821
535
710
1063
534
744
970
607
713
923
479
729
933
631
805
950
651
743
1009
900
588
900
635
650
875
710
736
845
748
592
840
594
625
924
624
716
865
565
701
928
573
696
913
744
866
973
695
672
959
707
691
940
739
783
884
576
763
898
685
793
966
678
694
896
537
716
883
586
798
865
722
691
1054
678
751
1185
674
836
1004
803
795
1021
650
671
885
684
956
1006
761
707
778
591
517
834
560
643
835
542
611
1089
786
719
833
665
526
789
507
609
760
568
668
819
457
609
798
504
620
840
506
645
791
472
598
936
517
690
746
417
601
836
503
657
844
506
598
844
643
709
857
543
789
862
503
791
986
493
649
854
578
717
835
539
796
902
466
619
843
456
668
890
434
793
940
562
660
729
391
644
761
521
689
949
502
707
747
650
802
868
825
782
921
530
609
755
366
638
875
509
687
893
455
690
799
467
734
1086
664
741
802
420
585
1067
572
800
933
526
721
941
475
707
850
461
592
781
491
708
874
508
684
905
456
672
792
465
722
898
456
673
888
495
626
801
489
782
872
400
622
896
552
627
817
352
600
802
485
976
937
541
760
844
583
736
992
679
764
919
604
874
935
466
664
931
642
846
849
444
729
893
494
653
921
448
759
889
543
888
1046
616
805
955
445
651
878
617
864
911
512
780
867
562
720
818
506
645
961
513
692
949
537
712
871
536
783
973
607
710
913
561
692
843
517
669
835
499
738
863
529
737
928
564
687
822
493
657
900
538
677
943
573
645
911
591
676
811
587
665
843
548
660
825
542
673
519
547
834
797
402
836
958
534
743
565
678
833
582
498
717
456
503
707
445
459
603
646
624
823
557
564
852
531
507
651
523
560
743
749
567
1044
745
627
718
587
573
695
478
499
1059
590
594
783
599
603
872
582
711
802
590
577
815
759
574
727
570
536
775
583
587
808
534
546
701
442
502
647
512
543
943
566
784
927
564
633
795
649
672
653
557
584
676
474
603
697
403
460
676
440
542
799
580
699
838
536
577
756
930
787
867
556
638
808
555
651
875
688
635
829
544
584
796
478
531
643
478
584
814
488
555
769
454
545
677
421
522
666
411
610
1146
565
634
930
466
592
786
411
803
728
398
511
789
468
752
905
690
641
816
475
601
864
553
663
759
541
620
1013
517
570
790
544
641
811
477
578
776
478
563
777
527
588
800
500
528
728
479
666
933
523
551
790
546
576
801
451
602
766
413
469
707
438
532
730
465
518
725
396
693
842
468
643
802
493
606
787
511
624
935
620
752
1074
802
760
959
463
778
964
641
780
1006
666
875
959
534
761
993
649
696
1119
841
811
1178
518
743
843
659
809
1096
556
733
928
872
781
912
471
690
846
583
780
997
597
835
1175
495
575
848
627
807
1006
570
817
989
782
673
838
629
698
917
696
941
1062
629
940
941
627
770
980
570
699
955
692
742
995
663
781
897
657
736
896
686
721
1041
724
853
1018
565
809
986
665
772
1145
660
797
1004
692
922
984
623
888
999
595
788
1038
515
801
995
625
793
878
470
810
954
1085
724
1035
480
766
951
818
699
1060
654
788
1033
590
772
1027
741
911
1346
605
888
1101
603
655
877
523
835
1053
680
844
988
550
936
1049
764
1017
1015
835
903
1173
669
853
1145
643
821
912
590
954
1117
851
770
1094
755
723
1019
618
755
971
711
778
1131
674
907
1077
747
848
949
679
778
1008
667
940
1224
723
913
1048
577
911
1074
592
969
1086
649
773
1095
626
719
1015
510
720
930
626
932
947
594
981
1226
807
651
873
484
631
917
515
728
936
509
797
990
609
708
834
411
739
1002
440
737
852
568
775
946
590
728
898
488
702
876
437
699
1006
643
915
1044
646
898
1234
650
941
624
835
1022
722
752
888
683
665
871
543
690
796
665
771
928
662
689
828
752
731
1004
764
781
943
659
604
934
739
747
784
740
727
953
770
710
813
737
703
943
654
639
839
738
749
913
649
795
996
697
577
753
590
805
921
683
698
829
611
801
786
693
750
864
643
622
795
545
745
941
769
602
922
649
891
839
775
639
903
588
738
818
625
785
930
570
727
846
628
799
882
530
761
926
654
588
890
556
916
945
589
796
931
732
839
994
553
612
945
597
649
836
770
766
929
584
700
878
1008
701
934
628
755
835
472
501
850
622
579
827
553
636
836
592
655
853
617
639
831
716
628
757
512
615
844
461
630
1033
483
611
751
498
619
808
556
627
790
479
497
726
428
565
800
445
627
745
442
584
814
498
705
857
577
623
747
533
602
806
391
569
739
954
689
850
538
610
780
685
774
1087
599
797
1062
695
588
799
487
556
937
536
852
879
551
670
825
465
527
863
541
608
887
686
801
944
628
727
965
536
750
845
512
640
838
548
592
847
483
598
807
473
639
801
564
629
1043
627
663
879
595
638
1015
786
916
998
491
626
740
448
562
685
365
570
741
457
746
852
409
498
855
414
477
852
435
529
748
423
508
836
490
723
1092
782
773
1000
630
802
893
489
668
1010
455
669
777
462
648
843
444
651
762
435
615
829
497
665
858
437
625
799
459
570
843
441
622
841
499
551
735
353
546
816
432
1120
938
514
618
790
420
674
731
431
676
811
552
671
893
593
590
873
417
670
754
563
641
828
446
673
783
411
569
831
419
671
836
435
612
915
588
863
911
627
812
850
528
713
942
634
800
993
597
794
894
515
722
831
534
715
772
409
678
875
712
688
976
636
742
811
400
583
760
548
683
923
639
815
907
533
689
862
456
874
922
482
648
957
434
548
795
337
689
767
494
614
864
449
714
870
401
615
853
346
558
899
537
626
898
528
574
792
392
558
800
516
626
953
423
748
873
535
632
779
378
722
944
469
619
903
552
679
882
686
786
901
558
713
968
509
643
942
498
646
1035
553
711
940
569
796
919
490
718
1067
485
772
564
542
646
410
510
698
489
530
807
593
583
934
664
557
715
568
535
726
517
540
831
531
714
818
656
783
806
618
534
737
612
578
773
536
539
731
579
613
739
571
625
749
585
546
742
518
524
745
496
558
841
492
528
818
503
533
907
676
615
733
462
555
718
537
531
709
512
526
742
510
518
758
453
553
661
488
476
708
428
655
822
531
764
859
511
569
728
385
446
752
408
583
694
568
551
675
385
585
798
444
582
698
557
580
684
425
411
604
442
578
801
540
519
759
533
537
792
521
483
817
570
609
791
438
608
700
434
452
732
446
536
878
591
622
796
438
724
1086
809
849
873
738
826
968
671
810
1041
590
697
965
710
787
1025
560
670
937
508
609
876
499
624
786
493
582
755
478
581
797
502
556
833
560
476
817
393
660
845
669
487
799
714
727
1023
638
733
1106
744
676
889
571
800
1019
752
738
863
832
698
882
647
945
1052
707
665
1040
583
737
1043
585
921
906
609
875
1192
667
764
926
659
882
984
728
816
952
649
675
990
561
759
1173
776
689
1201
692
880
982
577
709
1069
610
715
920
659
843
909
627
742
985
638
810
886
538
773
953
541
780
966
628
842
893
577
802
1019
612
830
952
633
868
828
796
927
1080
649
771
902
559
838
887
669
1059
1240
691
1005
1018
599
719
978
654
1085
1047
631
885
973
647
863
1014
571
704
939
636
699
895
480
534
823
498
677
761
509
649
1027
475
688
801
408
614
839
495
692
886
503
999
897
554
731
901
550
645
950
606
676
913
567
785
874
666
836
924
581
885
978
580
849
1008
532
638
812
390
572
876
630
785
948
543
681
944
523
698
891
513
722
849
530
714
778
532
713
889
527
711
984
505
664
886
557
684
856
439
782
1140
547
731
888
535
712
768
420
596
952
400
732
954
492
709
865
361
564
872
470
697
820
416
564
813
393
550
761
492
650
764
620
726
837
503
581
778
495
603
793
391
1095
911
558
648
812
541
631
889
504
641
804
435
819
1022
567
706
939
491
830
983
467
727
983
426
594
933
506
790
924
531
759
972
594
807
937
572
746
846
575
754
1011
853
700
886
546
780
1023
454
786
441
445
773
1018
510
941
1025
699
852
936
750
1009
774
613
752
977
592
766
531
616
712
470
515
846
476
476
698
517
476
742
483
524
723
589
607
705
559
601
747
511
497
968
500
536
736
848
579
772
521
514
726
521
553
1002
544
487
690
521
517
771
542
541
785
544
583
797
544
523
720
628
686
781
521
477
736
463
547
757
406
502
616
423
502
697
512
476
664
356
389
652
524
508
710
465
559
640
406
430
615
345
417
623
366
573
727
469
576
755
471
580
751
383
553
635
571
617
882
581
679
873
527
658
797
487
640
774
484
549
735
447
616
826
519
576
835
423
608
797
472
574
747
734
643
770
664
717
785
534
562
933
617
550
1114
535
643
795
501
576
766
468
505
848
529
622
864
583
494
797
479
620
827
491
588
771
506
563
874
505
590
779
472
561
827
402
646
783
504
549
771
475
598
835
446
498
709
524
691
825
542
488
713
513
507
746
524
539
840
466
579
768
490
598
769
449
596
783
501
596
820
563
582
788
485
699
802
468
758
942
531
612
1020
498
606
789
518
565
828
462
598
777
463
733
845
481
698
745
570
535
804
483
757
792
398
566
746
361
510
729
395
502
760
377
569
749
518
603
992
405
650
895
510
627
868
401
606
844
423
546
819
369
511
886
416
489
795
404
581
890
515
671
879
552
749
868
656
632
929
533
694
892
544
559
787
391
573
763
425
653
769
674
781
771
395
517
762
367
499
751
414
593
855
452
650
760
464
556
720
369
697
764
418
686
822
353
628
752
424
568
818
505
539
928
511
546
855
537
588
754
401
607
862
389
603
791
385
682
925
482
670
864
488
643
862
480
667
834
465
629
930
518
616
862
518
654
905
439
673
1019
624
571
814
506
674
918
516
665
922
461
710
1051
701
625
957
384
639
812
420
828
913
513
633
875
489
628
799
424
687
886
402
641
961
419
554
767
504
754
829
540
663
1020
520
612
844
479
730
873
398
690
871
665
707
907
476
699
932
465
760
1045
546
1058
869
656
799
974
521
743
915
494
705
1008
645
850
1255
628
845
1006
634
800
1004
598
1032
988
654
820
1030
621
903
1062
627
877
599
844
964
660
668
814
717
674
757
635
622
857
687
582
825
551
641
847
614
629
856
579
652
795
654
634
855
650
651
791
681
673
853
642
664
816
723
511
831
832
717
925
591
636
997
712
746
945
696
750
823
701
706
881
764
741
945
605
763
863
665
646
846
652
831
801
654
706
830
682
671
1231
784
776
1001
706
815
924
553
812
1001
672
605
706
451
486
788
580
556
659
835
920
968
517
611
823
550
572
786
568
488
863
574
639
951
483
620
657
530
637
903
565
650
837
572
621
940
525
610
853
524
695
932
556
724
772
651
601
822
585
691
773
803
715
851
618
741
789
643
650
972
773
604
762
541
639
836
636
685
785
559
689
779
689
804
741
646
622
910
890
642
897
498
673
807
503
664
742
537
574
724
672
566
769
688
614
846
416
575
826
474
520
831
543
704
861
551
669
711
549
688
845
526
741
898
559
883
825
730
795
854
703
776
1051
609
597
838
796
845
911
427
529
827
726
608
733
390
578
757
394
526
683
425
691
938
529
658
830
548
612
712
522
608
862
598
556
907
525
666
920
643
661
862
547
602
771
423
636
883
688
637
951
543
641
936
675
723
772
485
702
849
648
658
979
766
821
943
527
706
883
570
660
990
549
781
961
668
757
897
641
854
1060
651
801
1012
717
702
887
511
649
851
493
710
870
524
973
895
532
641
956
409
647
872
418
666
811
422
531
946
606
781
1020
515
675
935
674
761
907
544
749
883
603
654
756
603
745
986
532
730
902
609
739
966
499
725
1039
504
560
777
443
624
1029
536
621
872
547
729
984
577
798
805
496
611
813
373
585
950
442
634
892
543
684
920
497
714
890
639
613
869
508
660
1216
617
869
999
473
1011
939
616
899
990
683
791
924
637
813
1038
606
917
962
568
708
1037
544
882
967
886
924
1012
747
822
1147
538
758
934
487
726
1056
655
831
793
435
791
947
543
751
1025
573
865
957
570
891
938
512
681
899
547
745
937
493
696
921
489
745
947
443
728
882
509
611
966
518
737
839
406
657
908
520
745
916
491
674
897
538
800
962
563
765
958
512
742
951
600
709
956
526
804
984
619
820
1010
831
858
883
500
846
1094
522
733
478
530
794
399
651
638
586
455
885
699
685
860
628
602
892
541
512
792
537
563
918
519
492
710
522
601
823
545
601
880
576
580
629
705
613
943
519
577
663
471
565
776
535
555
771
521
613
852
611
649
877
519
618
864
596
712
848
819
638
939
579
785
1088
680
673
888
703
665
939
668
781
909
587
730
854
507
582
850
541
680
962
745
723
889
441
625
1024
710
613
770
446
528
979
481
579
765
465
580
718
497
620
801
521
931
821
416
614
803
495
601
905
674
701
853
526
586
806
544
588
790
643
729
902
712
700
927
710
710
830
518
564
869
490
676
714
485
629
790
575
572
788
503
560
845
525
618
988
669
615
844
531
637
728
521
572
745
533
630
851
540
628
999
578
518
756
532
698
906
616
691
864
547
730
871
507
602
806
533
634
844
506
695
866
507
649
834
545
567
854
497
598
799
704
690
912
520
674
844
491
616
813
505
606
805
484
595
817
854
743
1045
680
762
1002
558
815
956
701
855
897
552
955
1026
653
901
1001
576
613
1097
548
695
757
589
650
704
414
497
708
389
529
699
609
741
1199
683
808
879
456
533
698
386
476
708
389
662
767
403
591
910
402
589
829
586
631
949
545
605
928
496
634
935
584
633
839
540
642
858
553
650
932
498
648
986
581
785
874
614
863
894
564
743
830
570
1020
812
483
723
732
411
578
853
353
587
888
365
987
844
433
663
759
664
686
937
451
553
904
494
620
790
416
528
886
609
748
767
466
534
884
460
519
780
571
604
756
479
650
824
486
563
745
435
628
873
369
681
785
456
724
1026
515
735
872
457
648
743
453
566
829
462
578
817
394
559
900
364
677
940
578
799
946
626
782
862
582
772
942
583
711
911
461
700
908
502
660
963
495
711
901
508
675
866
495
689
982
518
667
887
935
790
861
465
727
948
458
984
893
575
711
893
444
698
934
405
656
812
484
723
987
550
674
842
539
713
795
529
765
894
461
712
911
552
703
922
466
713
930
580
757
964
490
734
945
495
797
975
556
748
1323
725
754
806
441
811
557
561
738
994
740
783
944
444
694
954
510
703
950
527
845
591
532
766
607
590
777
599
564
776
702
501
716
520
611
917
552
517
628
448
1138
782
411
503
694
440
615
757
527
553
685
593
548
854
618
754
792
623
680
878
640
778
894
615
706
904
618
585
693
505
697
962
660
671
894
508
731
986
740
677
781
578
559
790
604
723
631
378
588
711
475
597
728
443
543
729
464
562
839
490
569
764
485
550
766
449
521
769
422
570
671
1232
635
643
616
588
867
540
454
634
407
466
778
472
531
766
396
456
796
508
512
739
420
569
741
508
568
664
506
562
790
493
574
691
461
530
795
543
628
763
567
637
762
398
579
650
379
492
683
382
591
845
788
638
788
488
600
683
498
481
753
389
495
657
441
485
655
420
481
773
495
608
773
510
617
653
408
633
734
482
614
725
388
550
876
487
647
816
467
591
737
415
650
887
500
632
772
480
606
834
602
736
822
530
618
957
554
736
877
481
619
842
522
690
872
474
576
815
479
569
829
428
784
977
531
634
696
506
504
788
546
718
858
499
625
820
724
676
798
462
656
845
501
595
842
617
777
1150
532
643
823
515
542
812
401
614
810
538
609
802
509
638
805
470
834
908
538
515
920
528
575
827
487
621
828
515
620
829
489
713
904
546
618
871
380
648
848
459
620
800
506
634
769
451
618
811
411
646
789
458
602
894
497
629
707
584
651
739
526
620
908
476
752
795
408
650
780
376
671
954
567
626
839
582
652
941
559
605
904
366
699
976
656
792
886
705
1046
832
487
671
838
496
644
910
475
752
873
524
678
771
404
556
862
486
702
907
483
614
845
477
804
777
499
655
911
416
684
836
482
640
879
580
614
851
463
661
890
481
658
858
496
683
868
453
642
903
445
574
777
519
704
1082
645
822
1061
546
887
1029
589
914
918
645
902
1078
717
893
884
487
701
924
522
725
939
577
779
1117
569
685
955
726
875
1043
617
886
1067
690
719
1040
665
820
1024
601
793
1005
556
769
1236
691
904
1007
586
779
1077
667
994
1122
544
876
1137
709
1079
1117
686
858
1183
781
954
1078
744
939
687
632
870
648
712
837
669
695
957
702
670
827
720
636
997
521
733
915
972
645
827
754
571
828
610
501
733
540
792
896
713
670
937
614
663
797
610
644
866
547
677
916
670
618
811
984
633
787
746
905
871
724
755
898
658
831
784
756
618
881
603
652
818
553
607
775
694
580
825
588
761
780
635
677
1002
669
894
796
627
971
829
631
601
845
556
633
736
409
573
723
639
589
901
535
565
792
504
550
765
525
595
831
497
543
987
667
550
778
538
611
831
738
609
773
509
680
716
511
588
707
536
509
673
601
863
922
572
491
786
620
605
721
393
545
650
436
592
798
520
445
776
427
547
775
424
720
796
493
663
818
642
602
790
530
741
806
485
576
801
484
689
802
497
605
787
525
519
684
501
586
885
554
611
837
498
613
843
670
728
1025
641
600
890
534
664
708
509
656
857
635
850
934
433
594
801
502
588
798
484
612
1252
682
764
826
820
716
893
495
618
811
541
781
840
386
646
828
550
739
849
516
780
1004
571
798
871
411
773
891
543
645
892
575
584
817
475
555
794
464
533
764
521
866
968
631
885
992
729
810
892
521
719
897
660
694
853
489
626
793
506
626
888
623
673
848
526
664
883
502
715
862
551
681
968
646
697
910
634
646
854
510
929
1020
569
666
963
606
744
820
659
823
908
563
787
892
560
760
753
406
661
851
533
673
812
418
636
875
522
681
906
506
697
932
569
763
892
518
707
892
577
695
949
560
740
963
525
718
931
550
731
896
591
765
958
508
710
910
536
683
1032
616
804
934
594
708
840
616
857
872
603
667
905
616
796
1082
729
751
868
485
729
902
524
958
932
541
686
1156
540
548
800
365
748
941
406
629
988
605
819
818
519
756
1015
507
708
974
494
715
903
905
762
907
533
658
1059
647
925
967
605
735
908
526
827
1063
606
787
1090
571
685
938
696
820
1148
458
694
1061
601
768
972
578
785
937
577
797
961
512
818
984
502
771
967
554
781
832
530
819
1005
714
913
978
676
907
1158
747
829
1022
673
907
1178
714
851
1013
778
924
1041
539
886
1059
751
751
1039
580
755
998
560
726
432
654
779
614
568
849
1106
614
788
1050
507
1023
709
834
884
883
638
898
717
546
752
536
678
938
796
626
870
777
610
795
632
764
849
522
621
839
611
732
817
702
765
874
697
521
830
640
761
840
651
593
835
541
682
827
535
692
877
666
577
832
707
839
892
566
666
874
623
608
830
560
596
830
618
584
1002
768
741
982
685
811
968
676
726
878
698
722
889
638
713
940
837
797
971
600
799
963
611
598
881
666
751
1031
611
805
869
756
689
1090
690
666
955
628
971
851
546
675
932
541
687
898
754
717
947
688
689
1106
730
780
938
620
762
1075
643
792
914
639
924
878
630
838
1102
829
820
1015
686
721
958
747
649
900
569
630
836
611
683
981
784
644
874
475
657
857
495
518
663
487
495
678
346
456
623
344
460
731
425
459
666
372
460
617
365
481
678
472
599
707
472
642
770
458
870
714
510
554
746
403
819
1022
572
547
719
499
579
733
551
605
781
454
578
809
473
572
947
505
696
898
549
909
798
655
574
1002
582
1087
1149
674
788
1057
583
726
1035
662
584
702
931
754
1041
454
641
872
545
747
814
388
681
985
577
658
912
632
654
803
495
533
849
403
642
782
508
645
753
436
533
810
538
706
830
452
562
863
473
689
810
418
506
907
569
688
805
491
660
837
469
558
770
412
690
788
515
576
953
470
681
754
486
650
828
433
694
772
589
852
963
748
715
851
537
671
826
478
634
799
634
750
803
473
780
891
467
634
858
494
575
756
405
669
910
421
590
806
367
653
794
351
677
849
608
732
838
456
728
852
487
708
917
375
766
890
446
597
759
486
706
796
487
599
870
428
557
792
392
538
813
425
670
785
519
689
873
452
657
794
500
643
798
477
723
969
493
656
863
569
642
760
462
627
805
589
766
772
588
662
817
428
611
774
564
664
824
516
653
887
496
661
850
489
729
880
361
610
789
369
708
790
583
699
1027
484
596
793
381
609
805
404
713
810
420
697
833
371
694
849
477
687
849
466
697
822
563
678
853
484
689
873
579
711
930
642
848
865
622
811
879
617
831
915
601
751
860
476
1069
949
735
793
1023
673
874
1025
749
840
1008
656
845
1183
753
703
584
539
799
890
491
706
495
620
676
848
573
677
1010
605
788
382
440
739
737
566
692
471
534
756
490
556
723
469
469
704
531
559
703
508
572
699
693
550
770
533
628
687
518
506
829
627
588
972
603
577
824
646
588
726
540
611
645
573
585
691
654
574
792
592
790
926
609
637
648
579
611
710
551
725
645
551
568
751
516
438
776
516
573
728
531
697
874
601
649
858
592
896
1000
473
942
822
673
860
959
647
664
788
566
590
779
547
648
741
427
546
817
615
726
690
679
613
783
536
594
764
565
718
967
611
782
1151
748
861
975
829
1026
923
821
546
693
612
622
813
694
688
915
598
630
679
505
672
770
543
565
842
559
642
845
513
624
1051
570
735
916
541
785
961
586
743
1078
597
650
829
422
678
826
519
591
884
495
563
945
524
667
859
579
686
723
542
624
712
559
1075
1190
1001
654
941
695
728
833
520
899
870
770
1011
1107
652
918
963
581
1215
1366
571
521
778
535
621
760
487
711
765
435
699
951
509
680
765
501
719
785
654
663
749
553
562
771
462
608
823
458
634
1081
511
604
855
512
644
734
548
529
872
539
807
1126
603
924
943
608
697
876
553
551
762
564
678
906
515
656
839
562
598
850
753
767
895
640
633
834
454
710
858
488
672
891
566
820
978
545
762
949
549
723
999
686
735
973
534
635
942
660
845
917
569
736
885
582
812
928
446
681
984
497
792
975
552
854
895
528
621
998
464
672
986
707
598
955
542
747
960
540
967
935
533
886
938
643
892
921
696
823
927
827
644
840
524
741
840
488
638
856
514
846
856
585
651
907
489
628
1017
495
726
984
618
763
874
509
690
835
446
755
919
527
601
941
442
731
990
597
797
1050
596
812
974
596
840
944
456
783
930
586
938
1030
687
958
1039
689
975
981
573
778
984
652
939
1091
595
1026
1092
576
940
978
621
815
1052
469
1067
1011
642
769
958
792
812
944
547
784
956
554
774
1023
542
768
1014
545
764
1021
568
784
1005
572
753
1030
545
921
1067
599
788
1004
519
818
957
536
817
979
497
813
941
573
875
1029
583
786
1039
587
775
953
638
818
1143
717
928
726
816
1047
583
748
957
608
593
894
1037
633
825
634
744
949
696
699
801
572
597
766
550
626
804
550
580
962
631
653
813
582
587
807
595
652
784
622
790
819
700
705
821
562
579
831
526
1006
872
711
593
1057
609
488
855
690
573
932
499
617
910
618
690
902
560
597
872
597
689
787
644
595
901
848
699
881
675
959
876
816
711
910
535
547
715
531
503
848
571
623
775
527
656
784
511
600
754
638
573
887
457
706
763
574
721
945
684
760
950
662
594
876
604
675
784
436
550
714
499
630
730
418
587
834
507
519
751
674
703
867
387
630
783
448
564
793
523
618
730
626
569
780
504
593
808
476
588
816
515
656
795
558
642
791
480
532
858
594
669
865
542
705
842
643
591
706
439
570
812
514
587
683
544
796
960
494
744
1038
603
758
963
527
721
923
948
735
981
686
747
954
627
762
918
574
749
904
512
672
854
497
839
1012
559
765
924
564
719
1091
598
759
897
547
700
922
565
831
958
604
656
918
566
670
902
546
655
905
560
789
927
666
859
906
525
763
895
683
667
982
647
819
888
650
865
1052
676
740
864
684
814
1106
715
955
978
610
765
932
589
785
947
620
792
905
523
685
791
624
781
1056
566
805
836
461
644
920
453
658
892
449
663
791
477
666
780
469
678
943
582
734
917
509
657
832
492
688
868
508
719
999
511
661
873
637
944
1047
896
890
1016
724
858
1104
723
854
1029
734
777
1025
780
852
867
446
687
857
655
832
904
528
649
762
557
749
926
542
738
914
510
805
990
630
776
1212
529
603
1047
646
748
1016
578
835
969
805
742
1145
573
792
1023
620
849
1068
736
914
999
574
788
1115
635
904
1092
684
707
908
527
695
846
773
646
830
535
841
1064
555
699
894
482
751
910
942
943
1014
581
688
843
470
623
854
528
788
963
589
773
1108
543
857
1071
610
667
918
513
762
1001
559
720
879
498
765
843
525
691
930
665
855
1064
649
726
990
782
830
1074
569
728
920
535
696
955
521
843
906
538
852
931
547
739
889
613
702
938
642
816
1004
662
992
935
750
874
998
671
895
1035
650
811
1006
546
865
1049
733
886
865
608
704
1051
656
824
1022
520
839
981
570
889
1132
515
774
1002
672
1001
622
931
767
722
638
771
604
560
807
662
683
813
647
634
914
662
667
810
664
573
846
576
771
833
667
680
969
606
624
845
714
824
905
717
887
786
784
692
772
593
493
726
608
569
794
554
542
769
552
531
632
421
693
752
628
600
760
464
534
879
568
651
838
510
574
750
399
545
807
407
580
756
412
496
671
548
576
664
560
665
806
489
546
744
459
545
755
478
567
795
621
677
795
553
813
733
530
499
762
542
594
770
464
669
896
576
704
858
715
591
840
593
685
808
768
728
889
632
623
787
466
547
744
564
635
784
537
566
753
401
796
847
549
795
881
416
502
769
454
564
799
465
468
767
543
601
767
563
537
755
476
503
717
373
550
766
501
585
770
691
568
802
377
506
768
491
551
753
514
488
822
503
554
783
479
672
893
474
596
821
520
585
889
608
781
857
792
704
873
697
965
828
451
749
1120
623
730
812
508
609
821
477
584
814
657
716
915
497
620
834
481
609
770
510
714
1013
673
722
1027
601
710
898
486
699
922
560
730
851
519
751
887
417
619
814
531
622
872
514
805
879
530
606
927
530
730
769
413
530
704
404
512
719
505
610
769
535
580
695
423
615
719
355
550
713
435
514
805
418
787
749
395
507
821
558
723
901
582
705
812
409
684
809
490
647
991
468
668
870
531
671
1008
559
781
863
685
625
959
534
727
891
548
1007
942
447
740
781
649
604
699
381
553
890
497
550
862
438
812
802
616
758
829
398
634
765
392
626
798
553
566
750
411
656
860
486
720
914
516
725
885
476
672
873
474
640
911
462
661
925
457
744
871
555
753
833
407
639
937
521
710
897
494
687
871
484
745
943
577
750
1001
479
707
865
445
710
882
500
709
1025
511
683
779
470
648
859
448
669
901
478
729
899
750
738
1006
607
695
927
565
694
1060
594
902
1008
658
869
996
565
838
977
854
844
1084
743
717
1026
717
814
1062
600
883
943
474
829
1004
632
799
936
657
747
940
666
761
1050
776
802
1014
535
800
1041
652
688
1010
660
786
993
615
876
1137
747
1022
1089
748
1329
1089
546
737
519
648
739
476
686
692
1000
663
744
560
580
774
529
746
840
470
590
767
514
495
642
555
657
833
684
562
762
586
783
753
536
712
852
508
730
875
758
496
908
497
619
713
494
429
983
623
560
733
458
473
646
446
500
699
541
753
835
666
678
795
580
582
842
613
588
845
587
526
752
430
531
766
489
540
640
491
558
811
533
527
733
462
498
836
517
753
904
638
687
963
596
586
991
667
664
939
762
590
843
603
758
918
542
739
825
661
661
809
420
609
730
503
679
1025
528
1223
876
534
587
779
545
569
709
530
571
752
544
535
719
384
461
769
464
593
744
560
705
811
521
593
780
512
628
780
641
739
770
658
559
809
462
646
690
424
734
760
614
549
884
637
581
839
540
655
816
539
825
1068
519
499
831
606
515
834
574
590
834
489
622
863
547
638
855
505
837
878
620
724
790
556
648
802
456
645
866
542
694
905
659
638
768
541
610
766
519
631
784
602
615
771
458
611
779
571
631
811
518
594
971
565
775
1021
535
563
797
522
675
997
706
733
937
794
665
895
640
792
901
456
813
815
557
666
871
636
836
876
526
674
936
567
657
912
577
690
851
506
699
929
468
739
909
523
700
1080
642
859
783
523
692
844
636
560
805
495
548
804
552
728
923
527
659
910
503
813
1080
723
541
849
555
644
904
454
551
813
477
690
902
578
723
927
576
691
896
519
650
990
643
751
1010
602
729
976
525
787
916
510
659
885
503
589
790
430
605
925
629
757
1002
671
765
906
626
686
778
618
921
961
511
820
1061
705
928
1227
509
643
1143
599
695
918
376
621
836
436
869
959
559
751
948
651
810
1030
546
710
1068
577
863
1062
696
960
1029
674
996
1126
673
852
999
645
869
1048
532
938
1114
706
855
1077
686
911
1072
599
795
1100
757
936
957
565
770
1061
622
871
1089
551
830
1057
560
759
949
584
797
1196
665
766
1224
654
758
1279
687
847
1082
722
838
1053
726
909
1042
606
897
1149
642
887
1086
644
1221
1188
702
917
1047
901
864
1377
572
812
1187
672
763
1093
576
820
1362
849
911
1081
615
895
947
580
851
1082
676
854
1002
715
898
1119
684
1070
984
724
900
1107
678
873
566
541
796
710
717
767
645
707
928
626
759
830
658
735
926
684
706
903
844
804
938
674
816
800
686
584
867
700
721
924
751
725
916
763
743
873
654
662
930
781
850
921
683
789
805
626
806
820
702
700
953
601
731
895
684
578
838
651
616
853
753
659
855
638
637
940
562
663
1192
708
775
1016
743
695
932
677
717
979
724
633
961
655
663
876
731
803
780
722
758
841
610
779
947
794
654
805
610
648
871
520
801
921
797
677
826
506
720
903
639
675
887
816
761
960
619
941
946
611
634
869
642
649
846
797
636
912
1005
707
968
647
796
976
526
716
1071
684
712
930
709
724
840
574
641
1265
573
726
848
679
775
960
705
694
949
579
699
895
585
690
818
576
840
865
532
709
922
760
712
864
592
726
920
591
734
900
552
747
882
859
780
950
693
799
844
523
789
997
667
832
957
757
808
1055
536
749
1100
602
792
953
644
772
1030
677
841
911
686
777
1048
595
692
1007
627
721
895
630
629
933
554
712
859
511
773
867
514
646
893
591
688
979
622
671
921
588
640
959
707
787
960
549
809
945
671
1035
899
855
874
1045
530
931
955
709
894
1081
571
782
1043
723
863
976
742
806
1074
742
929
1103
723
1064
1056
812
797
1002
678
883
1055
737
1039
937
822
835
905
610
856
1001
793
882
1054
701
911
1007
761
783
1072
753
934
1097
683
939
1083
567
910
921
735
777
1133
645
809
1001
743
867
906
570
853
965
588
727
919
565
762
952
603
820
957
611
800
1007
644
811
1049
634
682
921
599
687
812
423
685
865
645
746
957
579
758
837
522
767
858
458
672
902
498
661
821
499
701
1040
638
663
760
545
578
895
563
607
813
472
600
970
630
808
942
504
729
922
482
681
827
500
588
964
415
560
847
531
691
899
400
614
749
574
706
922
526
737
902
529
702
906
400
704
979
589
696
1005
566
565
792
603
569
893
648
708
811
390
672
888
517
731
912
502
835
920
498
789
956
540
746
906
489
760
938
390
807
965
492
777
1057
633
613
925
494
690
941
605
733
983
412
725
948
400
700
939
527
700
914
491
741
567
430
778
1116
566
714
451
607
712
481
633
755
520
576
997
481
412
796
489
491
713
594
531
741
557
578
759
548
522
731
506
538
741
467
474
781
501
520
791
467
500
618
499
517
687
603
628
612
401
489
583
519
413
598
522
501
925
760
672
1003
808
710
759
757
905
1055
767
689
914
695
755
831
692
750
808
748
628
777
542
686
1006
688
755
966
675
898
975
683
904
971
707
806
946
691
816
1197
677
904
830
709
798
1038
653
763
960
702
939
957
800
790
976
609
743
838
558
786
920
679
709
945
548
1072
911
659
713
1065
679
650
890
626
737
804
602
875
849
705
744
976
733
741
867
647
669
835
673
685
923
611
596
777
463
572
805
599
636
954
669
711
793
589
786
837
543
688
884
657
812
881
655
647
958
629
658
960
705
836
890
710
687
881
667
764
938
713
794
842
741
697
1101
637
734
898
713
763
995
751
884
890
614
760
941
541
789
932
639
853
1212
691
656
898
561
795
870
618
647
931
802
701
810
864
703
988
605
731
973
485
680
880
499
606
894
498
619
858
514
683
813
596
648
864
478
620
802
493
637
880
540
632
821
667
795
873
482
685
1016
722
866
886
702
790
1073
650
645
922
515
731
912
621
695
855
615
637
931
543
709
978
567
671
959
524
746
867
537
783
912
590
752
858
783
858
1001
534
843
1033
598
852
977
580
1077
1304
624
794
1015
761
765
1078
645
749
1016
649
731
1121
658
810
983
667
961
914
678
750
1022
604
692
944
548
696
924
734
758
1005
663
730
955
638
927
1211
631
897
1092
605
748
1048
645
843
1014
750
917
1045
654
1009
1024
585
865
1062
758
927
1101
693
775
967
625
739
907
643
821
1149
643
890
1061
715
860
980
763
744
1011
724
826
1035
696
834
970
568
917
1080
617
990
1223
658
1024
1004
573
757
995
597
769
1117
643
769
1045
811
946
965
655
796
1002
780
900
989
771
942
1258
810
1002
1235
725
943
1187
565
968
1009
670
800
1064
757
850
1145
687
902
1050
625
1037
1186
580
776
1039
680
870
978
661
733
1121
500
747
1014
558
810
1007
675
815
948
783
886
1004
595
805
1018
655
804
1174
682
912
950
504
698
820
539
691
932
495
758
841
438
832
844
416
695
482
503
672
942
808
816
595
567
1042
888
577
742
743
551
743
632
502
722
505
584
755
481
525
723
482
504
724
539
535
807
561
490
653
466
435
1010
579
617
737
560
579
693
425
547
735
434
532
690
523
679
777
715
723
823
649
590
818
573
607
768
557
694
871
551
603
727
494
575
688
587
525
683
497
549
704
489
462
717
453
511
746
528
573
761
554
517
796
703
674
920
524
727
897
660
665
1105
718
519
696
448
654
666
503
596
724
493
873
814
531
788
791
503
733
924
515
701
928
646
587
941
549
589
721
644
612
810
451
588
679
442
533
675
439
568
822
590
640
1004
617
642
818
577
657
874
608
516
805
528
583
809
490
549
711
436
611
776
419
700
738
495
601
785
499
665
889
622
581
858
852
876
1049
772
712
785
469
679
955
612
881
924
673
793
885
695
563
882
587
882
937
567
686
870
513
616
790
505
513
885
523
636
852
487
623
806
476
589
841
537
656
901
407
466
822
520
498
718
398
539
887
616
706
842
519
733
862
474
521
802
460
682
892
509
603
782
484
771
812
506
619
872
487
600
804
487
625
1098
473
600
813
584
642
839
501
627
894
506
607
899
573
671
817
529
786
894
407
594
857
559
628
865
424
631
819
499
555
814
490
649
826
488
585
753
571
671
821
508
646
893
497
609
950
520
678
871
510
666
897
520
583
796
430
537
800
584
697
717
498
609
755
495
771
806
511
542
781
360
556
758
485
656
806
488
638
771
413
679
736
465
636
914
442
688
840
450
628
1009
403
564
792
437
897
867
395
648
829
442
684
807
417
677
838
421
656
845
511
700
850
497
726
839
557
693
951
526
595
1003
619
804
1034
517
695
840
563
740
996
500
656
910
489
719
912
585
671
990
654
1085
850
532
679
964
468
759
913
416
601
1461
765
979
1107
715
916
1516
724
865
1109
733
980
957
524
1004
877
437
916
926
419
849
1056
531
729
1118
