35294
704
879
1048
685
892
1188
790
926
1183
956
1007
1174
841
1008
1075
863
974
1200
845
838
1082
643
1021
1195
712
899
1130
721
900
1120
740
789
1137
726
987
1081
669
786
1002
746
1032
1085
672
872
1063
772
981
1070
732
983
1047
667
1153
1101
633
906
1044
833
933
1158
621
827
1006
634
901
1060
891
879
1022
655
891
1050
642
841
919
682
876
1063
683
827
1049
819
1064
1222
760
1091
1337
756
943
1279
846
942
1305
693
984
1150
665
935
1063
732
1068
1275
896
1003
992
774
896
1126
855
930
1145
725
820
1114
696
930
1188
659
958
969
757
910
1101
601
859
1127
578
932
1151
679
839
1066
721
810
1090
676
871
1288
572
717
954
621
1008
1174
567
917
751
809
822
738
801
819
798
807
939
805
681
798
825
822
1093
848
843
971
742
927
1122
846
722
891
716
752
897
769
657
947
676
662
870
752
685
933
666
743
830
662
727
937
721
746
881
644
730
808
628
778
972
661
664
780
700
670
944
648
741
858
718
662
879
766
689
935
633
792
982
627
843
1051
845
822
956
697
864
887
797
846
839
796
892
956
710
706
1005
691
737
1031
698
750
816
578
843
909
680
827
802
680
680
886
656
652
979
597
704
900
726
700
907
676
840
998
821
641
843
750
765
911
750
659
1041
740
770
984
737
745
917
678
963
945
716
660
982
663
741
1030
631
891
1020
678
740
904
641
906
897
701
844
933
649
882
977
680
763
1005
662
800
894
626
807
881
643
726
944
623
774
943
712
843
910
577
768
1092
751
832
1052
830
878
1152
745
857
1026
707
869
1006
706
881
991
812
842
933
753
710
1071
672
684
996
626
826
1013
758
783
1071
770
825
923
731
781
1016
633
778
945
656
820
997
590
891
1027
687
998
1044
567
683
914
568
899
1007
669
821
999
799
874
1067
777
834
878
666
781
1019
635
840
935
586
726
845
521
697
835
534
942
1041
655
795
1040
650
662
1108
784
961
1101
896
823
1027
624
823
954
708
876
1058
655
796
1077
711
955
1221
724
913
934
830
949
1177
953
930
1168
820
823
1130
677
1095
1006
632
928
915
610
686
949
614
844
1153
824
902
1071
786
926
1049
837
851
1021
660
822
1053
765
948
1330
711
732
1156
811
980
1064
606
945
1033
633
882
974
565
742
985
641
980
1052
821
980
1109
675
891
954
716
1002
1089
849
936
1338
786
1064
1202
724
819
1046
725
894
990
732
827
911
603
786
949
633
806
945
1165
808
1138
674
845
1035
626
861
1024
673
936
1130
841
908
1250
813
817
1065
698
802
996
776
987
1145
837
977
948
636
862
1062
727
919
952
591
939
1010
706
929
1112
755
1042
1058
587
832
980
728
1025
1089
651
960
1178
836
917
1126
730
861
1163
726
1009
1313
730
921
1078
589
834
1090
748
921
1098
718
779
1138
769
949
1255
632
830
1086
679
873
1081
690
881
1193
829
843
990
669
798
1114
599
785
1000
596
806
1045
800
973
1249
760
952
1224
801
912
1071
752
895
1063
836
1044
697
751
905
1176
769
878
709
749
944
1115
866
885
746
768
1111
877
723
805
679
774
906
773
685
866
672
701
888
627
757
1027
811
749
886
676
748
1109
632
623
830
844
891
924
738
929
981
848
740
984
739
765
841
651
678
854
713
611
935
620
928
898
645
713
917
643
783
866
669
836
1046
680
617
868
655
669
814
643
760
935
737
862
1010
634
720
1014
848
798
1084
718
822
1028
765
644
1008
1514
963
1210
683
768
938
569
619
1024
663
771
1063
758
776
1086
852
891
1046
704
849
991
994
773
917
895
895
1089
719
777
1006
635
664
878
659
745
934
741
708
921
566
842
990
642
799
1091
686
757
1072
642
851
1063
682
662
1032
763
738
961
589
695
1027
676
755
973
665
750
933
681
642
946
633
662
938
607
782
894
704
718
873
580
810
1032
752
726
1032
713
769
982
616
754
927
647
842
1044
569
674
886
608
666
953
561
797
991
724
777
1022
724
801
1039
798
677
894
718
769
972
708
795
1121
907
749
941
597
747
967
574
753
907
814
1005
1149
835
972
991
672
971
1243
798
892
1018
725
898
1069
669
1045
1007
736
835
1093
759
866
1049
695
865
989
790
873
1101
652
828
925
536
838
930
598
784
911
642
725
1076
675
712
1078
724
909
1083
675
874
1062
692
790
949
683
761
1111
671
801
1057
667
689
1118
620
745
1036
652
832
1096
672
799
1038
632
812
963
644
795
1560
634
809
996
652
868
1013
595
746
891
585
809
982
588
803
1027
556
877
1129
776
888
1056
671
709
1021
698
972
1182
767
865
1212
833
982
1181
708
864
1149
721
910
1119
765
822
1150
748
991
1228
743
967
1245
742
901
1110
846
853
1024
626
850
1061
682
781
1054
618
887
1015
646
859
1064
644
898
1076
643
1070
1261
783
1024
1086
721
858
1037
679
883
1035
686
992
1044
734
918
1077
765
880
1063
668
1095
1259
768
911
1100
634
887
1120
653
875
1239
689
911
1205
798
906
1279
797
1063
1317
1050
1075
1414
869
1052
1272
858
1108
1326
988
1214
1218
808
1035
1191
797
805
1155
744
914
1147
665
892
940
806
955
1166
722
851
1049
745
888
1174
701
893
1016
862
954
1196
738
1064
1163
858
871
1098
699
987
1009
643
892
1241
812
1074
1249
889
968
916
815
1072
660
819
942
806
869
1066
796
819
1054
639
643
991
779
666
817
618
671
823
579
788
941
755
788
1003
895
684
897
720
755
1022
660
783
932
621
993
980
711
723
867
754
694
893
738
665
881
873
734
825
907
778
1031
933
926
1010
821
724
955
703
719
968
827
1075
1015
798
818
830
884
1044
1096
819
1187
1168
728
882
1007
738
980
1161
851
1020
1023
793
863
1137
692
785
1031
733
884
978
658
975
908
788
849
1132
734
859
1005
667
704
1031
741
795
1073
852
907
1184
939
902
1155
901
841
1854
905
885
1039
820
983
1057
774
1066
1055
819
794
1061
859
994
1059
767
852
1103
740
923
1056
859
976
1092
815
838
979
921
923
1099
826
779
1123
792
986
995
689
1098
1302
846
973
1091
848
880
1189
791
904
1138
861
918
1192
930
994
1193
731
807
960
737
976
1029
795
922
1129
713
993
1146
685
1040
999
795
932
1264
886
1062
1240
916
912
1300
726
1037
1074
966
920
1165
832
1009
1080
810
904
1077
649
835
1219
922
998
1059
772
1165
1202
946
929
1105
874
1103
1193
913
859
1196
799
1069
1230
842
972
1217
814
781
1193
943
984
1156
728
899
1125
816
977
1187
892
946
1151
888
983
1224
912
1019
1162
723
890
1211
772
970
1298
850
1067
1144
669
895
1138
760
1066
1170
917
1106
1265
912
987
1240
826
970
995
790
1098
1206
953
1066
1041
760
998
1308
809
947
1273
961
1115
1227
906
1043
1191
830
1062
1151
817
968
1269
774
924
1250
914
934
1269
835
1138
1220
832
999
1272
933
1167
1386
944
1006
1279
936
1579
1337
624
1041
1176
887
998
1273
788
1126
1288
1015
1066
1217
810
1067
1134
943
880
1105
844
1067
1170
778
965
1278
746
1084
1087
878
1122
1178
616
973
1171
852
943
1077
880
1082
1294
839
939
1266
916
1045
1301
772
970
1286
813
1230
1253
862
1066
1323
729
1064
1216
877
1078
1186
826
1232
1292
869
1096
1300
708
1087
1204
843
1102
1322
711
998
1168
785
1064
1351
783
1079
1259
906
1143
1238
977
1180
1264
866
962
1236
979
919
1087
834
1206
1359
840
1155
1227
929
1000
1371
873
1087
1333
996
1063
1439
890
1057
1361
991
1053
1208
806
1079
1317
944
1080
1160
803
1158
1348
998
1204
1316
821
1117
1300
1010
1109
1372
875
1115
1280
864
1044
1151
771
977
1206
834
1005
1112
895
902
1063
683
1074
1136
717
922
706
720
967
1179
763
942
1068
683
950
665
864
980
710
676
881
688
880
956
749
672
1126
999
588
824
545
597
773
651
567
963
694
707
1004
638
742
992
710
778
983
737
736
871
649
760
897
761
793
914
708
634
842
689
865
954
640
739
979
777
669
1516
643
681
1027
700
726
883
615
654
855
664
667
970
575
839
872
752
795
1077
608
669
850
654
847
975
723
656
977
712
799
991
828
807
1127
775
742
974
627
875
1022
596
832
875
802
818
1203
731
630
855
598
639
935
801
769
931
585
788
934
761
931
880
599
864
1084
822
936
993
651
887
946
675
864
1069
803
839
1025
675
794
953
688
705
944
674
822
951
758
703
956
699
633
804
674
712
938
739
873
982
614
760
1035
799
749
975
621
731
900
713
791
989
697
760
1016
724
915
852
905
647
932
801
768
922
1000
840
1243
664
962
957
642
767
1014
567
893
1065
733
740
978
578
823
873
522
615
839
781
820
895
573
682
864
560
666
989
642
815
1034
737
828
1055
750
832
1070
696
783
1105
791
910
1077
824
909
1088
691
890
1191
745
917
959
625
772
988
660
781
894
695
730
1016
589
745
991
718
724
1038
677
912
999
750
865
1049
663
771
1014
662
749
1056
618
1673
1026
655
814
908
566
846
1004
536
790
1113
549
796
979
635
901
1011
730
877
1203
631
761
941
761
699
919
534
698
912
518
713
889
500
884
1020
770
919
1043
754
795
1029
877
911
966
734
865
1169
695
838
1149
645
850
1096
760
929
1052
772
866
994
584
772
1043
636
810
1125
773
847
1012
644
850
1027
584
751
890
744
877
1022
547
819
1056
701
884
1135
665
852
945
636
684
985
748
842
1120
778
911
1124
758
904
1137
686
911
1076
663
1063
1126
657
837
1084
593
862
1054
650
888
1015
611
837
1027
646
775
1044
675
889
931
659
849
1124
635
1025
1187
612
975
1208
731
1062
1068
757
928
1076
630
859
1014
720
908
1026
734
741
1030
700
876
1214
934
1034
1069
654
863
1090
536
863
1019
671
1083
1124
834
1027
1339
848
1061
1079
785
917
1343
876
1134
1312
867
1003
1204
737
951
1141
785
944
1068
820
919
987
796
1056
1112
811
827
1106
865
898
1541
696
912
1116
661
867
595
683
897
794
677
921
1001
569
859
1106
668
946
598
832
981
823
789
925
724
744
913
606
761
1099
677
689
934
687
695
893
684
664
925
662
637
1034
665
813
898
772
726
910
797
757
818
667
868
938
907
784
1033
674
799
962
674
912
1199
854
983
1126
849
812
1078
842
910
1115
834
831
1070
904
953
1026
769
800
1008
829
899
1089
712
888
1009
945
1022
1089
794
718
1053
691
795
1035
664
777
1001
707
746
950
821
673
822
680
718
877
566
580
862
681
701
955
849
1231
1068
701
702
884
740
663
1084
746
723
1107
653
684
989
843
826
962
653
768
1072
707
759
1151
901
861
1108
784
885
1113
816
801
1111
555
720
992
755
903
924
693
741
946
741
885
980
687
783
981
639
853
967
671
760
944
794
779
983
651
769
939
650
843
1006
721
846
1013
642
856
1108
705
855
996
596
838
912
716
821
1076
745
888
996
677
896
884
694
923
1055
725
855
1150
809
863
1042
654
854
1201
867
858
1207
653
855
1028
837
851
1072
859
712
864
627
792
1076
544
698
966
711
912
1007
725
819
1000
679
1458
980
609
762
1000
670
774
925
536
712
877
579
884
1131
720
762
960
682
894
1041
722
996
1068
700
871
1088
829
818
962
635
750
943
573
844
1244
846
825
1073
735
782
886
682
797
852
558
698
816
495
663
943
653
872
1020
648
786
1049
719
740
910
566
1077
1080
771
946
1080
649
833
999
712
900
1079
639
845
970
731
778
1007
741
896
1033
678
789
1081
753
955
1130
753
957
1113
655
965
1082
678
974
1122
779
1141
1292
791
914
980
813
908
1096
805
773
1012
673
873
1024
991
788
1087
851
1027
1106
730
1144
1170
854
904
1205
663
925
1062
732
931
1056
715
992
1144
736
923
1306
940
1173
1231
780
1129
1194
794
1063
1264
688
1110
1064
747
905
1022
629
804
1126
632
767
1025
595
817
1132
753
891
1113
625
842
1104
616
834
1036
695
903
1005
717
895
1056
680
875
1215
779
1117
1230
735
972
1104
613
905
1184
791
918
1160
645
930
1112
593
919
1166
727
909
1075
746
767
1062
552
1062
1198
679
1024
1155
667
864
1040
677
990
1099
736
829
1226
653
787
1274
774
843
1059
787
803
1022
690
883
1058
615
889
1044
533
973
1032
754
896
1145
785
953
1078
683
837
733
822
970
678
829
934
705
725
1023
831
795
981
707
845
1031
744
756
1011
737
685
1093
748
811
850
574
751
973
586
603
930
658
592
931
944
678
1035
691
833
1005
738
811
925
694
998
930
765
770
934
583
674
992
634
700
926
725
698
912
715
680
841
629
654
1033
697
557
929
715
671
864
587
667
866
915
870
986
614
667
846
722
739
1035
675
731
1048
633
696
1088
608
722
915
684
776
1010
726
811
849
689
710
874
594
767
849
599
916
1024
637
742
900
749
723
1037
661
716
1045
663
923
984
655
757
1104
733
746
973
709
753
822
707
708
919
740
763
831
667
776
912
662
811
963
672
802
1061
766
738
880
753
742
1035
672
707
994
746
693
938
1159
780
1240
684
747
1126
805
922
1152
737
727
943
670
731
968
607
700
903
640
839
1001
609
733
929
767
740
903
712
834
906
819
884
969
659
713
1099
806
838
1149
791
925
1177
694
835
1066
597
786
1020
648
791
1089
716
753
1017
614
776
1148
702
962
1010
706
812
1032
648
748
968
580
830
985
755
808
1016
789
980
1172
899
793
1209
707
894
1148
802
869
1215
751
853
1099
792
975
1091
765
829
984
669
813
1042
633
870
1064
711
930
995
683
796
969
673
785
1099
693
801
1140
650
775
1038
739
842
1250
963
957
1214
837
1133
1165
791
983
1037
716
846
1058
639
869
1020
984
931
1079
596
863
1101
669
989
1371
865
1010
1081
816
928
1126
659
877
1222
831
937
1085
917
906
1116
666
864
1006
598
915
1015
695
1041
1033
604
1007
1068
535
835
1043
624
848
1045
641
812
1077
838
1027
1270
948
1032
1257
753
1021
1265
889
1068
1217
891
1093
1220
879
1178
1204
800
1000
1257
658
961
1100
584
973
1555
748
888
1161
774
819
1144
835
974
1011
603
998
1178
645
976
1084
683
1025
1182
680
1028
1189
695
954
1153
726
1020
1186
879
957
1199
803
994
1148
775
735
1045
648
965
1094
641
885
1211
676
999
1024
697
890
1053
627
816
1016
582
806
986
592
894
1050
627
820
1081
627
908
1117
688
893
1126
712
1054
1156
679
964
1142
720
931
1045
649
1041
1220
771
950
1156
804
908
1149
658
892
1063
665
926
1075
680
786
1040
666
885
1060
760
926
1106
674
940
1022
663
946
1081
778
884
1134
673
1029
643
672
958
846
707
1040
671
841
1069
744
749
789
626
829
996
550
639
869
668
697
848
684
680
782
556
756
891
575
615
841
557
619
842
639
716
947
760
944
1151
782
922
1006
789
891
968
756
918
1104
920
742
947
873
787
949
761
938
1113
884
744
1009
670
715
887
842
761
923
688
742
908
684
742
910
655
778
914
679
800
972
797
768
895
734
790
969
639
633
1026
692
861
959
598
709
1770
626
660
957
558
678
857
742
729
833
569
625
803
616
725
916
519
691
864
631
783
1022
686
698
946
607
759
942
614
769
920
698
821
948
698
682
891
705
656
828
611
777
883
542
632
802
509
634
789
570
725
1014
639
889
859
651
782
918
632
758
983
841
687
996
768
805
1016
641
806
890
598
942
916
708
1005
990
760
924
1047
925
705
960
672
750
959
726
749
958
616
752
969
659
777
953
701
802
938
692
703
937
586
733
991
711
743
1050
684
823
1027
735
858
990
791
957
939
695
706
885
633
793
929
621
827
936
668
755
890
671
701
940
640
748
979
656
861
1106
657
788
932
572
635
931
615
773
1080
713
683
972
594
938
1018
802
841
1080
682
807
1003
732
748
975
618
797
1036
813
806
1008
619
875
942
610
831
1130
745
930
1173
815
926
1211
763
900
1074
789
947
1143
768
1020
1129
588
950
1093
715
897
1036
750
985
1142
836
1036
1133
594
819
1094
824
1039
1114
725
816
1035
682
755
1069
614
1054
1156
640
931
1107
697
944
1039
747
851
1013
712
729
1013
612
796
1125
632
813
993
566
918
1081
620
689
961
604
754
1004
635
800
962
625
876
1107
524
925
1003
582
972
1052
701
903
1067
582
836
1009
582
782
1087
875
1008
942
876
1039
1181
750
830
1179
701
806
1103
610
1098
1067
746
788
1140
646
819
1040
634
847
1093
726
1081
1275
610
876
1209
766
867
1443
855
894
1090
653
967
1047
692
897
1074
688
1055
1215
747
1008
1148
832
1129
1101
786
1136
1299
723
938
1022
594
900
992
778
889
1038
779
1006
1110
685
875
1142
730
760
954
736
884
1200
692
955
1110
551
852
993
567
797
1177
624
930
1172
642
1009
1126
674
929
1122
930
993
1138
764
976
1157
812
919
1234
731
963
1108
753
867
1210
711
1010
1150
782
1086
868
765
937
796
765
934
676
689
816
599
664
838
696
667
1037
668
945
927
682
675
960
800
800
942
723
704
939
705
717
892
678
740
884
607
619
846
804
900
1017
743
800
905
700
690
847
650
654
1191
959
831
1098
870
786
950
718
764
817
641
752
1015
805
787
970
713
760
950
556
692
836
686
835
933
735
812
869
731
736
846
700
820
908
768
761
1063
798
879
1004
782
659
995
701
889
1015
865
822
935
697
777
919
645
863
1026
873
791
858
705
799
936
653
728
1074
854
759
1073
786
800
934
754
924
1185
873
1017
1014
657
697
854
558
727
948
827
844
1107
958
797
938
712
802
957
795
834
1001
782
915
1105
727
767
930
811
819
1005
774
846
1084
761
786
1063
698
816
1022
914
764
1024
649
1256
922
597
685
887
646
781
948
615
680
885
523
710
943
556
894
1233
790
1024
1205
959
924
964
657
945
1176
853
1009
1124
715
879
985
599
790
971
682
778
976
776
740
1055
814
1078
1001
622
819
1011
661
1042
1100
893
961
997
711
914
1080
663
931
1017
800
983
934
708
948
981
788
811
977
768
799
1006
616
739
941
547
787
992
604
722
841
531
658
915
531
787
1077
838
924
1052
720
777
1043
679
876
930
637
909
939
697
867
946
826
976
964
644
968
1028
795
942
1020
532
755
1130
706
884
958
611
759
965
684
756
1171
886
953
1127
663
816
989
687
936
1000
856
912
1140
657
850
1096
696
789
1058
640
829
1115
771
744
897
639
912
1113
623
839
992
756
810
1154
648
743
1059
767
889
1060
638
907
1106
719
908
1013
600
847
961
603
766
1000
639
685
1017
632
814
1009
677
847
1082
551
828
1103
685
989
1000
800
893
1102
595
798
1014
676
756
1168
637
922
971
661
799
976
545
806
1069
544
851
1031
557
827
1090
614
845
1133
776
982
1065
812
865
1031
610
870
1154
710
908
1066
667
918
977
752
744
952
811
941
1082
660
870
1161
774
893
1076
755
998
1143
734
993
1103
768
943
1198
745
844
1065
691
937
1298
620
1072
1145
600
1047
1141
627
824
1032
784
841
1068
624
893
1076
911
955
1080
745
856
1061
914
962
1238
827
944
1250
840
933
1190
655
951
1011
833
973
1048
693
860
1072
713
937
766
763
953
799
755
959
704
943
887
709
856
947
773
639
893
677
759
929
721
698
1135
823
684
918
664
799
884
689
801
889
690
782
928
680
671
952
665
695
927
643
704
889
794
782
929
660
701
1202
703
723
966
687
655
932
853
915
1105
808
945
933
831
725
901
783
781
1139
615
786
973
883
755
919
629
673
947
712
734
938
901
879
1145
830
1007
1101
720
763
970
600
823
982
783
819
965
848
771
973
705
846
948
602
708
883
609
586
801
572
651
798
561
688
925
608
758
944
668
957
1002
650
760
1005
701
714
990
645
718
1139
655
877
981
635
819
1107
742
893
963
563
830
879
753
842
1030
645
640
933
798
767
959
638
907
1028
680
826
858
773
879
991
683
784
1093
662
798
979
697
784
971
675
718
891
725
870
1093
649
740
992
808
1061
1036
785
983
1054
791
776
1011
531
897
1049
779
797
981
830
905
1107
805
838
892
808
779
1014
841
692
1138
743
634
887
624
799
953
640
868
1105
737
850
1096
843
930
975
717
897
1128
752
821
982
527
745
976
715
818
997
630
878
1070
782
739
986
729
770
926
492
735
928
706
769
920
642
788
1003
669
795
974
692
833
1019
688
844
1019
633
726
888
617
811
1076
698
821
1059
878
894
1038
637
827
898
536
1033
1095
760
815
963
603
735
1012
637
801
1039
645
775
1005
787
952
1004
588
731
905
659
725
930
903
768
942
637
751
1068
736
795
994
561
747
969
620
722
1030
704
752
1086
733
882
997
731
888
1061
774
886
1049
1240
993
1101
741
932
1101
822
812
1013
696
911
1035
603
813
968
561
747
928
702
879
1071
696
832
1010
674
838
1174
753
1071
1248
693
925
956
658
874
948
648
864
1059
889
1026
1247
784
1062
1155
790
958
1119
821
997
1218
870
987
1190
852
1020
1190
784
884
1205
762
933
1067
793
990
1371
897
1001
1177
738
886
1025
752
982
1167
826
1125
1091
860
902
1163
751
944
1136
665
805
1036
550
770
908
600
767
966
693
867
1191
791
938
1155
717
854
1139
759
872
1068
536
982
1152
744
934
1208
679
1031
1055
587
769
1121
714
766
952
762
932
1121
599
796
1054
889
904
1074
677
910
1077
828
833
1009
631
825
1210
591
846
1196
777
845
1167
723
920
720
744
878
1145
629
867
1313
761
897
753
721
1021
788
770
950
1178
668
1108
769
926
1018
775
744
926
684
676
807
793
875
979
781
941
1056
743
880
982
733
784
929
805
769
973
782
820
1143
800
806
969
715
787
1148
807
986
1078
951
730
1107
764
880
1130
670
826
1090
758
791
1063
756
649
824
668
772
1052
709
762
915
550
609
887
641
788
1022
771
674
904
752
810
883
721
794
880
571
732
878
616
797
861
622
647
905
615
717
884
577
691
983
626
667
883
775
799
1056
663
697
881
653
924
939
618
777
1055
614
786
912
601
791
942
632
790
1068
783
731
976
602
739
1072
661
875
977
1947
856
1109
915
746
922
701
695
910
753
812
996
715
852
1075
652
740
908
653
847
976
565
1019
1215
719
762
1031
581
834
872
643
752
896
800
905
1019
842
838
1073
651
774
984
580
626
834
532
815
924
673
703
913
715
869
1049
652
654
880
561
647
943
689
1017
1011
634
773
943
671
759
945
674
682
858
737
803
1060
706
825
981
758
981
991
696
836
947
667
881
992
674
837
1004
638
801
1001
688
792
934
624
845
1123
692
757
911
664
875
944
710
983
1157
740
903
1248
752
917
1126
752
873
1017
661
761
955
717
827
1063
703
881
1038
678
874
970
634
829
967
673
814
899
551
947
1007
851
950
1103
798
829
912
646
822
1056
754
1025
888
572
930
884
768
894
994
675
778
929
520
979
915
568
715
911
709
878
958
739
1005
940
682
963
1171
750
841
1009
578
873
1035
619
797
1011
829
958
1110
777
1039
1114
683
980
1058
676
1021
1095
590
925
1061
985
837
964
696
821
1003
712
733
906
631
745
984
651
879
978
714
824
966
587
903
1056
624
831
1153
672
816
1100
886
1018
1165
636
910
1017
542
780
1015
632
920
1163
672
887
972
659
914
1058
748
912
1047
655
856
1092
715
854
1168
676
984
1062
734
790
1114
764
889
1085
912
931
1050
664
1002
1059
599
939
1102
754
939
1103
667
996
1164
925
1080
968
677
935
1177
741
858
1076
847
1080
1177
603
827
1049
750
959
1188
743
1158
1148
941
929
1202
901
915
1047
721
845
1157
727
997
1123
737
931
1040
598
840
1072
628
957
1113
718
983
1134
829
922
1120
643
978
811
628
979
1067
636
897
1095
662
848
791
771
872
627
669
929
1081
637
852
611
749
941
678
712
830
632
636
994
724
808
926
580
693
927
641
724
912
623
924
960
1005
681
850
757
785
1019
807
658
900
681
691
865
615
890
937
693
783
957
632
641
977
606
672
897
650
797
846
571
670
850
560
650
856
688
756
958
580
689
1034
768
721
927
759
823
1041
796
860
1130
898
857
1107
794
966
1058
785
700
866
642
862
862
662
756
935
610
777
907
570
759
956
644
842
963
649
765
977
588
729
869
565
748
937
607
803
865
674
813
1027
645
676
898
594
960
1104
794
880
1070
661
869
1137
747
819
1075
769
900
1050
744
590
875
679
676
825
620
807
992
654
680
898
603
943
1103
684
726
980
582
706
975
707
788
1155
553
862
990
814
876
1050
592
795
1078
754
744
977
638
733
933
633
747
946
840
1030
1170
705
697
1025
696
754
877
676
802
997
646
762
924
736
756
1053
818
908
1007
628
851
999
707
775
938
707
807
1103
665
684
1108
628
748
1046
635
780
946
631
726
1063
696
825
1031
756
1221
979
635
731
927
625
780
1218
799
841
1022
736
753
976
682
771
874
587
737
934
545
810
956
853
865
959
589
730
878
660
722
956
577
752
928
692
699
953
616
843
874
564
800
899
738
746
1031
600
711
1013
739
845
983
688
830
1048
674
764
1017
727
824
1008
684
930
1107
607
815
951
561
841
1097
641
829
1015
577
1025
1169
792
1049
1138
684
764
952
548
751
965
545
681
945
636
800
917
687
905
959
869
806
1157
649
1059
1063
688
1059
1141
696
807
1031
670
812
1069
658
773
1035
812
915
1149
834
994
945
682
805
925
576
909
1105
669
701
913
564
884
950
572
924
1026
502
748
1040
538
780
1194
713
899
1385
644
821
1215
715
877
1146
708
947
1114
683
805
1144
594
922
1113
743
854
1082
586
901
1087
751
924
1055
649
935
1126
532
843
975
595
820
986
621
825
988
813
1109
1245
882
982
1167
746
887
1186
838
1094
1301
813
1116
1316
871
1136
1263
973
1148
1303
793
1043
1266
1110
1106
1088
666
824
1020
778
853
1165
783
944
1135
826
1011
1207
724
969
1106
671
974
1132
752
847
1122
692
1028
1239
830
849
1098
576
881
1164
831
982
1109
714
991
688
711
948
889
664
990
660
675
1085
731
629
880
633
639
924
640
695
938
694
793
900
720
711
1010
682
677
847
652
688
859
756
695
854
627
766
914
738
714
1015
727
771
1006
694
733
1009
803
798
843
679
764
860
867
795
1015
884
832
1030
746
746
935
792
794
925
651
766
966
661
624
1008
581
764
1023
632
630
1035
712
648
996
699
833
1002
755
835
1088
729
895
1126
727
841
1046
760
915
998
853
959
1043
879
845
1000
919
818
879
671
895
1079
921
850
929
865
855
982
789
849
1114
838
894
1009
703
1059
1142
893
858
1008
833
968
1053
893
929
1149
581
725
972
658
745
939
660
726
1006
770
850
834
550
731
957
670
749
914
665
796
999
624
760
890
542
798
1495
681
838
1052
766
766
970
682
753
1024
725
840
917
709
824
1038
719
840
866
704
901
970
643
901
999
703
771
930
725
795
983
658
792
1123
909
969
986
778
800
941
704
766
976
852
877
931
772
788
954
766
766
1015
727
866
1072
706
870
957
665
909
991
680
767
991
666
892
1036
665
732
929
574
737
905
593
871
918
784
748
883
790
857
1216
626
791
951
616
758
942
505
757
942
686
770
1020
706
852
979
725
929
1142
667
996
1209
742
960
1085
802
905
1023
845
888
1112
779
907
1208
783
878
1094
813
931
1085
805
941
1103
807
885
1091
891
1195
1441
823
1007
1202
823
901
1159
879
1037
1227
906
1065
1065
972
887
1106
923
978
1209
812
1117
1383
976
927
1078
759
1185
1213
787
926
1121
887
909
1114
893
1156
1273
941
1093
1325
851
1083
1269
882
1110
1357
921
1090
1269
1004
1085
1327
948
1135
1390
1130
1131
1355
936
1108
1319
936
1045
1340
1056
1216
1364
1147
1063
1286
975
1141
1303
938
1400
1275
837
1012
1193
788
1087
1247
865
952
1349
709
1103
1223
693
965
1220
700
1018
1006
797
1019
1267
774
1004
1294
814
994
1050
778
1061
1327
884
927
1233
815
1135
1353
864
1061
1361
928
979
1303
922
1166
1443
916
1098
1316
942
1162
1177
672
1123
1258
818
1094
1318
811
1146
1297
816
1003
1270
856
902
1302
843
1082
1383
788
1068
1245
779
1016
1206
791
931
1295
900
1171
1284
918
1041
1302
954
1165
1461
974
1271
1168
723
1179
1309
1017
1088
1309
886
1138
1347
861
1203
1187
873
1076
1131
765
1091
1282
940
1044
834
911
1097
728
1008
1140
963
872
1194
893
929
1024
842
1019
1069
866
924
1157
753
833
1053
882
1005
866
878
873
1097
900
1002
1016
923
908
1077
812
904
868
734
847
989
805
948
1037
834
1000
970
707
849
1046
820
841
1031
808
811
1123
920
896
1070
855
972
856
654
825
1091
842
814
967
842
829
1114
879
945
975
885
937
1120
797
893
1076
849
987
1112
948
947
1166
846
1095
1078
802
864
1030
947
1105
1198
847
857
1054
712
939
1076
906
945
981
868
925
1238
986
792
1096
740
964
1165
804
850
1218
1029
936
1177
922
1047
1133
931
954
1138
852
969
1209
839
1078
1163
874
1023
1148
953
1096
1217
933
1061
1134
943
795
1182
874
862
1226
718
1023
1079
1007
941
1177
934
1114
1058
1021
901
1124
873
949
1120
695
999
1270
1017
934
1287
877
973
1361
818
939
1154
925
1082
1252
910
871
1087
776
1011
1354
888
1025
1101
910
1152
996
937
1032
1187
1081
1173
1153
897
941
1189
758
1126
1255
942
1071
1139
840
977
1066
875
1036
1226
837
1024
1210
840
923
1118
793
929
1209
834
909
1085
679
835
1213
959
1194
1217
834
1164
1226
992
1071
1269
837
1105
1375
929
1060
1224
868
1096
1301
822
1089
1049
906
1127
1183
898
1036
1261
887
1175
1197
733
867
1303
980
1106
1117
754
977
1171
771
875
1156
889
980
1178
845
895
1235
905
970
1138
752
900
1182
870
921
1032
783
929
1092
841
937
1160
847
874
1067
734
1038
1217
946
899
1068
841
989
1241
877
1099
1068
744
1013
1131
616
897
1169
859
1114
1305
915
1058
1251
1012
1150
1150
852
1014
1290
850
1069
1271
865
897
1104
768
981
1154
693
1062
1232
921
980
1169
993
1044
1304
838
996
1298
923
1107
1264
838
1095
1338
900
1112
1344
862
1050
1233
769
986
1045
934
1057
1310
811
1021
1191
984
947
1261
694
1159
1352
835
893
1220
832
1111
1127
885
1024
1214
908
1108
1259
917
938
1109
792
1060
1211
917
1195
1117
900
993
1239
882
1043
1413
762
956
1173
763
929
1296
908
1094
1231
624
1000
1277
834
1147
1354
998
1143
1330
936
964
1311
882
1135
1346
966
1168
1350
926
989
1169
916
1029
1268
777
1044
1243
742
1032
1206
862
1060
1279
831
975
1316
852
925
1271
764
1027
1214
817
1015
1206
970
1077
1328
828
1149
1282
874
1110
1286
913
1116
1429
709
1136
781
763
936
771
902
1059
839
830
1045
964
977
1102
880
823
1002
832
770
1091
827
1001
1047
611
789
1048
862
761
1075
808
751
984
637
827
1027
642
840
961
929
841
1149
908
1017
994
811
872
1038
900
879
1044
808
979
1039
713
843
964
808
878
1061
885
836
1097
647
914
968
751
839
1070
818
974
1082
805
840
1051
790
828
1082
648
852
983
674
829
1071
755
792
982
695
827
974
675
749
1042
727
836
1040
610
938
1059
699
755
1059
849
948
1058
632
1040
1169
886
919
1306
837
872
1015
714
968
1098
671
777
1006
727
910
1140
943
888
1244
992
1053
1131
1028
990
1256
899
1066
1266
925
1120
1224
944
1046
1211
992
1093
1249
917
1036
1220
1026
1047
1267
942
1053
1238
955
1027
1249
890
988
1092
822
862
929
711
973
1201
799
1022
1164
825
1075
1338
1473
984
1109
848
1020
1284
919
1061
1272
927
1042
1249
927
935
1136
865
978
1031
818
999
1184
847
937
1138
811
904
1052
913
953
1240
883
1060
1120
859
987
1254
953
976
1308
881
883
1159
946
969
1200
723
813
1173
838
1042
1120
964
1005
1311
868
1228
1188
888
812
1170
739
1092
1331
860
1060
1000
855
1055
1235
902
859
1298
969
992
1135
836
1066
1164
875
939
1184
829
959
1215
890
921
1121
821
973
1202
936
1086
1134
657
814
1216
847
978
1158
979
1058
1239
1000
988
1115
835
1014
1171
738
1122
1226
816
1104
1251
790
1082
1121
812
935
1206
919
957
1223
934
991
1242
879
1038
1284
842
1027
1120
870
1023
1065
880
993
1160
883
1126
1268
873
1045
1292
866
1099
1297
956
1180
1357
689
1027
1254
802
915
1140
845
1120
1114
814
950
1095
797
1023
1190
718
941
1048
834
1062
1156
678
1043
1098
750
984
1216
941
1019
1223
894
1032
1216
925
1103
1252
847
1040
1271
778
978
1128
870
1099
1181
837
982
1240
801
1043
1259
867
1123
1154
831
891
1075
758
936
1045
856
933
1161
743
960
1279
915
1053
1255
964
1110
1289
899
1051
1321
875
1110
1253
946
1133
1138
735
1139
1152
905
1058
1278
898
1130
1247
942
1136
1333
714
1041
1131
843
1006
1143
870
922
1102
736
1179
1197
900
1063
1220
881
1024
1138
918
1100
1174
902
1185
1384
860
997
1403
782
935
1303
747
1810
1245
938
1095
1410
964
1161
1329
959
1103
1297
769
988
1358
859
1187
1155
1009
992
1334
818
1310
1364
1003
1106
966
997
1116
1352
893
1096
1392
933
1219
955
1064
1096
598
1000
961
761
756
1196
932
747
930
997
910
1141
956
892
1020
946
871
1075
920
1002
1107
1002
803
943
784
855
1115
857
913
1133
761
948
1033
778
1171
940
643
586
894
607
677
863
663
766
1044
993
973
1198
920
815
1076
843
873
1038
736
903
999
782
783
1091
787
832
1056
728
887
1156
853
899
1047
774
807
1027
845
751
1047
836
769
995
851
925
923
955
769
1306
1024
878
903
613
1004
1060
772
857
1055
673
829
992
789
760
1056
879
818
988
608
624
848
636
705
780
658
695
895
555
750
891
663
788
922
573
695
838
608
646
885
746
779
902
602
762
1007
675
876
1084
794
770
1108
697
792
1042
791
762
1000
655
901
1007
744
737
1062
548
796
989
707
703
982
664
730
1041
671
764
1192
900
669
987
803
712
874
551
788
964
643
764
1010
774
955
2310
812
832
997
784
764
1214
699
915
946
678
850
959
651
799
996
621
762
960
747
738
1145
620
867
1113
651
700
1041
636
873
1125
938
951
1156
820
820
1003
654
772
1111
698
1032
1103
662
1064
1167
835
983
1150
871
906
1039
610
778
1033
885
827
1046
721
848
970
809
868
949
673
852
978
828
923
1000
534
965
1023
844
936
1237
959
831
1016
713
841
1045
644
774
1014
666
829
1033
621
858
1008
831
1022
1095
800
1018
1020
573
828
1116
781
990
1199
845
994
1194
817
915
1114
905
1026
1111
956
1037
1189
825
1061
1114
734
1005
1162
819
880
975
631
764
951
567
728
977
581
749
941
554
813
1084
783
974
906
830
869
1035
747
834
1012
630
741
1109
605
767
1090
692
881
991
661
877
1005
739
902
1159
636
712
932
643
848
1116
577
809
1012
622
714
1048
623
750
997
621
759
922
514
762
990
561
763
1074
580
785
994
532
838
1008
627
879
965
610
846
1157
713
957
1131
855
955
1251
704
924
1123
757
1027
1176
764
960
1235
841
989
1163
670
890
1113
730
1017
1080
740
890
1178
672
863
1046
649
990
993
870
912
1160
727
898
1087
703
947
1111
675
1117
1177
974
968
1122
730
896
1051
762
895
1222
643
949
1053
704
974
1123
625
1174
1191
753
1069
1062
686
876
1076
751
916
1135
704
939
1246
793
929
1211
717
953
1140
723
1025
1269
749
846
686
855
1076
817
562
865
1099
670
847
1081
795
1044
928
794
1021
907
809
1068
914
867
974
750
849
1003
765
723
989
797
705
911
684
760
1007
867
882
1252
951
962
1080
901
922
1129
912
956
1133
948
958
989
764
910
1132
791
786
947
757
859
960
811
974
912
663
688
894
598
726
868
800
774
919
665
587
770
571
597
781
584
722
930
605
614
844
624
695
859
804
805
1157
909
934
1344
896
895
1125
875
1066
1099
832
932
999
784
850
1027
662
747
891
781
771
900
652
809
917
665
891
910
567
760
1005
743
766
1025
662
913
1064
707
754
942
731
945
979
634
757
1144
881
906
1002
839
794
1029
738
868
1141
819
862
1101
704
790
924
720
696
1155
735
884
961
843
768
926
787
814
950
760
823
934
640
887
934
696
621
929
685
869
824
852
851
1039
709
806
1039
721
834
999
665
862
1077
674
869
879
772
901
1095
1015
1036
1065
765
902
850
850
891
1087
851
999
1066
854
859
888
671
855
887
629
696
1197
729
768
1096
927
1028
1027
601
733
979
732
727
1020
684
730
1116
643
834
1075
808
910
1006
653
798
1076
706
753
990
605
756
1054
674
761
973
760
809
998
713
811
973
692
737
907
623
840
990
583
715
890
756
823
962
656
773
991
588
888
1109
765
903
1151
660
713
874
574
663
877
572
712
929
761
806
1019
717
855
1035
594
729
1019
649
791
906
581
669
867
555
975
1025
665
885
1162
724
898
1072
707
906
1142
743
813
1074
785
798
917
524
791
958
574
837
1075
785
821
1001
579
900
1045
676
795
869
578
712
933
705
879
1059
747
904
1219
693
893
1072
748
837
1150
769
1046
1130
709
782
1082
757
1047
1035
563
766
1107
722
900
1041
743
981
1091
644
778
1047
609
762
990
594
786
913
579
747
914
602
843
1068
624
816
954
600
734
981
585
710
987
572
843
965
638
909
1152
670
870
1110
690
794
1123
552
831
1055
611
928
956
568
841
975
611
865
1192
685
820
1191
741
848
1172
751
1020
1084
628
900
1155
818
1150
1033
560
961
1007
724
920
1128
837
988
1083
542
826
1095
798
818
1206
869
958
1095
840
990
1119
623
927
983
550
1050
1202
638
808
1296
887
1005
1200
617
867
1284
854
905
1072
791
1029
656
629
877
1103
828
1040
722
724
936
1115
790
977
1106
625
1084
555
602
899
621
741
950
564
634
879
655
755
1025
746
741
965
738
727
1014
637
774
902
714
944
1140
924
741
954
803
821
1060
787
742
936
708
824
998
684
728
943
720
753
891
674
719
1077
719
735
1055
714
817
996
812
744
1080
874
796
1003
681
796
1030
824
783
1055
683
862
1051
680
792
1014
714
983
1007
641
708
1029
619
703
953
664
774
937
715
728
905
761
774
942
657
784
919
767
721
977
658
730
900
620
648
947
869
625
966
660
772
1111
674
892
1114
874
849
1115
672
722
1098
748
978
969
686
774
930
778
844
909
688
691
869
647
698
761
651
849
970
632
778
961
703
700
865
738
862
969
695
674
1028
694
852
900
676
958
1078
764
835
1089
862
880
1068
895
959
1233
919
908
1158
886
1000
1229
830
997
1078
769
872
1131
728
850
1048
787
872
1067
824
877
1083
738
872
1028
753
892
1139
804
870
1142
785
842
1035
747
702
972
712
830
983
695
842
968
699
973
1005
759
800
1019
879
693
1104
831
785
1086
809
854
923
657
750
945
796
994
911
636
800
1071
670
767
1065
666
798
1093
703
854
1130
813
862
1300
698
848
1004
864
775
1018
569
804
1059
688
781
953
694
835
931
636
843
999
633
831
895
689
698
967
915
1034
1190
855
1031
1109
937
787
1094
747
828
1025
788
911
1145
792
928
990
730
905
1021
681
847
1028
675
861
1037
666
770
1094
669
843
1043
690
858
1018
756
846
961
881
923
1081
660
817
992
734
1530
922
705
957
1012
662
977
1171
830
713
943
654
773
977
612
776
1007
594
1031
1150
750
896
1057
664
805
1050
609
799
1050
695
818
979
683
1038
1050
711
842
994
713
760
1014
717
852
1073
649
797
1052
692
820
1028
648
913
1026
684
886
1027
729
888
1007
599
846
879
680
961
1064
748
1023
1047
647
774
1018
651
847
1107
661
848
1110
767
921
1053
629
894
1013
797
957
1029
738
876
1033
699
959
1141
658
890
1023
647
854
1068
656
787
1108
702
949
1185
678
851
1106
657
876
1081
755
933
1187
785
917
1087
628
851
1152
608
952
1023
760
847
1083
617
811
1066
680
797
993
579
790
1171
609
795
976
631
819
974
589
893
1128
751
947
1116
686
979
869
747
880
725
718
855
874
654
973
766
597
853
622
581
811
733
781
784
513
711
861
657
701
871
607
735
861
674
619
945
778
676
884
631
669
927
720
703
934
695
854
908
673
660
838
806
780
972
613
653
875
653
736
858
702
1599
868
700
625
902
709
739
967
752
632
943
704
685
863
633
686
978
618
617
805
828
817
935
693
783
956
683
777
940
693
814
1072
783
642
861
692
845
1031
790
822
985
666
700
917
709
707
940
638
765
1070
711
795
907
667
903
1050
681
647
880
677
822
1081
724
801
946
638
821
1011
746
821
1110
911
677
1048
725
755
1203
813
758
1060
718
738
1050
631
734
937
651
967
1076
694
792
950
756
761
1015
626
744
1042
500
873
1115
765
736
1056
761
763
924
605
823
984
681
815
957
681
821
831
534
654
910
694
814
1019
675
746
919
640
701
918
526
630
981
683
679
915
603
700
869
541
717
879
753
717
1428
710
834
1011
680
799
1003
646
902
1061
697
797
1059
693
863
994
683
753
1033
583
734
1069
573
665
949
658
817
1016
775
669
948
520
739
947
657
871
983
655
870
1046
731
854
1011
693
740
1021
590
738
1067
753
817
989
724
780
995
627
833
947
735
720
1015
722
841
1039
749
739
928
655
892
1045
584
690
1038
596
785
981
654
787
1038
662
814
1073
717
806
961
645
805
951
818
717
1101
666
804
903
660
784
1061
695
893
1138
798
762
1105
592
907
1127
774
905
1175
680
933
1065
830
801
1065
583
636
981
654
811
1103
660
924
1083
688
812
1010
616
934
1082
713
851
1046
770
913
961
646
863
1125
682
801
978
879
888
975
622
790
998
663
908
1119
691
878
952
649
878
1078
590
851
997
637
889
979
640
905
1033
743
896
1071
686
810
1098
823
921
1178
992
1102
1181
787
1148
1302
778
983
1124
738
954
1135
740
942
1178
589
893
1165
725
927
1106
718
946
1043
767
868
1093
643
1030
1117
543
877
967
618
793
1114
691
984
1065
601
972
1028
817
985
989
684
903
1119
653
953
1004
702
925
1059
689
885
1104
706
888
993
709
933
1197
713
975
1144
687
918
1129
759
998
1144
728
917
1087
805
858
1149
751
771
1113
743
862
1181
944
922
1089
688
865
1068
673
974
1095
716
1012
1120
687
881
1068
1478
876
562
787
895
731
777
823
709
606
974
693
570
765
640
911
793
722
868
943
752
732
906
769
953
938
732
697
938
672
688
969
796
763
947
736
750
911
651
712
823
711
713
971
676
701
832
800
654
891
707
663
841
735
626
893
698
777
900
735
795
843
662
641
896
566
591
956
705
755
980
718
831
899
704
790
981
735
816
1032
785
821
922
778
833
960
578
926
941
589
643
789
601
750
950
765
817
1009
664
888
1084
742
853
980
714
768
883
573
647
828
546
729
923
548
704
971
663
655
862
517
659
835
554
619
839
577
706
879
570
681
930
611
643
793
693
875
1001
601
612
959
899
919
979
810
842
1024
691
831
918
783
765
982
727
800
994
717
785
839
617
637
857
551
672
885
694
810
917
589
819
1045
769
859
996
766
856
914
725
836
1025
683
824
1046
733
856
1148
695
781
900
571
691
966
679
714
1023
604
781
876
562
707
901
753
786
988
758
826
1191
852
912
997
832
750
928
576
703
1005
707
807
1096
709
734
1028
780
787
955
614
836
982
617
900
979
628
750
1124
578
854
1052
650
867
1028
755
793
1150
747
871
1154
727
881
1011
687
810
1000
648
678
1045
732
869
1000
612
938
1113
667
826
980
576
952
1032
662
759
1036
601
745
979
570
875
1143
616
695
1013
646
814
989
610
684
950
657
836
922
667
849
974
663
778
1008
651
792
1064
568
696
955
531
892
1144
815
957
1280
820
950
1136
757
918
1063
661
828
1161
814
875
966
658
793
1037
639
838
1113
697
962
1053
689
750
1078
666
875
960
799
932
1136
889
966
1048
776
960
1004
773
849
1042
791
1038
1072
622
776
1066
582
843
1062
722
811
1065
612
818
991
609
765
960
597
818
1094
699
862
977
695
907
1208
620
974
1064
687
777
1107
617
872
1020
751
968
1022
658
823
1016
772
866
956
676
829
998
639
837
1108
549
915
983
661
860
1130
670
866
1008
726
923
1057
675
777
1087
634
891
1209
706
975
1141
727
1161
1329
860
1021
1258
726
956
1252
717
998
1167
745
778
1054
610
854
1150
730
886
1169
855
1056
1097
700
925
1151
774
1187
1083
984
851
1027
692
910
1047
602
892
1013
654
932
708
701
872
559
623
939
792
634
915
788
742
877
663
658
1111
726
602
863
689
724
1664
693
712
806
566
804
881
630
731
954
672
708
1036
578
720
892
704
869
829
794
640
949
582
772
934
678
750
1104
637
709
1031
790
769
1002
632
634
767
741
797
972
647
730
915
739
694
889
640
644
1053
849
860
1088
842
842
1113
820
895
1066
745
872
1007
727
690
1015
863
792
988
789
769
937
744
717
985
780
781
920
588
786
1105
858
676
2073
793
814
904
692
852
1179
707
842
969
819
793
922
686
775
1043
802
889
991
739
812
1081
669
816
946
781
735
955
965
949
1092
860
920
1189
811
941
1089
786
937
1115
846
932
1119
900
887
1146
1010
917
1140
791
911
1182
820
911
1062
853
1038
1178
845
918
1099
755
834
921
819
727
1000
710
791
989
701
696
1013
678
811
952
672
768
1025
673
685
903
704
793
1093
646
926
1004
633
866
1010
687
767
1163
833
942
1164
869
988
1079
775
910
1146
643
769
888
601
876
1096
755
827
1004
712
924
1187
843
1249
1139
983
885
1042
755
688
1090
750
877
1215
773
748
1045
638
1063
1143
915
931
1091
674
844
1096
719
823
965
746
842
969
665
679
908
704
767
991
818
902
1138
709
839
1062
749
914
992
749
908
1153
755
659
1011
675
698
1096
710
866
1117
606
838
1054
643
772
1032
620
721
881
533
712
921
592
821
1296
827
759
998
775
884
1162
962
1063
1118
833
1004
1103
796
931
1143
718
891
1072
813
885
969
606
848
1078
653
804
1010
688
844
1053
725
876
985
709
784
1254
868
1022
1052
691
969
1170
756
906
1143
632
817
1320
717
877
1065
757
764
1040
591
687
944
585
826
1000
646
782
939
592
1049
1149
790
991
1132
860
1068
1218
824
927
1223
771
969
1276
876
1052
1297
792
1086
1066
674
786
1268
785
819
1142
745
851
988
612
914
1002
630
845
1040
637
773
1053
650
897
1108
647
850
1091
664
979
1126
764
1031
1130
719
934
1140
651
936
1170
846
901
1039
655
855
1016
755
933
1051
669
807
1305
629
977
1168
698
758
905
649
875
1005
621
854
1153
682
840
1017
537
1129
1048
644
872
956
516
906
1107
662
828
1142
903
851
1083
617
1059
1087
586
925
1097
652
1104
1276
899
1021
1147
734
901
1162
737
911
1156
700
920
604
601
832
1006
571
764
638
845
938
692
732
1072
1012
847
1029
729
855
1079
826
804
1076
823
813
993
833
779
1055
810
826
1059
822
793
1037
656
749
928
745
1370
996
731
594
784
698
723
844
810
671
935
754
703
1001
830
795
1052
694
694
955
741
761
1027
852
936
988
700
735
1059
919
815
1151
790
921
983
806
952
1113
774
739
1078
749
800
1123
1040
951
1023
738
760
1009
684
919
914
631
613
820
676
788
930
626
673
893
835
755
932
682
799
872
570
866
1037
1438
821
1010
744
828
939
634
659
865
791
730
1012
770
789
960
632
750
952
696
795
971
781
775
1030
691
819
916
728
857
1065
798
783
950
803
806
921
779
831
1010
680
721
994
704
752
1004
667
751
992
670
791
1026
678
869
1023
623
684
1004
701
746
1158
855
864
1237
649
730
1088
799
814
1120
767
958
970
740
988
983
715
879
979
571
762
1351
838
1056
1141
927
791
1007
563
732
907
712
768
973
635
738
1016
690
691
938
701
715
908
780
871
1013
624
776
962
726
839
872
683
711
925
806
826
1111
612
729
1052
687
727
965
601
812
1105
656
804
1086
718
790
1133
759
816
952
717
833
956
545
678
938
679
931
1050
611
853
1138
698
974
1283
814
971
1256
938
946
1060
702
854
1054
677
813
985
969
965
1038
636
776
990
735
925
1044
687
920
1079
800
952
1141
811
960
1114
805
965
1197
866
953
1065
635
815
1062
742
830
1185
775
831
1077
557
806
1064
591
814
980
679
854
1157
668
763
998
638
894
1022
676
816
1028
654
807
926
688
856
949
635
689
935
566
1053
1047
638
989
1215
816
778
1128
684
925
1066
710
861
1072
870
818
932
731
900
1096
742
908
1105
708
799
1145
759
831
1147
775
926
1193
685
752
1130
785
959
1114
664
846
1043
617
865
966
573
834
1001
641
864
1041
704
1003
1095
675
881
1050
682
910
1165
838
1049
1190
725
747
1012
627
903
1135
780
1009
1030
788
1004
953
863
1015
1209
842
895
1197
826
912
1109
703
871
1090
665
797
1058
676
811
1068
672
836
1108
659
911
990
630
860
1063
946
1127
1091
699
781
968
601
993
1161
589
868
1158
632
990
1083
682
978
1102
712
828
1081
652
1011
996
580
855
1070
695
913
1007
776
831
618
623
862
628
602
822
1015
781
859
633
639
793
1065
782
1066
681
946
939
868
840
1083
773
720
854
661
742
978
655
809
991
763
837
950
721
748
969
701
791
953
869
734
1077
707
848
960
720
770
907
544
747
1294
560
732
982
734
692
1232
685
673
971
668
802
1215
863
899
1134
951
954
1198
780
818
1070
727
862
956
676
927
1037
853
953
1118
985
871
1118
722
815
1025
844
1062
997
774
862
1025
945
986
1042
676
878
1001
757
990
1180
741
906
1039
780
813
1036
612
739
1096
855
992
1234
678
954
1127
853
907
1100
863
926
1101
1023
975
1222
941
1063
1007
859
1000
883
772
894
1190
956
1029
1254
852
997
1189
960
1054
1343
919
878
1097
996
982
1242
994
1036
1196
825
927
1108
891
961
1170
810
997
1166
1007
907
1209
934
925
1236
970
921
1146
869
1082
1287
931
943
1203
916
916
1215
865
980
1342
913
994
1118
953
1124
1081
641
838
1025
658
976
894
567
845
1115
572
854
897
728
847
1082
594
692
1024
927
837
991
662
798
1042
818
868
1054
645
884
1093
698
779
1067
789
1111
1057
610
787
974
625
1127
1309
700
880
951
600
773
872
775
812
1074
775
912
1099
700
803
983
733
848
1035
626
731
901
724
958
1039
604
709
1000
670
795
926
560
776
1031
714
799
983
727
853
1051
708
791
1075
701
871
1125
679
896
1098
705
828
1100
809
849
1067
631
811
1255
644
904
1164
550
907
1101
743
769
953
686
740
1007
565
757
905
592
802
1111
699
868
1063
693
829
1084
708
1049
1044
734
832
1091
688
816
1028
679
955
1171
725
968
1127
814
915
1140
683
884
1124
742
980
956
540
957
1074
587
827
1141
655
843
1054
706
867
1045
586
870
1014
659
800
968
583
795
977
815
728
965
746
932
1035
685
777
1082
803
968
1114
766
967
1041
586
983
1127
839
794
1145
752
1068
1207
730
792
975
667
929
1232
962
1072
1270
882
1026
1271
934
989
1234
891
1077
1104
883
1057
1262
890
912
1076
741
896
1286
815
1058
1220
881
1022
1232
719
941
1127
801
1003
1098
800
938
1130
674
838
1135
802
997
935
604
920
1214
718
930
1240
851
1078
1306
801
1077
1326
900
1130
1266
778
1045
1307
766
987
1165
849
710
1030
783
860
1036
1807
1048
1062
608
956
1088
827
937
1070
673
822
1045
717
891
1275
844
1067
682
706
981
876
916
938
678
688
922
784
737
871
668
643
970
765
704
1058
840
801
955
695
854
921
875
1018
1034
894
826
1027
664
787
935
757
751
912
706
705
976
862
764
919
662
680
1165
763
700
954
835
806
1095
749
920
1116
815
671
987
847
803
1060
858
928
906
887
940
998
727
792
1051
655
685
826
576
698
971
853
712
952
883
720
1146
909
927
972
860
952
1236
887
864
1127
757
853
1210
845
768
973
983
958
1036
862
984
1180
851
889
1095
809
802
998
727
869
1014
810
898
1217
773
719
1125
831
813
1171
807
897
1142
973
929
1229
830
943
1023
728
763
1025
789
862
1166
909
980
1027
627
920
1232
930
937
1056
736
1095
1206
970
790
1192
1007
1070
1131
783
889
1025
752
1122
1289
938
938
1275
998
1023
