95665
411
767
962
1370
970
1110
700
1055
1207
776
935
1152
736
887
1110
718
892
1118
762
890
1144
687
969
1170
865
954
1228
856
1215
1191
844
1005
1330
862
1167
1296
803
1164
1222
877
917
1379
834
893
1134
685
1038
1204
818
999
1254
726
1052
1149
813
949
1141
777
1010
1045
688
927
1167
665
1005
1175
670
878
1081
783
1051
1176
794
1043
1282
883
1231
1314
867
870
1373
796
981
1127
802
905
1074
734
1069
1111
724
881
1154
755
1081
800
751
1094
776
796
1060
663
796
1034
1151
860
926
805
754
1021
735
607
829
622
838
933
657
736
868
613
813
957
752
822
1104
725
737
927
753
918
1079
784
860
1016
889
1053
1045
854
707
977
864
671
952
686
766
939
732
956
1069
844
910
1025
852
867
1091
683
715
946
693
729
826
666
649
772
625
773
793
632
654
877
635
690
967
581
727
911
582
707
1111
751
818
895
693
756
982
720
650
905
586
701
1100
746
740
1101
785
781
862
693
818
982
594
684
917
638
724
1068
617
652
1046
827
665
926
668
742
955
662
793
1015
666
808
1107
739
688
797
677
843
1075
952
684
1025
689
861
1078
646
744
1031
570
727
833
737
770
1078
823
867
866
772
781
1037
666
811
982
650
750
1056
894
762
1070
848
921
1022
741
852
1106
742
872
1114
811
1058
1154
1005
953
1138
822
962
1264
839
1003
1144
813
959
1122
822
1066
1141
821
1360
1237
902
809
1023
708
842
1106
586
899
1208
770
929
1144
622
888
1046
802
831
1018
696
726
873
939
940
1105
554
877
1055
688
914
1012
737
953
1048
727
831
1025
826
1077
1006
664
765
1141
795
951
970
822
859
1054
554
716
1088
687
873
1137
654
978
1146
779
796
1087
696
858
1044
833
906
1127
572
831
984
622
788
1030
612
907
1083
709
816
1188
638
969
1198
706
831
1050
825
873
1048
790
938
1111
852
802
992
741
698
961
623
836
1042
786
934
1187
733
935
1133
819
950
1370
724
959
1088
782
809
1120
817
897
1108
725
904
1065
768
912
1056
752
877
1094
853
1022
1175
808
980
1161
809
968
1183
810
955
1228
796
970
1368
771
1019
1220
788
1036
1194
778
925
1179
809
978
1102
765
1023
1163
724
933
1136
656
934
1036
624
934
1143
750
869
1126
728
856
1089
591
894
1186
752
1013
1201
745
1044
1187
813
1034
1184
879
943
1132
708
911
1041
721
1070
1109
675
902
1076
813
973
1080
731
927
1192
676
872
1095
569
944
1108
681
972
1201
824
1045
1246
908
1064
1284
909
940
1104
746
886
1184
842
1019
1074
834
992
1146
730
911
1077
774
948
1116
715
974
1074
786
1060
1218
862
1037
1232
991
1016
1243
798
1028
1124
699
856
1075
758
980
1208
748
914
1284
817
1039
1163
743
1006
1102
674
1041
1164
765
909
1107
714
881
977
787
986
726
859
908
687
656
920
826
743
955
687
815
824
705
557
769
636
708
905
854
715
960
815
821
912
756
866
895
702
831
948
690
890
989
715
843
931
754
772
975
741
784
918
718
727
896
902
902
1059
696
843
1191
693
680
842
608
650
892
791
694
914
783
675
786
615
586
809
596
584
899
516
595
747
586
751
865
591
689
1094
871
824
913
661
777
918
655
629
933
723
999
1130
759
790
1046
733
805
980
701
840
1029
687
824
917
721
793
945
749
833
937
745
785
968
719
838
897
662
694
925
678
867
968
733
746
1078
620
635
1046
619
770
953
733
923
1146
938
924
940
655
716
989
615
657
878
733
803
907
570
606
830
584
690
883
752
758
940
689
846
827
533
682
1102
692
754
962
656
753
942
725
758
1028
704
782
1027
687
715
1006
797
820
1121
837
978
975
689
762
984
792
769
1038
724
832
987
613
813
959
789
599
1029
663
778
909
600
739
1153
806
804
948
571
894
997
702
734
975
716
884
957
674
846
972
664
880
988
591
783
974
742
911
984
656
791
943
607
783
1031
650
732
949
649
844
1103
671
929
1115
743
911
1121
636
758
1094
666
754
1102
684
813
1072
774
798
1009
706
813
1035
670
825
1009
612
907
1091
704
818
1020
687
1027
1155
777
845
1095
764
839
1061
758
958
1089
803
868
1220
656
899
1019
768
874
1025
712
786
977
816
723
991
530
793
1055
751
852
1012
670
794
1009
602
805
1117
738
895
1276
701
1089
1230
870
881
1014
719
921
1134
688
909
1121
718
877
1057
704
908
976
652
729
975
843
819
962
765
1003
1098
782
916
947
789
892
1194
817
967
1190
835
913
1218
861
1031
1221
790
1025
1210
769
1006
1174
872
963
1179
793
1019
1194
849
821
1200
683
915
1296
767
923
1091
685
1101
1163
814
821
1052
683
1006
1347
914
1110
1277
948
1087
1328
982
1115
1287
614
879
1122
629
989
1267
714
958
1051
704
863
1099
633
838
1032
663
1018
1061
750
978
1326
714
985
1063
780
1062
1108
794
888
1072
729
902
1183
682
929
1185
572
996
1071
718
798
1321
921
939
1120
694
742
1116
544
981
1085
684
969
1032
651
965
1133
674
929
1052
560
937
1254
667
899
1119
542
1008
787
926
1027
849
903
1059
816
871
1183
820
831
1103
887
816
990
779
824
1017
1358
788
1024
931
889
950
831
786
990
795
794
1156
767
879
1113
769
951
973
1024
750
903
653
738
1012
851
889
972
807
760
1033
855
748
838
798
801
1106
991
762
980
868
768
1021
722
784
934
937
716
998
863
933
1032
730
756
971
794
916
1197
1090
991
1298
838
813
1095
715
802
962
774
804
1045
827
782
886
653
866
1125
743
806
1103
759
849
1080
813
862
1100
850
793
861
752
869
931
737
972
971
913
929
989
694
781
915
743
798
1047
715
828
988
702
757
950
632
713
987
642
683
970
772
887
1028
748
674
1073
709
900
1023
782
843
1002
768
802
1035
737
669
902
600
708
864
594
704
897
607
840
844
867
909
1071
730
910
1054
732
892
1049
668
839
979
712
849
902
668
792
985
680
792
909
890
998
1022
675
874
1095
725
876
864
634
834
1002
866
866
1184
824
798
1029
693
867
1061
787
953
1059
806
938
1082
1014
760
1153
807
821
1070
730
796
1076
816
935
976
760
917
1059
774
826
977
616
721
970
1332
876
1069
621
964
1109
920
940
1020
790
784
1072
713
890
1031
681
916
937
674
844
1056
737
870
1039
724
918
1230
753
945
1140
908
944
1239
837
954
1051
736
786
1177
777
793
1114
776
703
974
555
785
989
554
797
1014
697
739
977
615
734
992
693
779
1058
681
821
1067
695
806
1140
841
884
1077
650
852
1057
747
902
1217
787
1030
1135
854
814
908
610
844
981
761
871
1051
643
777
1019
604
859
1076
711
903
956
728
759
1085
709
958
1199
865
899
1087
648
791
1001
810
1012
1197
783
852
1090
811
839
1098
743
863
1075
694
880
1041
676
892
1083
813
954
1038
603
836
1043
697
832
1084
792
969
1132
755
735
1047
667
855
1098
798
890
1092
678
889
1102
742
912
1198
716
917
1056
570
794
915
568
803
996
623
827
1100
603
816
1054
641
789
1051
702
946
1104
735
770
1015
605
759
1006
571
796
1053
714
944
1114
800
935
1020
678
1155
1136
699
893
1130
786
973
1260
738
904
1079
661
847
1026
922
976
1201
762
1035
1241
785
896
1174
800
1003
1067
683
917
1095
611
972
1127
820
993
1333
972
1134
1299
720
888
1036
748
796
1067
716
930
1104
804
792
999
614
909
991
869
1164
1401
913
1171
1226
870
777
1021
715
865
1186
735
842
1150
583
902
644
667
856
669
718
898
644
816
836
714
766
884
804
689
947
666
716
877
890
905
960
647
699
965
715
738
1084
695
686
1005
764
851
1095
833
897
1025
781
793
935
707
715
875
631
677
930
679
746
882
639
681
935
828
894
991
849
764
1118
778
829
789
666
747
817
643
735
1008
690
710
938
646
720
949
894
730
1060
746
1212
1029
702
692
1026
649
754
915
736
1043
994
596
773
1034
657
811
1058
671
762
944
647
731
963
681
827
970
707
771
927
634
704
915
683
697
892
679
689
932
663
842
1169
809
874
1064
773
824
1042
773
933
1133
796
898
1105
796
866
1076
784
860
1178
800
966
1121
805
858
1048
693
777
973
763
828
1080
637
918
1168
688
903
1046
728
852
987
662
815
944
672
708
1032
657
859
1073
807
1062
1035
925
879
1071
683
825
1007
734
957
1084
629
857
1004
860
811
988
650
957
953
838
844
992
677
787
1093
717
761
1087
738
864
973
641
793
960
665
833
952
734
835
925
860
1086
907
687
794
947
637
843
1007
601
686
997
781
826
915
667
813
1112
790
792
1023
593
848
946
688
975
1022
725
753
923
676
826
1033
778
758
963
649
841
1008
726
1084
1068
667
839
1090
880
891
1081
746
861
1094
616
920
1048
659
853
1026
834
869
1123
716
864
997
774
702
919
549
710
925
829
822
906
609
951
911
655
742
1063
612
867
1061
625
820
1041
560
744
959
599
727
923
569
950
969
579
867
1006
624
710
1093
760
963
1121
734
831
1173
647
902
1141
753
1000
1294
734
882
1184
760
913
1092
770
960
1087
581
809
962
784
919
1162
836
985
1143
721
913
1129
779
980
1176
762
947
1102
737
990
1221
673
732
1037
784
982
1199
798
969
1068
682
824
1048
711
790
1023
725
841
955
717
915
1138
726
857
1080
691
876
1032
704
787
1027
679
827
1094
708
822
1007
679
894
1135
696
811
970
561
860
1026
653
852
1046
738
824
1117
627
792
1061
628
895
1081
695
929
1076
632
949
1092
582
937
1036
574
850
957
640
779
970
605
988
966
605
808
1028
583
888
1088
708
828
1017
655
803
1068
605
843
1029
618
822
1028
552
822
976
604
892
1176
634
903
694
708
972
706
728
899
728
695
900
571
659
978
720
783
920
760
779
1033
721
873
983
648
667
1039
688
668
884
621
648
847
658
841
965
765
676
800
589
664
794
726
686
945
570
718
847
709
664
805
651
589
783
572
565
743
859
740
1061
805
837
900
801
844
897
741
890
959
741
832
985
759
784
963
670
701
963
721
768
1186
801
789
1022
575
777
950
713
782
1101
753
853
926
694
858
984
682
755
991
661
616
820
550
577
846
739
927
1042
775
967
1099
867
973
1144
661
722
969
702
760
1096
750
788
1028
786
743
898
751
927
1277
852
939
1107
920
1011
1235
920
1027
1164
973
868
1134
919
901
1160
879
896
886
812
807
1146
839
716
1134
796
913
1138
712
780
948
733
916
976
746
908
976
716
800
939
694
815
960
707
772
1024
684
746
1007
707
890
1089
647
819
1066
850
831
908
846
981
1121
692
825
956
657
848
1114
731
816
1004
913
853
1188
651
798
1047
770
855
1128
690
863
1104
686
829
1025
701
843
996
771
872
1188
873
928
986
780
766
918
599
757
859
513
884
863
505
916
1191
882
956
1144
793
990
1233
757
788
962
665
731
947
606
732
1178
733
890
1124
706
798
1097
696
853
1004
671
918
1067
684
789
1018
701
699
995
565
778
1036
924
913
1056
981
1124
1002
751
932
1056
717
893
1033
739
860
1040
873
943
1007
743
846
1045
679
759
920
892
801
951
589
764
1043
667
757
994
648
771
970
603
783
1255
744
874
1132
594
944
1077
677
860
1138
810
935
1257
792
951
955
731
887
1038
643
854
1091
694
830
1009
658
977
996
596
883
1267
735
979
1164
811
823
1015
600
795
1024
698
876
1009
711
850
1011
833
877
974
600
894
1166
694
954
1061
671
739
1069
675
991
1140
886
849
1194
791
933
1167
890
963
1046
648
855
1018
605
811
988
651
774
1066
656
887
978
714
884
1125
695
892
1017
633
854
1054
734
1062
1203
689
815
1094
662
828
1056
650
1004
1093
748
936
1092
799
1124
1228
778
965
1212
751
967
1059
914
991
1007
851
971
1151
1098
1038
1190
741
962
1264
1019
1090
1096
1221
959
1269
968
1958
1082
779
978
2046
924
1017
1127
793
1096
1192
797
1143
1660
927
1152
1285
1563
1093
1141
821
1035
1189
772
1209
1128
793
931
1278
718
921
1261
767
870
1062
747
914
1043
749
791
559
691
1068
627
514
925
834
734
868
779
926
1078
921
728
1046
753
930
1012
868
755
1034
712
688
862
789
787
886
836
810
943
581
613
991
823
603
954
734
774
996
794
755
850
747
709
1023
848
782
837
701
650
817
602
747
897
647
714
982
966
755
899
545
1321
1002
709
821
1023
698
779
1023
649
812
831
668
724
828
633
679
1023
768
867
812
809
827
975
661
765
894
647
716
877
652
639
877
676
740
901
714
764
919
616
764
954
852
697
1022
581
800
839
847
748
982
638
844
909
573
596
786
607
873
944
649
781
1025
570
785
966
706
733
1054
674
838
979
571
702
940
641
723
954
781
838
1032
721
824
1031
629
743
922
687
783
872
570
670
928
606
685
958
620
964
951
710
840
1006
767
812
979
738
824
978
724
809
918
693
818
1065
682
780
860
659
804
967
626
734
954
696
1024
997
763
786
1143
816
822
952
647
887
1087
700
911
1031
841
851
961
683
774
895
711
793
1016
714
802
1016
735
803
1004
757
783
1083
679
709
1012
599
731
921
578
783
1049
629
718
879
574
716
886
599
693
930
586
693
923
640
876
1106
735
849
1075
679
907
990
652
755
1018
666
765
939
740
773
989
674
849
1090
772
906
1015
614
791
990
791
849
1024
627
828
1181
915
955
1134
884
949
975
680
830
1052
761
973
1015
668
939
1306
861
864
959
701
786
1025
566
1000
1246
700
870
1059
781
970
1053
871
836
1036
759
840
1056
893
893
1069
840
1082
1152
937
913
1077
740
908
1080
855
936
1079
702
714
1134
664
930
1158
752
903
1097
754
859
1103
800
902
1103
937
988
1213
798
1002
1197
709
902
1079
837
931
1044
799
780
1181
998
973
1188
785
788
1136
716
1157
1289
651
935
1137
677
922
1078
851
990
1205
781
840
1020
689
931
1122
706
957
1033
684
925
1078
728
964
1132
638
996
1074
738
974
1113
635
840
1038
690
925
1072
848
1203
1293
842
951
1119
843
919
1137
736
981
1200
769
996
1229
685
1029
1106
682
918
1214
841
962
1143
745
989
1138
688
1069
1178
709
947
1237
763
1051
1106
776
1017
1167
831
1115
1188
747
1121
1089
709
969
1082
735
906
1202
820
955
1214
707
1044
1322
709
1054
1221
849
1033
769
797
940
1212
951
1040
1327
803
980
763
837
1098
867
787
1150
672
780
896
681
615
916
834
709
964
754
814
1126
744
677
971
830
765
863
867
864
1018
813
834
991
804
924
988
747
774
817
730
806
1130
903
1041
1234
799
811
1046
815
896
1339
1000
759
956
854
805
974
780
718
898
640
801
879
828
783
1125
765
830
1075
736
898
1025
875
928
1001
871
795
958
771
799
1036
719
813
1025
805
840
895
863
1051
1191
817
1025
969
680
777
1055
682
723
876
624
806
1007
846
895
1057
862
722
909
709
783
948
909
928
1017
893
941
1069
806
838
931
887
971
1147
901
986
1148
800
1087
1104
835
880
1144
966
953
1116
768
917
1063
777
908
1090
873
910
991
754
1028
1098
881
874
1013
823
915
1082
781
943
1043
765
883
1054
718
868
1019
772
889
956
812
799
1032
767
860
975
714
930
1003
929
1002
1090
787
819
1098
687
874
1065
622
848
1027
808
786
1115
685
830
985
821
963
969
905
845
1036
647
658
955
694
881
1048
761
929
1010
638
867
1073
659
795
977
756
846
1074
671
831
1000
716
862
922
588
935
1192
693
808
1167
777
844
1087
702
944
1064
719
994
1101
778
883
1224
873
860
1048
623
785
1163
708
868
1055
784
916
1094
717
852
966
719
775
1015
601
793
937
787
961
1090
700
817
1064
668
710
1049
804
694
1173
682
877
1024
734
875
956
536
854
976
708
830
913
872
950
1129
905
1038
1163
745
1175
1089
817
975
1209
1146
995
1161
872
971
1174
683
950
1098
819
899
1172
881
1020
1210
757
1141
1257
883
843
1146
838
1065
1119
771
880
1119
767
858
1059
760
894
1069
687
901
1164
746
910
1121
849
986
1348
998
962
1295
955
865
1073
728
1089
1065
866
917
1047
806
945
1181
697
1048
1078
682
907
991
702
879
959
592
882
990
573
912
1017
673
823
1204
752
952
1002
695
974
1114
701
950
1038
718
891
1064
775
958
1030
737
985
1162
579
950
1079
661
949
1126
738
887
1044
569
968
1103
677
870
1090
768
1052
991
723
887
1083
643
908
992
720
926
1209
809
1084
1365
826
1218
1292
888
962
1204
700
840
982
597
744
917
875
999
1191
825
1001
1181
808
1431
1073
637
939
1028
725
895
1146
721
881
980
694
868
1016
553
794
1087
646
840
695
658
824
649
595
708
623
663
812
674
687
990
690
685
934
766
738
910
804
699
1047
725
680
856
628
684
1005
650
764
871
833
709
1059
651
781
987
896
723
953
718
777
943
723
753
925
710
703
905
631
708
927
820
619
954
783
722
919
845
908
1158
860
655
1247
754
693
1044
865
766
1017
658
643
821
500
557
1154
674
666
942
608
592
802
528
837
943
689
735
872
718
889
841
681
878
876
620
711
1027
720
633
928
677
708
979
658
722
992
655
766
960
616
739
944
618
719
914
676
698
1005
811
883
1049
804
723
930
1032
762
1032
793
731
885
707
944
1085
672
873
998
624
787
1027
927
840
990
627
925
1091
676
769
904
595
1064
1043
865
820
949
455
737
1129
808
993
1107
828
888
907
638
625
870
667
885
934
665
798
964
762
924
1076
794
710
883
851
1010
987
894
815
971
619
1160
1169
713
815
995
821
829
949
561
694
1121
791
878
991
643
687
998
725
812
922
673
728
1020
657
753
987
669
818
996
634
833
1063
703
762
1025
619
807
1061
842
850
1090
675
772
869
591
729
969
708
750
848
581
795
1101
697
823
1015
690
787
1156
671
782
1082
849
909
1036
684
900
1110
714
963
1001
976
812
1131
676
808
1016
701
912
1036
734
835
1040
825
879
1031
712
705
1012
735
761
1054
752
876
1037
716
850
975
701
796
1111
711
809
976
542
845
1138
747
843
1029
720
919
1157
745
1034
1079
731
847
1098
709
846
992
728
835
1083
649
799
953
607
774
969
600
905
1055
703
804
1073
662
909
1023
704
830
1338
745
1019
1079
768
1037
1098
721
786
1104
786
1004
973
569
722
1140
589
851
976
664
911
1025
787
908
1017
610
918
1115
887
862
1253
706
872
1088
716
821
1052
680
963
1151
620
898
1065
732
970
1151
878
855
1065
822
940
1176
695
928
1139
619
908
1227
771
846
1104
690
1062
1053
933
1043
1227
735
849
1133
685
946
1148
751
936
1074
703
877
1095
645
984
1036
812
892
1086
578
847
1029
804
1055
1318
839
1110
1216
916
1050
1227
824
1074
1199
728
970
1222
801
1014
1254
816
1029
1251
740
853
1122
700
1028
1163
703
923
1038
681
1030
1336
867
907
1127
693
884
1114
654
841
1019
706
1022
1081
850
942
1027
716
1015
1103
707
814
988
655
980
678
737
941
599
712
801
669
819
946
1092
750
934
748
707
1029
786
657
960
621
793
832
614
601
861
986
871
1054
730
798
913
676
670
1002
932
897
1114
868
962
1257
946
934
1142
826
851
1021
831
895
1135
828
1027
1064
805
795
960
957
869
1011
818
763
1121
949
968
1210
857
835
1077
872
968
1139
1025
876
1069
1023
1010
1341
828
815
1077
855
933
1179
666
969
1045
925
1022
1195
995
974
1191
880
796
1251
914
1013
1222
984
815
1172
992
1014
1227
903
1040
1160
898
902
1092
688
977
1169
871
967
1173
880
840
997
641
894
1032
668
814
1079
760
857
1104
634
786
931
860
1033
1171
881
906
1163
899
946
1045
759
1007
1168
955
929
1252
872
1058
1189
916
923
1162
707
952
1183
888
842
1069
708
873
1162
926
1050
1266
873
1141
1231
953
955
1242
800
1035
1195
836
1040
1278
793
1010
1321
809
841
1087
753
1160
1056
965
1014
1301
976
1078
1233
1012
986
1015
695
774
1020
940
1044
1178
1042
878
1100
705
993
1075
783
909
1058
932
1085
1314
863
1070
1292
881
1058
1316
891
1000
1103
890
1057
1212
799
1096
1187
1017
1084
1252
916
1044
1118
692
1024
1282
867
1009
1272
943
1026
1199
930
1024
1130
829
908
1142
896
919
1109
719
1069
1187
929
1095
1218
1040
1001
1305
1006
1077
1225
894
1031
1281
855
1150
1263
942
1056
1292
844
994
1098
896
1061
1310
908
1097
1177
750
899
1060
775
965
1109
847
1169
1181
775
955
1188
764
912
1142
723
1005
1158
796
781
1299
864
938
1310
849
1046
1164
749
868
1030
741
872
1150
926
939
1316
981
1000
1213
738
943
1302
976
980
1146
971
1053
1408
929
992
1278
604
974
1214
965
845
1007
789
904
1091
950
853
1001
684
807
1163
698
1002
1017
622
1012
1134
789
1022
1047
881
857
933
688
1018
1070
763
948
1177
653
844
1043
913
853
927
671
821
1015
634
1000
1234
852
1081
1147
582
952
1094
839
1026
1145
797
879
1018
814
974
1133
687
834
1187
697
910
1192
729
892
1065
650
921
1164
762
1065
1084
836
870
1093
802
1037
1088
695
906
1058
596
999
1051
591
801
1188
758
934
1004
653
805
1040
616
814
1015
614
795
1106
582
1070
977
743
813
1171
693
994
1075
648
934
1102
628
970
1026
729
989
1073
797
1110
1325
915
1095
1125
971
1081
1083
700
955
749
718
1037
736
903
1104
782
698
916
662
744
1014
782
833
976
728
720
915
701
772
934
685
607
864
782
805
898
856
814
944
682
754
947
802
716
1146
839
911
938
588
641
1000
721
819
973
866
729
977
794
748
930
774
760
916
805
812
888
647
662
863
708
726
931
742
855
1056
833
848
1044
796
880
1064
835
983
1092
756
871
970
753
940
1016
677
718
929
706
909
919
817
752
983
681
826
970
574
748
969
719
717
994
700
775
942
806
742
997
782
849
1026
827
759
915
821
706
926
642
767
965
695
665
977
665
650
808
505
702
999
603
666
830
552
608
908
548
600
832
517
667
849
521
716
817
674
800
953
588
659
854
518
793
978
571
733
992
706
856
1043
907
726
858
706
754
1016
647
740
927
632
787
978
647
770
938
723
755
1071
656
771
993
678
703
1223
712
715
845
612
826
1005
650
983
960
684
722
1021
663
730
1009
659
694
1038
803
876
1050
768
852
1073
872
1066
1079
615
802
1068
616
761
1040
713
679
898
754
803
1078
887
836
887
830
869
1054
686
824
1135
691
838
975
777
1020
1141
800
858
955
608
818
1066
701
929
1166
856
921
1156
837
936
1170
732
871
1058
673
935
1087
739
830
1040
788
865
1029
690
872
1005
712
815
1006
681
1006
1166
591
949
1024
697
848
1043
714
804
1122
984
831
1088
738
799
1099
818
938
1097
596
942
1138
805
897
1105
765
802
1200
717
899
1240
864
992
1178
747
899
1159
727
755
1023
755
819
1074
616
829
987
536
892
1024
736
878
1064
613
910
993
693
852
1254
619
823
1096
692
915
1016
602
884
1114
742
724
883
607
1033
1229
810
1010
1187
841
972
1148
659
951
923
778
763
966
696
868
1095
708
895
1149
568
987
1043
519
830
883
483
663
930
684
878
1032
614
799
1050
625
881
1082
598
1105
1072
669
817
929
561
954
1120
825
831
1110
664
848
1010
653
821
1046
657
663
1163
740
1064
1212
784
960
1161
635
1172
1237
705
919
1026
1000
1145
1131
796
888
1128
684
867
1136
730
955
1092
693
954
1061
826
945
1186
879
877
1174
685
975
1292
702
933
1193
878
1135
1189
732
966
1194
722
931
1422
836
1113
1208
768
1229
1168
836
981
1228
835
934
1145
1048
1105
1289
856
930
996
628
847
614
597
971
1045
626
892
1038
774
898
1081
655
875
736
878
990
671
717
822
681
655
918
802
606
973
822
652
896
787
956
962
829
734
1066
858
766
979
808
711
856
758
738
1067
816
733
1146
880
776
938
776
614
943
819
1015
1216
851
770
944
767
748
938
929
975
1169
780
870
1138
801
668
935
866
772
863
859
724
969
697
780
1107
741
789
968
723
846
996
725
761
928
632
897
942
695
840
937
665
698
898
644
742
1016
700
758
878
677
710
1062
643
688
921
864
744
988
721
814
809
715
630
920
629
678
768
552
670
916
693
696
881
607
684
948
569
691
898
694
851
944
679
757
1048
726
779
823
666
896
965
712
737
1003
592
744
859
537
623
967
568
621
829
683
888
978
647
776
850
757
846
1055
644
729
830
584
765
812
538
771
959
762
856
997
788
924
1045
772
824
956
883
890
1055
785
1017
877
783
964
949
753
879
907
595
744
1036
581
793
967
789
801
948
723
882
1004
626
830
1032
719
855
1007
719
845
989
666
878
1024
553
934
1210
712
948
1005
890
957
1128
753
819
1049
708
746
1175
778
851
1028
777
840
906
738
858
1024
659
836
1007
757
929
1136
789
954
1144
915
965
1104
629
881
1033
952
839
972
680
786
931
862
890
1003
758
987
1168
837
948
1200
682
813
1257
939
926
1095
791
857
962
710
842
1092
692
872
1168
721
814
1117
614
907
1064
687
982
1144
683
868
1097
589
860
1111
700
938
1074
699
877
1169
892
1038
1021
861
1031
1185
533
947
1053
578
720
905
653
767
999
608
763
1017
600
875
1117
545
836
1055
760
735
976
671
865
1107
743
883
896
689
848
1185
730
866
1022
730
866
1048
678
801
934
631
907
941
656
1033
1210
744
913
1218
655
866
1066
740
916
1137
801
957
1134
744
920
1083
696
962
1042
826
907
1098
702
979
1235
798
999
1171
764
1041
1560
831
993
1232
699
840
1000
612
778
1394
802
1043
1197
777
1074
1226
852
1011
1212
854
1012
1141
667
932
972
568
752
931
687
922
976
600
857
1071
598
1003
1102
669
879
1113
648
1081
969
797
853
1221
804
1013
1251
909
937
1278
866
1107
1247
689
1014
1251
861
1097
1187
868
868
1324
973
1078
1326
953
1092
1394
973
1116
1304
931
1124
1290
913
1140
1427
991
1134
920
977
1129
874
947
1204
1367
964
1149
1237
957
1137
899
1005
1100
955
1025
1162
1012
813
866
767
748
925
738
790
960
755
843
969
678
692
926
775
755
915
627
708
875
771
706
1166
823
786
915
613
649
878
637
757
984
723
803
1106
735
655
945
750
893
1075
906
900
985
804
755
972
783
790
1132
739
759
1075
673
809
986
723
913
1008
617
835
980
684
783
927
666
665
850
613
736
972
872
724
1177
1053
980
1154
937
946
1279
892
862
1168
752
910
1197
1013
949
1122
892
969
1160
779
772
980
804
1047
1212
962
958
1145
868
956
1016
984
1009
1111
910
936
1068
868
979
1131
1301
976
1253
973
1025
1257
847
1033
1253
810
803
1144
714
807
1050
671
891
1152
770
976
1229
886
958
1126
694
809
1164
855
1047
1058
958
745
1072
893
950
1237
746
856
1097
809
943
1143
1044
1003
1172
804
1042
1032
669
886
1136
872
935
1151
1021
1003
1200
904
909
1000
661
883
1222
883
1140
1191
866
1060
1202
945
1063
1332
883
1006
1258
943
1095
1154
812
857
1134
658
844
1166
933
1053
1074
664
958
1236
797
868
1167
801
852
1117
753
885
987
849
925
1024
843
1013
1049
739
951
1128
791
920
1051
750
1005
1080
733
1000
1218
1031
933
1248
780
1009
1095
976
932
1258
903
1038
1090
898
978
1155
807
1068
1183
1000
1036
1126
787
1049
1146
750
1114
1272
935
1016
1201
800
1064
1254
865
1033
1236
975
1057
1244
875
1084
1223
737
1021
1043
764
1051
1163
770
1112
1252
950
1056
1382
881
1020
1070
540
935
1148
785
963
1172
756
879
993
649
868
1103
782
943
999
670
995
1092
738
888
1044
796
962
1066
694
778
1250
891
936
1526
738
916
1022
600
781
1077
728
837
1098
716
954
1090
871
948
1201
829
1077
1340
846
1102
1330
828
963
1061
730
922
1160
749
985
1084
790
984
1094
744
1031
1106
809
1078
1139
710
965
1106
676
859
1122
579
929
1144
680
1159
1157
685
1123
1287
890
942
1244
818
995
1217
844
1103
1174
864
929
1070
793
951
1179
636
834
1216
822
937
1106
769
784
1107
702
777
943
658
707
1079
672
730
970
825
932
1112
669
921
1153
802
1077
1105
726
875
1216
645
830
1089
646
945
1018
706
927
1084
740
948
1062
714
903
1163
686
894
1083
691
925
1232
735
1089
1139
708
875
1061
687
874
706
649
798
696
714
978
1081
765
943
714
729
959
639
644
870
611
808
855
877
608
1061
890
743
998
898
830
1105
854
768
1080
868
825
972
830
801
807
657
710
918
732
802
1037
823
893
963
759
710
1003
675
638
901
833
693
892
591
670
885
670
689
956
676
673
853
712
728
1072
586
726
817
646
940
1051
881
955
985
698
588
764
509
724
1040
781
898
961
785
953
1069
714
726
894
767
794
1057
891
795
950
890
1102
1118
659
680
1118
742
856
945
732
783
976
753
618
1000
755
698
953
782
730
878
652
911
1047
693
764
1115
907
930
1092
724
767
1052
612
796
899
579
698
922
781
725
819
507
695
828
547
633
815
522
570
1043
577
757
839
621
794
1018
778
845
1007
691
792
1116
752
907
981
657
777
1049
747
823
1069
742
786
1073
632
807
1020
651
794
1018
939
778
1058
620
754
1040
711
967
1007
709
891
1047
725
857
1039
693
927
981
661
719
988
615
800
1142
717
736
1091
640
907
1249
657
930
1037
777
1046
1223
694
869
1101
723
897
1038
754
1053
1044
728
898
1123
827
820
924
647
894
966
613
832
981
582
775
1227
789
765
925
575
719
855
628
863
1102
767
862
1040
637
799
983
626
852
1120
721
756
1162
679
954
1006
658
756
958
712
882
931
728
807
969
862
850
1040
656
831
1027
588
828
1106
719
831
1018
590
936
1178
735
931
980
665
766
1070
686
824
1103
730
944
1062
767
878
1094
745
885
1062
736
967
1057
710
893
1127
640
894
1167
688
865
1042
716
872
1040
690
879
1051
675
831
1133
766
959
1018
642
887
978
607
839
1073
713
873
1031
655
850
1048
601
763
1030
695
831
1025
566
847
1048
654
1081
1029
655
821
1199
632
819
959
653
916
1122
750
902
1099
772
917
1085
654
843
1160
702
919
1138
712
866
1091
678
865
1168
715
894
1056
737
887
1042
824
994
1168
653
954
1074
807
1137
1245
828
1016
1208
783
958
1203
854
1100
1288
883
1074
1217
786
956
1207
809
1037
992
632
897
1116
651
985
1240
762
994
1208
773
949
1178
880
1160
1323
781
1107
1231
881
1085
1314
936
1127
1315
880
890
1106
567
900
982
646
901
1136
729
852
948
736
1014
1012
718
992
1039
800
824
1083
593
757
947
605
869
1019
605
823
996
687
832
681
655
767
724
740
883
649
633
809
618
751
922
844
585
1007
726
740
1027
617
706
830
637
637
860
768
740
909
724
629
858
675
741
940
880
824
967
787
695
769
746
675
936
686
694
995
684
805
826
703
666
884
709
794
813
770
702
1087
784
743
877
673
719
883
754
778
847
842
706
815
751
797
796
742
718
1076
743
792
1057
686
675
924
909
648
975
696
710
1089
937
798
891
653
692
934
672
692
817
571
613
776
560
614
1039
729
746
853
602
772
993
779
791
1028
672
757
879
821
794
1009
668
739
922
842
838
1053
753
889
1039
708
759
912
721
785
994
717
763
968
690
777
966
803
812
987
742
855
1047
686
742
969
636
717
962
699
750
971
614
908
1335
612
721
1006
614
725
923
577
831
1053
752
738
923
619
760
961
767
759
964
798
824
1010
886
788
932
694
794
980
677
825
983
616
671
808
530
663
884
590
682
917
705
762
992
618
729
950
651
846
1071
695
722
1009
643
1007
954
844
897
1088
629
856
1026
901
731
854
547
637
907
894
853
1035
655
848
1081
726
778
1073
684
777
1140
783
920
1138
732
829
817
745
789
1261
783
798
1159
790
775
986
679
805
998
700
815
986
640
845
1053
694
882
1103
662
895
1153
746
843
1066
785
864
1022
789
885
947
637
815
992
634
648
1211
698
833
1142
901
977
1264
932
1050
1149
828
948
1011
621
799
1031
624
921
1197
678
825
1021
714
879
1164
725
827
1153
681
782
937
652
724
1015
733
1032
1135
758
884
1200
884
1031
1030
796
891
1082
716
951
1039
713
971
1111
809
874
1135
771
921
1199
780
994
1112
731
909
1136
764
917
1139
716
973
1120
885
854
1074
583
821
1078
757
896
1090
761
1058
1128
723
848
1079
655
912
1073
571
1002
1139
602
825
1144
776
953
990
805
1073
1230
839
1011
1333
672
966
1200
656
850
1060
703
782
1071
656
823
1116
651
862
1070
758
914
1231
995
1015
1261
690
1042
1079
813
887
1105
690
930
1108
704
898
1179
646
816
1098
631
808
1011
572
842
1165
805
923
1141
578
1035
1115
741
997
1121
719
1088
1070
706
926
1199
731
934
1117
700
868
1098
712
959
1054
738
953
1037
641
889
1122
718
873
1093
755
855
1151
715
1041
1126
857
968
1161
813
825
1100
677
967
1070
760
1021
731
607
843
657
754
897
685
951
1020
697
730
847
840
779
973
785
854
1042
706
578
827
713
708
900
873
841
1002
816
755
943
749
763
1019
805
791
1074
759
801
994
763
761
941
638
731
989
687
815
1110
779
826
1036
801
798
1020
766
572
869
746
795
938
837
619
955
887
796
942
677
750
888
873
821
1066
708
762
1032
653
609
865
741
750
1085
823
826
964
695
750
951
784
819
938
825
743
971
823
893
910
797
802
1018
727
686
1006
739
866
1025
700
751
895
586
773
962
611
636
1040
699
660
991
640
873
984
732
671
1002
749
895
959
681
933
1082
777
858
797
764
873
1043
779
767
924
715
836
857
631
823
952
726
759
905
630
841
1012
727
825
941
708
746
888
659
632
916
671
694
803
744
821
885
537
739
991
819
695
1073
686
924
1078
705
771
987
689
889
877
910
768
905
719
786
999
741
791
1024
762
824
1027
725
868
1043
694
784
1046
703
717
1155
700
833
1044
752
800
978
692
824
992
716
784
1085
756
759
988
460
730
1013
849
879
1087
834
835
1003
609
779
941
623
815
1030
736
912
963
658
802
978
754
743
944
609
681
1097
834
960
1165
798
951
1029
772
974
1295
879
864
1006
657
805
990
697
694
1025
685
903
1102
769
887
1030
651
897
1072
676
792
1040
683
827
972
611
756
1053
610
827
936
679
764
1028
650
779
992
659
775
933
575
772
1034
657
744
920
610
871
1041
753
856
1127
800
805
864
519
785
1038
884
853
1140
921
1000
1069
762
876
1106
770
988
1039
740
929
1095
769
843
1133
698
811
1025
701
876
1208
681
893
1049
635
888
1217
661
783
1061
712
888
1064
689
841
961
627
920
1079
635
911
1030
643
814
1057
671
956
1197
790
1007
1315
706
845
1083
724
853
1074
673
798
1068
762
865
1087
664
771
955
619
783
1059
666
876
1027
805
1071
1036
581
864
1233
720
878
1187
981
951
1172
593
950
1197
718
901
1057
718
1148
1121
884
876
1079
923
961
1234
699
934
1444
653
815
1064
549
849
979
500
675
1028
873
982
974
475
771
1004
562
870
970
592
899
1276
679
850
1066
753
942
1142
665
877
1131
830
1008
1079
632
834
1027
769
1097
1235
900
1235
1047
638
997
1167
805
953
833
910
1068
759
911
1009
889
772
988
702
761
809
723
598
977
797
806
820
679
711
877
881
792
1012
802
667
1051
866
699
901
829
775
980
948
724
936
597
680
955
813
780
940
797
739
965
723
732
886
778
851
888
903
986
1003
801
692
1192
863
718
926
684
729
960
747
735
946
659
712
944
677
712
971
715
707
990
606
679
859
720
696
930
689
753
921
685
638
882
629
891
1006
650
639
925
652
674
992
699
653
889
939
611
937
771
750
978
683
770
1012
665
704
964
875
798
990
635
830
906
685
740
926
682
733
1000
641
655
1095
684
728
980
633
746
905
689
758
931
568
840
1003
769
828
1126
690
925
985
663
802
946
717
771
943
666
807
1098
616
796
1120
700
788
981
821
762
836
575
829
1063
782
890
1005
703
765
924
672
932
1060
711
1006
1077
681
821
960
874
927
1015
703
758
1218
930
828
989
655
821
895
760
787
1191
828
789
1040
735
947
921
686
800
939
633
808
1032
757
920
901
708
905
1023
661
888
1075
811
865
1066
828
905
1093
853
1004
1069
809
903
1077
705
820
883
522
891
1120
693
689
1087
683
813
1089
848
916
1137
774
827
1077
730
929
1054
741
750
1111
852
765
894
656
720
1049
628
792
980
643
782
907
592
779
982
653
851
1081
586
843
963
550
827
1065
691
805
1013
690
976
990
717
819
997
600
894
1136
782
931
1109
679
858
979
658
791
987
783
823
1007
639
756
1073
724
950
1047
664
1020
1145
702
876
1080
722
831
924
617
831
1043
679
881
995
631
892
1010
661
788
984
694
987
980
554
816
1095
623
801
1032
684
879
1048
656
874
1106
674
822
1096
720
891
1125
627
811
947
716
999
1042
706
815
1018
639
897
1079
606
804
1018
676
862
962
725
925
1103
770
912
1071
771
985
979
733
762
1072
873
826
1130
728
924
1180
839
1077
1128
630
867
1085
709
834
1125
754
976
952
669
902
1105
686
874
1039
782
933
1113
734
911
1011
777
879
1262
727
1024
1135
650
759
1164
698
871
1006
544
760
1243
784
1032
1227
765
885
1048
675
947
1193
744
931
1089
778
939
1016
610
881
1109
890
975
1138
696
882
1087
689
883
1229
730
959
1152
781
899
1096
694
900
1096
726
892
1118
838
1055
1120
665
857
1005
669
859
1086
683
992
1211
749
721
623
691
963
1031
591
793
1276
766
936
623
904
923
845
691
899
696
779
893
757
613
795
746
710
892
765
712
1012
717
787
1014
824
847
936
723
1503
1113
787
1046
897
872
897
1063
828
782
923
834
702
1101
933
863
960
708
690
895
625
868
924
874
866
1042
787
826
887
767
762
954
616
702
904
823
811
998
642
699
983
687
757
1045
704
590
814
691
778
989
741
744
1003
749
760
946
699
769
838
673
703
1125
835
920
1078
824
863
1076
793
864
1045
774
852
1137
768
909
1049
801
718
1057
592
998
1018
731
875
1038
739
714
960
606
843
920
694
797
1059
609
707
915
627
748
1094
641
815
1069
634
696
912
640
879
1026
678
814
979
665
881
908
509
762
903
640
724
962
797
789
937
609
731
1008
726
886
1082
837
768
1075
728
725
1065
775
1061
1167
910
1026
1281
866
848
988
671
942
994
636
738
912
789
918
1014
666
772
975
813
978
1161
652
967
1146
758
814
1017
777
968
1170
606
837
1034
716
737
1137
656
777
1007
746
797
971
907
941
1163
758
897
1047
664
844
1000
753
920
1152
796
830
1087
682
825
1123
735
782
1028
621
708
986
697
826
1133
725
810
960
633
1358
1005
568
816
1078
739
785
985
651
861
912
676
829
1011
739
901
1135
703
872
1083
620
886
880
630
838
1021
796
765
952
653
919
1079
692
913
1006
704
819
1114
628
931
1119
585
789
1018
503
684
900
509
694
937
706
820
901
618
839
933
791
732
898
583
880
1382
692
869
1021
740
793
1092
665
823
1077
676
791
987
603
715
991
677
690
1001
585
660
895
518
882
966
683
751
855
711
944
909
579
709
912
809
794
934
757
932
969
768
861
1056
567
961
1079
557
772
1006
755
845
1064
787
849
1035
523
854
985
597
919
1146
862
1012
1061
844
1110
1245
826
1053
1398
1015
1339
1148
782
982
1157
818
1020
1045
997
1032
1001
723
990
1055
761
849
1256
857
1108
1287
719
953
1277
669
899
981
736
868
1184
664
872
1043
624
927
1235
770
887
1092
676
899
1038
615
1103
1298
904
1129
1253
1001
1139
1268
890
1067
1422
806
850
1091
669
811
1039
790
1029
1192
852
1001
1194
636
819
1204
836
1047
1203
688
964
1076
706
1094
1071
764
940
1104
749
1401
1227
657
956
1139
695
959
1161
786
911
774
642
894
734
709
1018
743
607
878
595
632
865
689
736
849
712
878
1113
703
740
961
716
734
964
692
670
914
676
731
911
618
907
851
639
616
852
661
637
814
598
597
979
698
640
835
795
668
866
700
621
864
1254
858
1113
952
771
797
677
847
922
661
726
934
726
840
903
687
859
934
598
654
832
729
769
916
934
711
1142
806
731
1112
897
937
1184
871
934
1169
882
973
880
662
730
957
722
691
962
680
631
979
625
681
852
642
875
1000
816
834
949
675
583
927
714
728
879
565
670
888
670
867
1018
515
902
1363
726
755
904
693
774
1101
678
709
912
514
684
817
628
693
963
742
690
869
733
694
989
594
781
880
556
770
920
601
761
1010
641
891
917
776
865
1030
644
617
979
629
746
904
787
810
871
571
710
967
813
865
1114
760
845
1130
930
1001
1097
756
807
968
693
783
1102
656
816
1039
652
728
1005
634
661
927
577
850
933
609
694
935
555
668
892
843
710
1077
767
942
972
565
794
995
607
826
1096
558
841
988
661
828
957
623
899
1047
667
857
1097
594
627
1061
853
872
1036
684
730
983
768
771
1100
677
847
965
731
748
1023
638
775
1071
601
863
1195
840
859
1055
786
978
1085
673
931
1102
861
740
1166
876
958
1089
697
958
1299
870
1002
1238
680
874
1042
864
1021
1331
842
869
1098
657
1040
1088
723
963
1096
722
842
1048
624
900
1025
868
926
1154
797
985
1010
762
865
1077
627
809
1124
678
910
1104
656
815
1083
666
912
1044
673
855
1081
710
855
1147
652
877
1021
626
877
1045
627
938
1098
667
964
1179
742
885
1132
778
923
1264
789
943
1229
718
905
1165
657
956
1154
733
951
943
882
1018
1163
863
1115
1110
865
982
1170
938
1187
1076
904
1059
1278
857
1094
1295
828
1016
1080
755
1020
1101
808
1051
1188
742
972
1166
995
1008
1248
651
1140
1146
922
1022
1112
737
1119
1168
996
1103
1172
1614
1132
1179
733
1029
1273
1019
1221
1320
895
1021
1205
915
1102
1154
832
998
1204
780
1216
1067
979
1112
1164
767
905
1174
905
1213
1262
843
1187
1247
949
943
1174
976
1214
1162
1064
1282
1288
1062
1056
1360
850
1092
1344
924
1208
1192
1679
1186
1354
976
1087
1416
954
1200
1285
992
1158
943
795
1121
929
1019
1214
956
895
1059
834
998
1197
759
868
1106
793
824
1034
743
791
1041
835
911
1133
839
901
981
792
847
1079
922
773
957
858
791
1000
857
847
917
900
999
1161
836
835
987
864
852
1149
917
903
1151
954
1024
972
884
799
997
765
907
1079
795
808
1009
862
829
1127
797
949
1032
1070
1073
989
885
935
1047
816
812
999
773
886
1044
922
907
973
849
823
1025
755
725
1095
750
880
1132
672
878
1011
897
762
958
726
833
1003
694
941
1085
866
939
1028
776
976
1231
724
982
1154
944
1030
1248
897
876
1049
846
976
1096
778
995
1129
836
902
1208
824
976
1597
707
908
1221
1002
1019
974
711
1115
1078
903
1059
1290
709
790
1043
834
969
1250
948
907
1125
841
1019
1199
923
1023
1276
1142
1054
1222
941
1062
1288
1017
1126
1207
999
1116
1311
1013
887
1072
793
866
1117
729
917
1002
796
841
1095
779
884
1082
790
826
1140
841
1020
991
1193
877
1229
949
1039
1113
834
974
1135
790
859
1191
792
1069
1209
681
1022
1263
891
922
899
806
872
909
777
875
1108
876
1092
1241
830
841
1231
931
1022
1057
851
1044
1218
877
1009
1206
944
995
1147
883
951
946
728
1021
1048
917
921
1086
950
943
1160
840
916
1300
713
906
1166
765
922
1237
752
917
1122
722
1001
1283
798
950
1201
832
991
1210
818
841
1180
1041
993
1178
704
857
1185
851
1004
1208
988
967
1312
867
964
1155
824
986
1147
905
980
1229
792
914
1141
687
1165
1309
790
953
1115
826
939
1357
996
1012
1175
813
748
1134
761
865
1204
796
875
1183
633
883
1228
777
1029
1272
779
942
1280
1029
1008
1227
782
1183
1373
911
1127
1302
872
970
1184
772
988
1195
919
1072
1256
908
1130
1227
891
1049
1241
954
1042
1286
785
1039
1213
887
1026
1209
770
1002
1102
734
1021
1168
672
982
1231
795
981
1250
748
1018
1245
815
953
1228
880
1026
1353
776
893
1161
764
1037
1316
802
1107
1323
828
1078
1235
812
1048
1167
821
1038
1199
895
1070
1372
734
998
1347
713
1085
1109
678
966
1212
873
1034
1204
766
879
1205
896
1146
1392
896
1134
1264
814
1004
1142
886
951
1174
631
865
1064
668
922
1157
692
888
1202
825
1096
1001
692
884
1006
901
1236
1031
804
984
1150
824
1027
1197
705
928
675
804
893
756
704
903
861
882
1162
870
618
1036
701
718
1000
785
727
920
743
703
1019
856
750
968
708
726
841
696
708
818
610
749
879
884
800
969
673
719
984
655
799
1051
728
853
964
592
736
972
624
673
851
655
582
852
643
826
801
685
726
971
849
808
1009
797
889
1073
901
804
958
696
911
949
858
824
1129
730
783
1038
705
740
951
738
718
1002
759
729
1001
770
830
944
897
796
1002
818
797
949
659
750
817
694
713
927
653
877
1089
703
774
1044
601
848
1082
790
760
1011
732
732
1032
658
675
970
646
659
890
688
723
922
625
637
913
657
752
1038
670
791
1018
699
748
1052
796
905
1108
840
941
1286
745
908
1122
816
765
889
772
809
893
704
714
919
650
718
913
763
692
1087
754
837
1086
702
815
990
663
766
1087
829
950
958
718
823
1064
694
819
1004
629
830
964
712
838
963
646
829
899
637
748
976
662
791
973
701
902
1025
669
763
1024
715
855
1095
726
826
1015
662
830
1052
703
804
1031
648
832
938
497
810
999
708
829
968
579
740
1364
658
825
942
601
872
1281
747
818
985
791
903
1037
771
972
1028
701
877
1147
828
856
1125
704
911
1117
645
884
1242
870
971
1308
925
1023
1122
851
912
1111
689
778
1109
685
829
1074
716
771
999
588
837
876
713
861
1044
716
1118
1045
842
939
1073
719
712
1101
1249
888
1068
702
738
900
540
692
869
650
694
937
702
861
1001
650
811
997
708
819
1035
714
819
948
712
872
991
566
746
992
590
926
935
667
932
934
735
773
977
659
820
1039
736
749
1014
638
784
887
571
785
944
774
935
1090
731
906
1140
556
797
971
644
948
1155
737
869
1105
590
724
1073
649
896
1085
723
685
1090
730
853
1023
702
978
1154
732
955
1232
743
897
1099
815
1017
1186
815
902
1145
787
984
1235
812
926
1181
784
919
1106
735
916
1090
822
873
1100
859
883
1048
673
895
1179
721
846
1091
724
827
1301
812
949
1212
783
1066
1173
761
1019
1161
812
978
1132
924
1071
1184
752
935
954
549
940
1110
771
934
1116
678
948
1247
672
863
1321
691
959
1238
720
919
1146
752
869
1102
796
879
1048
839
952
1098
737
831
1070
767
965
1011
571
770
1111
693
862
1100
705
999
1155
642
936
1231
759
962
1184
582
839
990
676
759
1036
738
775
1113
715
1096
731
819
941
1155
678
929
703
660
1060
815
788
881
824
697
878
868
796
905
705
670
940
682
736
1045
767
867
815
761
750
938
753
794
1056
780
769
975
867
934
1158
959
926
932
1022
1009
957
830
835
979
775
904
1032
946
760
956
678
706
923
720
707
940
740
730
952
814
878
1049
838
679
981
825
845
1066
735
792
1108
858
841
1086
815
786
1093
1007
821
984
660
792
941
767
851
922
804
938
1185
765
793
1004
762
781
1089
834
833
948
728
772
967
636
833
1040
748
793
943
661
785
918
655
785
1018
683
753
1021
671
803
1097
703
810
1114
650
772
971
636
762
947
686
760
848
680
770
1100
702
802
997
667
769
933
662
777
951
718
870
1089
717
928
1088
686
877
1111
759
922
1057
725
860
1021
717
693
949
596
691
855
603
707
948
562
755
1043
662
833
1056
842
817
994
623
795
936
643
734
931
633
771
1139
901
782
902
897
1004
1178
902
991
1149
882
817
969
533
849
920
869
824
982
577
734
1496
846
793
1177
605
855
1014
594
755
1037
637
805
1082
793
789
1050
775
761
1015
754
833
1130
786
865
1065
732
863
1019
780
900
1128
749
886
1102
661
814
1060
779
884
1284
801
862
1042
782
858
1103
643
1020
1040
634
799
1107
696
971
1124
731
827
1115
654
762
1007
818
792
1158
728
878
971
670
836
1034
628
896
1036
740
946
1116
781
864
946
744
919
1130
765
966
1024
626
836
1092
685
892
1041
721
900
1108
782
822
1123
702
907
1060
694
853
1052
728
867
1051
705
896
1117
755
937
1106
712
902
1058
695
883
1196
713
935
1163
728
957
1173
666
888
1035
597
810
1082
629
893
1709
570
684
1171
636
868
1083
679
869
1029
644
851
1147
704
818
1092
633
908
1149
762
980
1194
762
788
1017
664
804
1067
694
768
1002
695
898
1052
599
867
1032
684
867
967
524
793
995
680
877
975
692
930
1043
673
950
1073
722
1020
1167
704
891
1098
792
980
1153
764
1075
1262
852
1007
1006
760
921
1129
711
969
1099
553
1025
1125
729
927
913
722
963
961
748
791
941
609
783
1169
643
904
1072
730
863
1088
714
914
1116
965
933
1112
703
915
1052
796
999
1025
838
997
1289
793
984
1194
734
723
1089
1002
1017
1166
665
918
576
660
1014
755
606
1037
867
735
934
848
696
972
671
800
923
697
732
1038
805
784
920
725
794
967
669
780
841
677
629
826
626
693
893
681
746
998
705
760
895
701
835
945
705
687
893
801
728
937
649
801
1085
800
657
1066
724
715
879
639
757
810
522
608
751
624
695
887
596
739
903
576
566
798
554
611
930
728
853
900
564
583
779
732
889
1559
750
800
895
725
733
892
681
822
998
880
768
1017
875
781
983
724
700
1035
901
938
1034
872
987
1108
735
896
917
768
849
1063
795
933
1120
717
706
912
613
866
1086
763
901
1095
811
739
1013
601
885
908
781
946
1026
818
902
948
778
927
920
615
688
887
850
794
896
869
907
1140
673
783
869
819
868
1023
635
709
1073
774
809
1023
671
866
974
693
813
956
593
859
1166
899
892
916
615
803
990
745
957
1260
684
703
973
638
703
993
574
727
1004
750
984
1015
797
884
1016
731
856
977
713
941
1008
783
925
1061
773
746
983
726
767
914
576
691
987
605
790
1073
542
704
916
708
827
1049
697
690
927
1505
687
940
592
759
968
670
692
828
670
766
889
731
745
967
721
852
997
732
874
959
703
935
948
799
873
1016
731
708
873
777
761
960
680
716
913
712
777
1207
708
1031
956
554
679
951
542
654
951
512
626
893
713
663
872
550
769
1050
703
876
1058
672
733
960
620
641
923
625
664
1073
643
765
1547
657
734
1151
746
818
979
595
717
991
579
865
973
602
777
1052
766
803
1169
601
925
1015
637
783
1070
631
962
1174
704
785
1193
646
873
1012
564
763
1036
552
764
1014
639
904
1121
599
789
1043
590
772
1065
634
840
1118
497
891
1095
769
754
926
510
772
1162
849
739
962
632
839
1010
570
768
1046
612
841
993
558
858
947
600
769
936
543
816
1038
583
830
967
569
763
987
551
786
1093
579
1044
1063
641
839
1019
787
901
935
698
867
1010
768
985
1061
658
1013
1183
633
934
1079
666
872
1024
631
821
1097
765
901
1022
587
1055
1213
751
865
1051
