119
1107
638
1041
1305
943
1121
1342
757
1118
1174
747
963
1465
940
1015
1470
891
981
1156
891
967
1249
715
964
1194
713
1018
1222
834
1000
1120
779
921
1430
905
1219
1124
721
927
1166
965
966
1214
794
963
1185
782
976
1140
827
961
1187
838
1199
1153
726
908
1165
818
913
1146
933
963
661
685
948
739
714
939
739
695
914
964
1005
929
764
831
931
786
789
940
792
742
1024
726
732
978
711
835
993
2330
888
1218
731
752
995
790
933
1169
818
767
1215
736
721
1036
819
755
1052
917
804
1006
787
1074
1213
840
916
1299
781
816
988
760
791
998
795
772
1166
728
819
1005
827
839
1003
738
766
972
716
793
1044
833
900
931
669
877
1755
775
744
946
695
974
1193
785
1086
1079
884
837
975
727
833
994
717
868
1104
800
801
971
787
784
1096
758
885
1028
697
724
958
725
798
989
793
931
1012
809
822
999
874
810
978
770
785
987
722
807
980
729
892
1053
989
1053
1163
673
755
1010
874
893
1281
1136
1258
12356
21275
28818
14345
1401
1398
1420
1301
1500
1640
1151
1314
1468
4713
8577
6774
932
1246
1820
1242
1422
1578
1080
1442
1564
1611
1463
1577
1267
1480
1467
6984
15675
25851
28605
31173
29413
1410
1521
1394
1352
1491
1250
1575
1992
1241
1283
1483
1155
1081
1159
1037
894
1093
814
1025
1075
789
879
1109
767
935
1061
694
850
1134
702
880
1316
796
914
1137
791
888
1034
811
882
1239
839
970
1082
698
909
1037
721
832
1084
743
873
1090
753
925
1063
888
1031
1261
840
838
1099
1034
822
1190
759
921
1061
741
872
1318
754
863
1104
790
866
1044
856
1049
1050
710
964
1050
732
907
1233
810
1036
1019
769
1064
1046
733
866
1046
739
899
1085
742
863
1269
726
861
1064
799
1100
1010
741
829
1040
782
919
1171
834
998
1027
761
827
1038
698
1053
1052
832
874
1183
843
852
1034
727
883
1113
719
893
1047
742
894
1005
765
743
976
691
896
1087
788
902
1105
762
937
1196
775
890
1180
774
849
1037
770
929
1022
755
919
1055
761
1092
1243
732
970
1151
855
1010
1309
853
1067
1101
798
1303
1215
808
925
1743
755
1051
1188
691
890
1028
766
893
1215
747
1016
1127
735
1005
1084
761
1012
1065
731
1003
1043
703
934
1167
777
928
1210
1055
1156
1090
839
1053
1051
716
897
1270
692
822
1071
756
890
1043
705
940
1109
799
1060
1072
927
1116
1117
748
1109
1114
971
1132
1265
937
983
1087
731
941
1029
756
1020
1179
746
965
1069
715
924
1346
940
1130
1290
839
917
1184
667
929
1131
769
963
1172
748
920
1090
796
965
1088
833
956
1203
723
1002
789
1049
884
752
985
1112
700
809
1053
710
777
968
1142
735
959
682
812
926
1141
688
926
682
2114
1245
697
673
1195
757
1177
1116
763
893
937
846
863
889
760
776
925
701
757
900
794
745
955
762
703
971
720
821
1138
771
717
914
702
753
1021
750
813
961
732
746
978
723
737
946
923
1035
950
749
716
928
791
821
1027
743
731
912
701
1378
1158
688
1065
1269
739
811
946
692
775
1135
705
960
1171
845
803
1046
683
776
918
736
789
992
666
710
2330
841
699
950
843
990
1170
984
814
1012
792
749
966
724
1058
1222
744
779
1105
755
924
1075
736
938
1056
761
729
1141
858
814
1069
701
782
1124
773
1016
1011
889
769
988
696
800
1182
722
835
1010
678
824
1028
710
827
944
688
798
977
754
796
1108
733
837
1156
717
797
1018
694
850
1315
907
805
985
783
819
1051
711
864
1066
711
909
1117
752
708
926
825
1061
1063
813
833
1003
656
770
1025
814
891
989
785
888
1037
725
768
1021
790
904
985
754
920
1106
703
780
1115
775
961
994
746
863
1125
668
873
1101
769
988
1009
801
1129
1047
703
834
1133
768
869
1068
730
864
1212
766
906
1002
728
911
1082
743
781
1085
669
857
1048
705
909
1114
753
835
1058
5428
1010
1215
802
912
1101
691
741
1228
647
722
956
708
1128
1105
815
903
1103
765
888
1073
752
945
1186
675
887
1111
741
929
1034
688
885
1257
765
1035
1262
694
901
997
726
968
1036
725
910
1023
768
896
998
720
851
1092
722
907
1077
798
835
1067
881
825
1117
718
882
1315
747
894
1044
684
836
1127
966
882
1137
946
848
1091
806
871
1125
748
865
1029
721
983
1066
719
869
1135
762
875
1037
841
809
1284
1039
1145
1254
1883
1111
1274
845
1157
1138
615
865
1125
742
893
784
880
1058
780
1138
1178
723
904
1217
775
981
1123
961
946
1162
761
1090
1102
710
839
1108
713
881
1271
703
917
1076
689
943
1070
772
926
1174
873
879
1066
807
981
1122
913
1018
1409
682
924
1101
914
896
1121
666
905
1106
742
990
1255
701
935
1153
825
1043
1010
710
878
1042
696
952
1137
699
885
1099
698
956
1212
718
874
1158
709
1018
1127
983
908
1290
943
1358
1525
1096
5549
1588
1091
1484
1654
1326
1492
5105
1630
1709
1778
1373
1202
1154
1232
3593
1115
1864
1556
1191
4708
1239
1365
1208
1252
1052
1683
1318
1792
1466
1757
1391
1383
1376
12975
25319
29365
1333
1180
1544
1298
1264
1281
1246
1201
1563
1096
1978
1598
1167
1166
1458
1072
987
1034
911
1436
903
774
923
1058
730
741
962
707
759
938
758
758
15036
839
735
961
750
794
927
884
789
924
794
888
1003
837
871
931
876
963
988
747
759
982
827
827
1067
751
747
1000
778
834
971
674
825
969
783
827
1070
741
1051
946
767
939
955
739
891
955
772
983
1022
771
796
1007
774
870
985
709
787
970
722
814
1086
765
885
1058
739
880
962
706
688
1030
718
737
994
734
780
1114
732
823
1036
730
746
957
851
909
1071
757
922
1043
787
891
990
732
807
952
707
758
1023
705
868
1081
724
790
1020
793
821
1056
799
792
953
758
918
979
768
827
1018
762
810
998
727
830
1003
780
791
946
669
1044
1001
700
796
1002
798
758
1055
853
895
1131
808
759
1108
669
896
1002
705
976
1054
671
733
992
663
762
1035
757
835
1095
749
895
1072
681
867
1243
722
929
1012
795
847
1007
858
794
1184
796
837
1127
821
830
1005
754
832
1078
836
821
1074
740
854
1027
692
974
999
697
873
1147
746
874
1186
702
781
1064
704
866
1072
689
811
1289
1042
5367
1342
953
844
1252
934
1055
1030
697
906
1062
731
1050
1315
923
1131
1277
994
1044
1237
695
854
1120
732
805
1145
946
890
1037
699
852
1259
832
988
1091
746
888
1073
763
917
1102
741
796
1021
713
861
1030
732
786
1057
706
857
1296
724
835
1071
721
825
1026
1095
868
1058
774
915
1059
824
881
1163
675
912
1062
763
904
1070
715
1145
1055
724
968
1095
724
936
1059
804
910
1222
736
899
1295
654
845
1077
880
933
1078
697
1048
1072
689
1050
1126
714
847
1116
649
923
1011
732
985
1139
702
892
1102
703
886
1145
746
855
1170
737
917
1298
900
948
1276
767
1013
1032
770
849
1305
732
990
1155
830
856
1168
662
978
1061
837
891
1146
695
7402
1226
854
1046
1197
676
921
1109
734
914
1111
818
1007
1333
726
871
1099
723
1082
1129
683
948
1115
955
851
1068
726
1034
1148
782
876
1202
660
963
1346
938
1178
1305
650
863
1015
634
911
1148
799
962
1202
1028
937
1480
1046
1011
1260
761
934
1139
771
950
1175
869
918
1214
682
934
1147
811
984
1151
846
1045
1129
756
906
1149
742
1137
1143
730
1061
827
735
939
1138
719
987
1150
723
907
779
683
950
711
772
905
749
694
954
855
721
940
739
913
1153
749
792
946
744
872
911
780
712
964
756
764
909
762
763
911
681
678
870
633
658
963
901
802
1001
743
939
1067
816
771
1021
753
882
921
817
777
963
1009
914
994
720
815
997
731
850
1041
756
824
1007
701
776
940
828
997
936
760
808
963
713
750
967
809
868
1043
767
1041
1183
872
845
1016
725
783
939
711
793
902
713
740
994
707
856
932
777
853
1058
783
802
958
809
828
1080
740
806
1024
744
944
932
767
861
854
664
782
999
688
816
1159
695
793
976
688
851
1041
742
800
1090
718
825
1204
660
742
1145
835
994
1017
717
825
972
709
807
1143
682
753
992
771
780
1013
782
755
1133
730
741
1000
726
940
1105
792
942
1161
772
1083
1126
1047
1201
1580
1147
1188
1651
933
1506
1890
1624
1468
1399
1137
1558
1454
1875
1478
1646
1197
1198
1766
1304
1252
1835
1123
2501
1416
1873
1475
1378
1442
1347
2047
1201
1444
1736
1040
1162
1647
1335
1393
1537
1082
1597
1869
1128
1406
1466
1196
1457
1359
1054
1262
1861
1011
1449
1617
1127
1322
1324
846
968
1187
955
855
1229
712
898
1058
869
898
1009
690
878
1050
758
960
1151
857
819
1002
798
847
1029
701
860
1103
757
830
1054
873
1027
809
847
1054
734
825
980
690
899
1092
745
867
1005
737
970
951
661
770
1037
741
1058
1036
679
834
1057
790
834
1094
774
874
1062
732
877
1037
798
835
1197
771
939
1083
708
787
1108
698
862
1102
801
822
1319
696
853
1117
703
887
1057
759
935
1135
717
962
1115
804
1010
1150
817
794
1500
872
854
1050
692
849
1082
855
893
1038
875
998
1115
692
883
1185
734
955
1092
666
896
1109
848
1017
1240
750
939
1092
690
759
1003
663
856
1049
851
881
1151
727
1179
1253
705
1042
1094
776
1008
1081
834
1070
1288
925
1131
1450
824
911
1156
846
908
1098
648
1170
1093
1091
1121
1379
960
1079
1245
808
986
1188
866
860
1212
1040
1108
1121
8010
1139
1153
749
1150
1352
740
987
1388
981
1170
1324
916
1047
1208
739
948
1167
721
902
1081
716
903
1114
843
1239
1151
673
866
1077
826
973
1074
789
806
1057
671
943
1111
994
1011
1225
757
928
1239
758
994
1228
961
897
1108
759
920
692
702
914
726
788
970
696
749
878
1133
718
931
714
741
1084
731
712
1107
1035
791
900
726
1011
1056
964
833
900
989
966
1102
740
1157
942
822
776
1090
725
758
910
795
765
983
709
752
1088
700
792
968
759
769
903
700
853
967
740
713
965
797
842
954
653
860
1012
778
979
981
732
745
1228
702
892
1078
714
751
950
741
799
981
732
784
1152
681
715
939
671
780
963
737
735
994
758
709
908
742
814
920
726
789
1052
668
719
929
731
866
963
671
798
1057
636
886
967
684
767
1004
731
775
1082
711
806
1519
772
823
1013
802
947
980
791
838
1177
699
785
1146
774
803
1081
678
807
1029
677
1753
1156
668
847
1051
778
775
1019
735
796
991
762
988
939
729
824
1068
784
767
1016
774
967
1141
877
1020
1437
1125
1295
1740
1543
1504
2092
1088
1215
1711
1196
1366
1716
1294
1455
3446
1087
1374
1452
1344
1279
1555
1230
1314
1613
1180
1485
1631
1206
1546
1800
1051
1486
3036
1188
1560
1534
1134
7482
1342
1511
1729
1510
1220
1360
1454
1950
1463
1693
1389
1344
1594
1352
1486
1425
1119
1433
1578
872
1007
1287
806
975
1069
746
915
1216
731
844
1114
797
833
1138
762
894
1178
712
844
1088
675
964
1197
756
1058
1104
764
897
1050
706
888
1046
726
775
1053
675
974
1043
1001
920
1067
640
913
1156
707
902
1108
737
989
1121
779
865
1062
697
925
1094
857
883
1094
744
911
1067
784
854
1186
802
995
1059
853
885
1100
791
921
1087
828
841
1157
1406
746
987
946
1106
1107
773
922
1142
731
980
1125
683
916
1101
702
802
1046
686
1136
1035
765
1107
1105
715
972
1099
696
912
1076
736
923
1121
762
925
1104
709
952
1110
766
995
1180
917
926
1175
766
877
1100
971
1064
1207
922
1078
1249
758
837
1094
715
1065
1308
1048
897
1106
843
908
1052
773
902
1081
718
909
1186
740
1222
1324
851
1028
1280
616
882
998
674
909
1078
792
938
1225
967
896
1060
729
905
1112
746
864
1165
711
1019
1087
688
887
1242
731
934
1123
717
891
1170
766
981
1200
831
993
1312
698
912
1158
720
1069
1099
873
967
1156
878
928
1192
686
947
1269
753
1036
1072
677
944
1079
689
944
1140
758
913
1082
699
1877
1191
736
942
1168
760
921
1319
1002
964
1119
888
963
1114
759
972
1021
712
894
1028
716
965
1160
760
1038
1089
926
1049
1065
791
953
650
834
913
833
744
1074
762
792
969
779
915
960
681
741
979
743
767
965
779
750
915
766
828
941
795
803
1117
833
758
892
732
774
889
803
927
981
709
872
995
743
829
1011
707
720
1000
1096
792
1057
769
781
959
721
791
973
756
794
1010
739
784
977
793
772
980
831
932
1105
902
727
887
674
1172
964
716
970
1030
766
762
967
698
777
946
701
750
993
723
776
1031
695
827
1142
739
733
933
715
780
1045
785
787
1020
801
2149
997
806
773
936
777
797
1040
771
969
905
778
777
994
672
1014
1042
652
850
1215
744
929
945
684
794
1131
704
772
1091
692
822
941
663
793
963
690
945
1101
833
831
1202
738
917
973
719
766
1053
597
758
1186
780
785
1030
676
805
982
727
828
1068
763
896
984
695
773
1033
683
834
959
686
843
1008
705
881
1195
819
996
1295
1002
967
1097
758
950
1376
1203
1124
1658
1186
1326
8385
1419
1686
1792
1163
1394
1356
1191
1547
1772
1456
1405
1608
1140
1469
1692
1384
1728
1705
1293
1617
1637
1353
1718
1612
1008
1381
1626
1283
1343
1623
1292
1294
1464
1266
1501
1530
1406
5307
1733
1224
1545
1539
1284
1350
2354
1350
1725
1920
1333
1371
5824
12293
1326
1414
1439
1344
1760
1365
1555
1502
1244
931
1163
750
1029
1023
801
811
1025
751
831
1279
777
824
1021
756
894
998
724
1115
1068
691
923
1149
862
1150
1093
725
885
2140
726
844
1085
677
972
1216
678
1172
1096
724
994
1230
801
953
1189
789
1207
1206
799
988
1226
695
894
1437
685
905
1083
835
833
994
616
978
1038
717
856
1062
721
1008
1192
726
843
1115
819
852
1097
757
841
1080
655
810
1034
723
842
1140
635
889
1190
758
890
1118
667
1054
1116
717
920
1110
683
968
1240
704
821
1093
756
851
1376
967
891
1079
653
1010
1035
695
930
1139
692
1201
1125
733
979
1296
1049
977
1141
677
915
1245
679
2319
1130
673
919
1104
680
919
1368
763
862
1100
589
846
1107
800
922
1171
737
886
1162
813
935
1146
768
882
1190
727
885
1131
760
939
1177
694
926
1073
696
863
1276
870
1138
1146
663
947
1170
825
1143
1147
1001
940
1228
822
912
1126
694
933
1180
933
936
1136
727
873
1207
762
1168
1168
755
890
1171
1287
1131
1220
999
1078
1154
757
994
1154
777
927
1429
1010
985
1192
816
987
736
976
929
6125
700
936
843
855
1094
1063
788
974
766
725
950
974
983
1005
933
744
1092
777
803
1056
757
832
926
877
733
1012
716
761
934
712
777
1210
719
924
954
837
804
992
823
1038
1097
751
795
988
786
1020
985
754
784
973
792
780
923
697
1101
1150
1015
1046
1210
1020
893
1234
934
801
1089
753
792
1093
749
892
1013
689
1022
1197
711
785
1062
775
825
990
642
774
909
614
737
1082
736
840
1071
716
764
1050
696
927
993
711
926
1039
795
871
996
758
808
1062
667
939
1057
702
804
1029
744
737
1000
869
802
976
949
836
943
754
944
928
740
830
977
862
859
1103
685
893
998
977
888
966
759
834
1112
809
840
1091
799
838
950
865
974
1090
746
836
1130
714
821
1019
747
819
975
798
877
1118
767
771
1064
735
855
911
643
814
1045
731
817
1043
771
822
1126
867
876
1083
672
799
992
679
1005
984
680
778
1019
744
928
998
716
810
1028
676
862
1023
864
971
1186
722
888
1032
734
813
1037
741
882
996
800
1002
995
740
962
1178
662
850
1073
741
915
1080
717
1211
1127
699
939
1505
740
928
1355
796
1117
1247
1055
1137
1215
920
1138
1228
1103
1190
2123
1289
1724
1760
1468
1313
1802
1233
1487
1493
1314
1468
1658
1229
1408
1581
1315
1528
1729
1300
1263
6197
1320
7386
5663
2608
1715
1739
1275
12994
24039
4664
1312
1686
1119
1382
1763
1375
1301
1664
1288
1692
1820
1008
1396
1615
1309
1525
1519
1403
1354
1733
1112
1708
1787
1323
1391
1589
1381
1572
1587
1271
1494
1466
874
1010
1152
708
920
1085
733
1300
1081
829
846
1049
1663
981
1165
855
1089
1130
684
865
989
582
869
1099
676
842
1168
703
999
1148
795
874
1042
679
1024
1361
758
869
1011
650
1017
1094
734
884
1210
715
891
1665
924
887
1169
728
1008
1250
983
956
1285
739
979
1058
727
938
1104
712
963
1158
744
923
1108
715
1208
1197
798
976
1102
791
960
1116
738
979
1110
752
928
1068
744
904
1354
755
891
1133
841
869
1060
756
999
1308
847
873
1267
819
784
1037
669
1024
1117
773
920
1106
713
926
1197
860
934
1119
697
929
1204
698
971
1228
804
876
1405
777
917
1118
761
1025
1248
728
960
1243
843
944
1137
687
1031
1126
691
994
1222
770
893
1128
732
947
1129
723
912
1117
753
1036
1200
961
948
1115
788
1083
743
759
1141
1315
765
960
740
871
992
704
740
937
745
826
966
683
786
1030
731
754
985
744
656
999
681
1000
976
753
872
958
738
759
11095
753
1013
929
700
768
975
741
1068
974
1013
706
1045
779
780
933
813
804
995
3012
872
943
757
835
1178
994
745
1077
771
720
909
781
1037
1101
876
1118
1008
743
859
1032
703
725
1024
712
759
1029
816
806
987
686
841
1020
709
739
1038
747
1031
912
722
917
991
935
1113
1277
966
798
943
669
853
927
652
673
908
686
1032
1248
932
1108
908
707
805
1202
943
1096
1048
688
774
933
688
719
1029
703
724
995
751
810
935
737
1014
1005
809
924
1254
847
913
1118
743
832
1004
681
768
1007
851
783
1052
782
1031
1131
777
947
987
765
883
973
697
784
1041
766
825
1019
680
1001
1110
691
836
1216
710
788
1046
816
875
997
758
900
1315
727
789
1078
646
743
1042
632
765
1070
739
819
1014
744
869
1047
711
922
1009
651
856
1100
763
805
1071
741
857
1071
705
844
1121
953
907
1142
791
889
1103
663
901
1048
746
862
1046
756
791
1063
681
818
1210
782
844
1064
687
1012
1001
681
903
1118
743
839
1226
760
914
1292
11905
983
724
876
1132
764
801
1008
731
871
1032
778
941
1049
737
894
971
694
824
967
747
775
1064
768
946
1143
858
899
1067
733
943
1080
725
948
1036
817
908
1018
779
969
997
736
961
1028
721
1007
1051
705
901
1064
786
872
1184
977
1088
1100
711
899
1094
691
982
1068
807
924
1059
775
914
1069
661
894
1118
818
878
1010
688
850
1142
769
967
1216
712
891
1031
751
905
1032
928
1113
1302
950
1117
1305
736
956
1100
800
921
1262
815
1003
1064
594
846
986
751
918
1309
723
912
1057
672
922
1066
692
873
1104
839
889
1053
655
856
1105
798
942
1098
721
997
1431
989
1305
1702
1452
2227
1909
1063
1373
1660
1168
1179
1630
1031
1688
1595
1195
1617
4724
1192
1498
1549
1231
1415
1325
1150
1659
1674
1199
1621
1590
1238
1375
1395
1512
1499
1506
959
1447
1601
1401
1622
1509
1592
2370
1991
1671
1923
1660
11486
1349
1400
1281
1710
1701
1273
3547
5180
1475
1432
1962
1137
1633
1673
1423
1612
1691
2468
1974
1892
1499
1388
1634
715
995
1131
726
945
1102
946
907
1163
845
902
1210
689
938
1136
780
928
763
833
935
782
783
949
742
736
955
770
723
920
691
843
974
711
764
1005
718
763
968
789
743
913
715
814
905
719
680
1052
751
679
1022
771
776
1040
814
906
1029
798
724
944
795
745
1052
653
686
998
691
1088
1072
755
820
992
807
712
1063
912
761
1065
714
998
1207
716
797
924
758
984
919
712
784
915
893
781
1081
795
781
955
750
749
936
786
972
1006
811
965
1957
929
956
953
702
775
975
738
879
947
730
915
1179
1055
944
919
714
817
969
726
815
1033
719
772
988
701
760
977
748
732
1014
800
732
948
767
764
935
759
808
977
725
777
1036
711
770
1018
709
788
1191
735
770
949
712
743
1007
670
791
1059
791
862
960
693
790
952
734
802
1187
685
792
1328
1010
983
1242
734
881
1120
761
757
1081
959
758
1400
988
756
949
642
821
1030
686
834
1037
740
771
985
691
887
1080
701
812
929
833
757
984
722
769
1026
713
781
1068
681
1037
991
691
882
1007
737
917
1047
617
704
938
743
867
1035
719
870
974
735
806
1156
733
853
1040
780
847
1042
770
813
1057
720
825
1099
793
1046
1103
727
839
980
777
931
1033
710
836
1059
686
854
1065
777
851
1081
747
795
1202
818
1128
1148
700
1130
1062
732
846
1022
681
904
1273
793
909
1100
773
794
1102
1056
924
1339
891
979
1186
858
989
1117
887
899
1083
713
817
1083
667
976
945
621
836
996
730
807
1257
873
1144
1243
745
908
1228
811
998
1089
759
936
1161
854
956
1148
755
914
1078
742
1082
1037
758
949
1043
733
1079
1330
1061
1152
1428
723
838
1101
689
1072
1124
714
1057
1106
763
1000
1024
685
878
1022
733
912
1128
740
941
1163
668
1056
1239
716
940
1085
704
948
1069
800
894
1133
669
980
1060
662
904
1365
926
1151
1030
673
770
932
818
953
1069
750
1037
1066
720
1100
1073
812
1020
1189
714
1098
7085
715
894
1194
847
911
1059
760
890
1070
687
1116
1234
956
1068
1459
889
1145
1263
846
1143
1397
1286
1405
1666
1234
1838
1679
1005
1615
1651
1624
1602
5885
1204
1435
1564
1177
1842
3712
1487
1625
1617
1510
1294
1656
1408
1469
1657
1076
1320
1744
1628
1495
1640
1199
1377
1748
1107
1713
1829
1187
1368
1648
1143
1504
1488
1404
1693
1607
1822
7029
1661
1438
1465
1754
1099
1551
1873
1169
1624
1998
1207
1476
1820
1404
1733
1677
1175
1398
1509
1561
1294
1614
1442
1397
1781
1601
1335
1721
1200
1467
1045
1154
1466
1624
1120
1291
1208
840
975
795
7439
1085
780
709
1008
726
795
951
649
796
1042
772
936
1054
712
724
984
738
805
1011
721
755
1112
118384
983
794
716
1040
762
736
980
3303
642
863
843
733
1049
740
715
993
710
775
972
778
784
948
815
1004
1071
865
1019
946
681
784
957
749
1048
1137
728
840
1016
804
793
1010
784
895
1056
766
765
996
711
846
1012
764
809
958
698
828
991
850
770
1001
801
846
1171
803
790
1122
735
846
1071
865
867
1058
828
935
943
684
975
984
686
793
1079
749
798
978
785
792
998
709
776
915
696
707
1049
732
950
1028
736
1439
954
715
793
977
745
780
910
726
969
928
923
853
993
721
970
1084
709
891
1086
810
838
1151
764
809
1093
723
1013
1070
708
958
992
777
825
977
688
924
1038
719
799
981
708
791
1021
746
832
1001
751
793
1052
756
776
1063
718
782
1060
773
876
1118
748
829
1020
830
1152
965
779
826
1061
788
795
1003
649
752
966
628
827
992
739
909
1012
766
795
1114
660
789
1046
732
1074
1021
686
858
1098
733
980
1341
743
913
1015
968
1072
1179
908
849
1115
682
1088
1050
692
906
1162
800
863
1066
760
1093
1046
711
841
1046
768
1009
1029
814
853
1063
715
788
1059
740
847
1013
733
901
1355
974
1124
1343
968
1116
1080
805
1097
1065
651
887
1058
688
861
1082
786
927
1029
607
914
1091
761
866
1089
848
863
1016
813
842
1118
922
919
1086
711
909
1031
738
1037
1259
677
878
1192
860
830
1176
745
903
1042
738
1007
1076
745
925
1173
821
990
1193
708
882
1176
795
1073
1124
762
927
1146
781
938
1065
735
965
1110
706
901
1056
711
857
1083
683
811
1043
726
885
1047
716
848
1264
677
1047
1272
727
1003
1118
731
881
1147
633
848
1056
612
840
1512
717
988
1122
857
916
1059
660
1048
1367
745
948
1189
761
945
1292
719
1037
1211
737
988
1184
793
971
1085
737
924
1146
724
883
1049
1005
991
1105
711
911
1163
747
999
1176
665
1010
1148
779
902
1331
925
1172
1301
743
947
1169
680
1005
1138
759
1075
1113
758
940
1206
771
1028
1157
750
998
1178
976
983
1199
736
873
1098
753
980
1046
692
1943
1122
800
944
1192
729
1003
1149
681
955
719
758
1011
1117
864
893
1104
747
953
1169
711
1017
1148
765
1290
827
916
1093
783
865
1129
768
829
1043
962
921
1278
1046
1119
1341
1322
1389
1561
1374
1185
7500
1340
1354
1672
1348
1553
1438
1242
1156
1354
1608
1195
1496
1228
1555
1590
1361
1245
1485
1301
1329
1841
1447
1660
1833
1230
24129
1531
1582
1188
1589
1237
1546
1602
1271
1095
1635
1426
1716
1837
1294
1201
1460
1138
1360
7656
1215
1328
1544
1329
1201
1644
1062
1134
1316
944
814
1021
728
809
1090
819
789
962
705
737
914
697
842
940
746
803
986
682
778
1006
685
786
1054
736
761
1003
685
802
986
693
1262
1123
871
809
1202
793
860
1030
739
876
988
669
832
1066
721
924
1058
736
893
1032
762
832
1005
649
864
1121
716
696
946
685
708
892
701
835
1075
756
788
1038
732
824
1039
693
872
1308
1096
855
961
819
851
1460
755
821
962
736
1027
1310
1006
2491
1052
734
898
1170
780
889
1190
790
860
1186
833
824
1145
753
1059
1234
907
888
1312
988
1212
990
698
865
1006
716
834
995
662
838
1050
745
904
1132
773
893
1168
919
812
1071
708
788
1070
702
936
1102
680
872
1079
652
780
1024
834
947
1280
1000
977
1032
864
1036
1056
819
932
3599
692
824
986
749
884
1033
777
855
1103
701
866
1116
807
800
1047
712
835
1092
797
955
1135
770
935
1111
708
909
1260
713
841
1101
694
988
1058
678
881
1035
813
782
1044
775
828
1029
1010
804
1160
780
898
1071
726
823
1055
745
866
1157
679
850
1063
687
896
1090
748
913
1086
684
916
979
718
878
983
651
877
1037
679
965
1074
721
963
1111
800
999
1069
787
1003
1046
725
959
1196
917
869
1034
833
967
1472
750
918
1107
709
881
1122
824
848
1131
957
1066
1368
724
850
5858
898
843
1085
720
938
1348
675
874
1073
657
905
1088
725
875
1061
639
899
1102
639
932
1067
763
843
1148
837
1024
1133
704
998
1061
1112
1008
1214
912
929
1153
728
910
1053
1033
797
1224
748
916
1106
1021
1094
1270
724
1042
1107
797
980
1185
806
930
1244
756
861
1149
791
1012
1140
784
918
1076
730
862
1220
714
975
1162
738
966
1429
692
937
1121
816
847
1099
912
937
1334
863
838
1148
813
1066
1107
779
976
1196
897
968
1260
767
928
1095
728
908
1110
757
979
1329
821
980
1095
724
980
1154
785
883
1171
850
1206
1134
853
1078
714
947
1118
911
967
922
1264
888
1067
1243
687
1088
1290
728
928
773
950
1040
722
800
977
781
862
1291
915
841
1056
967
808
1015
968
1221
1597
1138
1358
1440
1174
1177
1483
1329
1490
1457
198079
8815
1356
1887
1526
1280
1492
1801
1304
1249
1587
1217
1199
1678
1341
1687
1575
1158
1385
1375
1271
1979
1488
1307
1380
1544
1183
1283
1445
1350
1405
1400
1007
1326
1363
1345
1192
1632
1252
1354
1265
1110
1577
1432
1093
1446
2672
1096
1161
1552
1454
1145
1366
1392
1301
1781
1035
6378
10244
1098
3042
1604
1265
1535
1717
1214
1219
1677
1240
1523
1666
1349
1280
1247
859
930
1005
759
988
1022
711
808
959
935
983
881
764
803
1021
749
753
991
758
926
1090
717
810
1176
747
743
961
867
959
1011
721
795
1141
672
938
1120
810
868
1108
670
836
911
692
757
1201
620
986
6334
676
763
985
919
1003
1064
714
1087
1091
886
796
1005
847
965
1088
722
1007
1023
716
844
982
662
828
1102
793
785
1046
697
913
1078
788
934
1051
766
863
1074
724
847
1014
788
843
1061
746
759
1069
771
1031
1140
862
805
1069
683
778
1952
851
968
1062
709
987
1057
690
826
1052
750
798
1058
713
801
1130
831
894
1059
757
752
1189
642
824
1222
674
862
1042
689
887
1120
708
861
1054
732
842
1148
692
845
1057
734
808
987
693
815
1085
770
989
1135
706
922
1300
989
880
1131
758
929
1157
782
908
1082
628
1087
1348
932
945
1285
772
975
1146
792
911
1218
812
817
1077
768
823
1087
731
920
1078
950
937
1203
751
930
1104
684
956
1100
903
881
1196
1217
1074
1264
736
1168
1080
642
817
1044
931
942
1182
839
906
1112
696
888
1128
815
1009
1153
683
919
1187
795
962
1141
715
978
1143
963
1211
1296
744
969
1097
721
948
1284
831
864
1374
1000
938
1028
728
928
1117
757
911
1110
736
864
1117
817
946
1112
705
984
1103
927
1113
1366
947
1111
1329
777
1048
1263
728
961
1122
723
943
1112
796
986
1115
721
966
1095
731
886
1138
704
1179
1020
669
914
1105
660
998
1270
1004
1326
1160
891
894
1111
732
942
1081
765
1008
1145
726
942
1131
817
987
1140
717
1009
1170
679
919
1283
761
1229
1142
832
990
1206
830
944
1082
738
918
1316
857
952
1054
746
944
1050
831
1082
1099
790
891
1234
808
989
1138
758
961
1135
774
1020
1121
730
999
1073
795
927
1130
772
953
1248
1367
966
732
768
965
1011
778
868
718
681
846
661
786
1028
798
823
1141
858
885
908
740
802
931
801
740
978
717
743
967
796
860
978
793
867
1010
795
836
1061
804
850
1232
763
938
1098
908
1134
1325
1219
4647
8317
1272
1269
1378
1203
1413
1345
1267
1508
4187
1149
1233
1511
1369
1222
1526
1313
1266
1249
11159
13484
14004
1279
1378
1771
1644
1570
1665
1115
1233
1483
1877
1244
2155
1110
1465
1541
1176
1119
2223
1171
1662
1369
1083
1329
1369
1260
1186
1303
1079
1551
1332
1014
1190
1670
1143
1209
1594
1314
1240
36044
1073
1577
1240
2909
1449
6970
9059
10746
1183
933
1109
1173
755
762
981
708
824
1065
755
746
1006
752
849
1036
817
838
1028
696
805
1016
793
843
1053
734
815
1003
836
839
982
798
961
1136
795
872
1024
786
867
1014
883
797
1084
3499
876
1866
665
723
1069
714
859
1023
1009
793
1042
787
815
1130
783
859
1186
715
919
1116
688
867
1089
755
821
1006
755
817
1061
710
908
1173
800
904
1034
726
785
1051
700
878
1083
788
806
1310
726
893
1412
855
840
1094
742
826
1017
798
885
1085
776
945
1274
730
900
1109
759
896
1105
724
803
993
806
790
1015
684
919
1040
743
836
1167
720
794
1095
714
841
1050
783
953
1035
765
842
1009
644
843
1094
818
880
1070
802
914
1145
725
886
1063
688
838
1114
849
830
1143
759
1102
1089
819
912
1089
773
848
1124
745
934
1292
774
848
1302
776
915
1073
722
850
1125
741
909
1131
663
862
1054
739
950
1029
784
2476
1193
695
885
1015
725
891
1076
788
944
1071
649
1077
1046
857
898
1238
793
915
1224
758
985
1353
764
912
1245
781
846
1291
749
804
981
732
986
1266
946
1039
1211
766
857
1207
713
913
1070
740
1093
1173
863
897
1176
681
939
1204
712
1102
1195
835
948
1112
717
907
1150
685
982
1123
688
898
1077
874
958
1106
813
929
1097
791
868
1101
1215
824
905
1112
726
907
1116
760
956
1120
903
941
1115
714
1153
1403
872
927
1227
749
1037
1184
732
932
1105
664
917
1167
730
1023
1020
614
912
1157
884
962
1176
742
930
1155
750
1113
1196
699
983
1182
890
1172
1123
892
941
1112
713
925
1243
821
1004
1085
775
1084
1159
701
921
1177
827
1187
1256
831
1024
1164
700
974
1195
699
1003
1225
807
947
1180
811
914
1197
726
958
1140
803
966
1309
691
1185
672
713
947
781
6854
1064
793
914
984
672
783
934
795
795
1015
687
842
915
629
721
989
651
676
1033
741
819
962
715
903
1098
672
756
1021
779
931
1184
857
933
997
793
885
1200
913
993
6034
854
992
1006
862
889
1159
920
1320
1486
1381
1382
1497
1241
1347
1700
1418
1500
1849
1450
1548
1559
2022
1556
1549
1220
1302
1654
1248
1327
1430
1274
1413
1683
1179
1537
1579
1320
1307
1465
1149
1175
1451
1182
1355
1521
1328
1513
1608
1152
7830
5665
2860
1401
1784
1116
1409
1730
1084
1380
1470
1196
1533
2458
1050
1542
6372
1229
1935
1655
1237
1527
2121
1136
1418
1780
1293
1348
5626
16014
1301
1472
1163
1875
1828
1332
1959
1396
1013
982
1055
762
760
1075
819
1041
1078
701
839
1012
2355
921
1103
706
844
1006
779
802
1209
813
790
996
753
913
1077
837
1084
1063
741
885
1096
756
1086
1084
699
872
999
724
951
1106
803
1058
1071
711
736
1090
642
822
901
732
786
1032
662
870
1052
767
787
1010
716
833
1055
726
872
1135
693
945
1050
775
828
1046
763
1025
1054
771
765
1099
755
859
1257
862
1030
1307
851
885
1057
812
912
1174
694
838
1132
669
845
1026
663
792
1063
683
1000
992
776
1080
1429
752
838
1084
746
871
1128
735
821
1032
765
872
1024
717
829
1052
1008
1076
1279
1080
1061
1075
636
784
942
1015
816
1253
669
866
1009
1081
953
1724
769
1221
1297
727
906
1107
681
912
1153
709
843
1268
797
909
1125
744
872
1134
748
868
1384
692
880
1121
672
835
1049
718
1210
1164
773
883
1126
928
837
1043
693
1002
1065
812
890
1029
936
833
1045
733
1108
1333
967
930
1100
742
1009
1074
808
965
1112
725
989
1198
748
850
1051
950
1129
1116
799
986
1026
828
894
1067
701
943
1300
994
840
1057
906
928
1121
760
904
1469
940
1141
1324
707
932
1051
985
864
1067
739
845
1051
748
888
1212
749
903
1140
708
907
1099
941
872
1260
754
1129
1156
709
878
1111
785
955
1246
742
947
1132
739
905
1087
689
969
1518
794
971
1197
830
996
1146
794
1046
1245
804
915
1311
740
906
1142
809
884
1148
702
991
1128
791
836
1052
630
1598
1003
712
933
1147
737
960
1155
834
935
1154
872
916
1110
756
923
1264
858
941
1103
782
969
1251
756
955
1163
772
926
1119
723
1021
1218
816
1150
1451
937
924
745
866
994
802
692
949
709
692
937
849
817
993
771
759
935
781
684
904
713
810
998
741
711
1020
768
811
918
700
829
1003
754
758
916
660
772
958
718
798
919
735
647
937
770
677
1051
733
735
979
812
761
920
759
706
945
731
884
953
833
686
1203
798
761
1025
719
700
907
791
837
987
742
831
1083
696
715
928
682
799
1036
772
827
1048
763
770
1004
692
771
1221
801
731
1176
742
757
1003
877
818
993
742
972
926
869
1051
966
747
847
1121
696
938
1225
870
756
1059
2404
816
987
712
904
926
714
807
1101
736
973
900
771
717
1008
686
995
1015
671
791
1024
803
903
1029
727
783
1001
709
803
951
878
796
935
722
1428
957
989
1115
1407
1208
1207
1150
980
956
1140
847
1083
1315
1067
974
1271
819
1042
1696
1242
1366
1287
1347
1609
1639
1387
1519
1538
1287
1614
1666
1258
1295
1397
1332
1220
6759
1120
1315
1694
1352
1281
1471
1283
1420
1592
1335
1368
1730
1268
1324
1670
1362
1148
1516
1300
1338
1647
9718
1446
1677
1279
1619
1770
1054
1184
1409
1265
1377
1544
1030
1417
1555
1065
1330
1499
1196
1582
1557
1180
1563
1524
1089
1100
1661
1066
5069
1449
1089
1233
1402
1052
1254
1100
892
878
1025
816
914
1215
834
1036
1011
725
835
1033
826
800
1082
744
916
1110
771
900
1075
697
864
980
1063
734
858
1080
719
873
1101
708
841
992
743
859
1105
798
778
1109
717
761
1035
754
964
1069
753
782
1063
717
968
1305
767
932
1138
734
987
1001
797
956
1217
729
922
1095
722
925
1169
820
841
1080
737
881
1086
697
890
1079
710
843
1138
776
1142
1143
725
1071
1377
862
1034
1151
982
1158
1377
925
944
1082
710
905
1081
718
959
1109
774
939
1244
800
933
1097
799
870
1035
694
1093
1221
699
848
1035
783
1015
1093
612
848
973
588
781
1132
758
885
1171
885
1047
1146
767
1120
1128
780
944
1271
708
966
1121
728
894
1085
774
928
1083
818
917
1204
767
951
1116
692
915
1215
872
958
1173
739
1019
1248
973
977
1084
717
868
1159
778
933
1309
851
921
1134
698
966
1145
699
1038
1048
799
991
1210
972
1020
1206
815
1002
1197
736
993
1095
815
1262
1108
759
1011
1147
716
940
1002
695
825
1032
723
938
1282
742
940
1258
759
989
1175
771
886
1121
694
1043
1131
864
1012
1161
747
913
1160
730
944
1150
698
931
853
750
932
1191
770
874
1138
777
885
729
870
1140
795
773
949
716
781
920
697
776
1086
721
870
910
735
737
1025
766
835
1022
910
732
932
702
715
1176
961
840
1014
812
838
975
804
980
936
783
885
930
740
814
811
746
646
1027
743
756
939
799
810
970
879
776
949
747
795
974
771
724
942
744
933
933
677
788
991
757
802
966
740
824
933
689
774
1161
1034
904
1052
802
880
1035
858
811
995
717
797
1089
713
1145
1433
910
1019
1261
960
984
1093
975
992
1351
1034
993
1276
945
1090
1135
849
1129
1191
1010
1067
1299
1132
1288
1558
1100
1171
1547
1099
1200
1699
1041
1218
1542
1238
1469
1744
1234
1410
1678
1215
1286
1534
1274
1395
1843
4333
8179
1595
1230
1499
1431
1052
1163
1372
1050
1651
1495
1315
1445
1626
1478
1360
1697
1276
1497
1623
1185
1208
1586
1219
1177
1574
997
1483
1588
1129
1544
4193
1084
1480
1791
1052
1060
1166
832
839
1091
732
817
1005
693
1001
1035
697
855
975
690
844
1002
749
834
975
831
762
1018
691
822
1139
766
918
1131
606
749
876
639
749
973
721
807
1157
745
776
4629
4352
836
1122
692
863
1060
973
1060
1164
685
861
1023
953
833
1054
695
809
1053
656
808
1063
666
1045
1067
958
1023
1261
877
805
1015
740
835
1173
691
1106
1048
739
877
1099
691
819
1139
706
906
1096
710
880
1116
694
929
1096
718
799
1144
718
1005
1216
818
1011
1079
841
1111
1092
687
819
1114
717
837
960
683
746
1046
941
1184
1379
723
835
1056
706
870
1113
749
854
1102
716
842
1110
723
873
1390
802
853
1148
762
919
1045
704
934
1016
766
966
1084
717
1459
5986
709
937
1207
750
897
1150
675
974
1131
804
948
1291
767
1114
1155
666
909
1160
684
1060
1488
1143
1096
1321
922
1053
1083
787
978
1266
655
944
1162
718
847
1024
744
1046
1114
778
1171
1354
1471
1027
1368
836
888
1471
760
1265
1227
742
910
1071
861
938
1175
749
1174
1143
656
1008
1102
728
930
1225
808
913
1107
837
913
1164
633
899
1057
858
969
1081
670
958
1144
724
996
1115
723
925
1194
1037
1140
1374
767
943
1143
682
891
1116
784
925
1082
787
1055
1247
862
1051
1112
703
912
1164
7758
939
1151
870
1000
1160
850
932
1273
706
919
1184
684
864
1165
599
894
1080
690
854
1233
749
1018
1185
750
1177
1303
780
1084
1150
774
1116
1135
1033
977
1228
964
980
713
744
952
726
752
929
671
730
1002
771
1009
961
853
1013
947
770
723
966
729
849
1076
731
741
998
707
899
1098
815
872
895
748
749
961
743
811
915
689
723
1024
726
767
934
832
807
982
786
798
957
810
752
919
822
759
1126
832
782
923
822
1640
871
689
743
1011
739
826
1023
868
859
987
718
763
952
845
859
1074
773
877
927
731
732
989
737
784
926
755
781
996
778
967
1124
849
759
1009
933
1005
1084
811
914
1186
916
870
1188
989
1022
1412
1025
1439
1699
1331
1447
1676
1163
1628
1494
1242
1673
1767
1321
1563
1644
1437
1449
1408
1440
1309
1503
1369
1258
1327
1364
1679
1576
1225
11804
20405
27983
1417
4424
2934
1043
1249
1726
1136
1589
1742
2761
1584
1492
1468
1376
1682
1232
1357
1698
1248
1218
1422
1192
1420
1660
1452
1799
1712
1305
1354
1971
1376
2435
1528
1430
1610
1625
1373
1463
1596
1293
1405
1547
1273
1254
11421
19976
1629
1158
941
1346
738
889
196135
14782
1042
908
934
1174
737
815
1022
718
934
1175
819
901
1093
762
829
1094
786
991
1052
772
854
1042
814
721
979
624
920
1039
629
935
1005
654
853
1156
1099
823
978
857
1045
995
732
815
1191
781
791
1078
723
863
1030
696
1076
1057
762
826
1045
773
956
1131
721
810
1018
736
882
1094
785
1148
1284
829
1058
1309
708
864
1012
775
880
1066
914
974
1046
761
856
1082
813
1145
1155
698
1055
1098
803
876
12743
942
879
1051
769
958
1168
868
876
1070
1056
1135
1274
831
988
1301
604
763
1124
772
910
1044
758
930
1108
747
871
1139
801
830
1066
720
1100
1085
728
881
1102
674
907
1027
894
1007
1080
723
878
1056
886
876
1134
887
894
1010
693
899
1096
768
839
1208
709
1001
1089
727
884
1327
735
1044
1184
726
934
1221
720
924
1091
788
886
1335
909
911
1106
735
1090
1161
842
1050
1088
804
2354
1263
781
867
1092
690
892
967
657
794
3484
790
1008
1269
745
922
1072
701
863
1051
691
1093
1119
905
1118
1052
705
934
1057
760
1198
1077
678
882
1117
679
935
1146
674
984
1152
738
862
1171
807
934
1135
796
961
1095
718
1172
1372
982
1231
1155
728
891
1122
726
952
1155
2267
932
1142
1023
1202
1358
1066
1171
1252
802
937
1090
761
1010
1242
846
952
1356
777
2140
1152
740
977
1176
759
818
1218
635
1079
1012
680
937
1145
759
966
1190
802
919
1217
735
977
651
769
906
753
955
983
814
778
948
787
668
1016
889
777
1010
766
724
926
784
818
1015
800
827
1184
798
994
1085
756
737
964
687
756
933
699
971
1004
773
820
967
701
712
960
939
815
1047
736
821
1060
717
760
964
927
786
1030
863
921
1113
681
735
993
787
749
1038
892
764
1039
826
911
917
707
798
966
824
786
1029
766
828
1022
848
900
1091
753
916
1186
872
778
1011
690
748
966
698
847
1103
841
917
1070
827
802
1090
778
749
1042
787
946
1008
689
837
1043
689
775
1017
776
902
1005
705
730
1001
740
805
1005
742
774
1291
855
874
965
740
856
1129
854
1016
1227
865
871
1116
834
892
1264
807
897
1033
923
973
1345
864
12154
1453
1246
1652
1626
1405
1447
1694
1240
1413
1545
1342
1398
1405
1016
1138
1691
2088
1346
1626
1180
1366
1618
1203
1311
1605
1060
1675
1694
1452
1329
1467
1259
1533
1699
2551
1850
1593
1327
1548
1723
1209
1542
1613
1106
1582
1450
1193
1280
1616
1298
1357
1685
1287
1198
1681
7204
1324
1566
1394
2344
1367
1301
1118
1666
1045
1680
1581
1312
1608
1625
1274
1631
1661
1045
1040
1196
832
854
933
844
1015
1312
1069
873
1107
782
907
1184
722
923
1059
957
837
1067
754
912
1058
779
791
1029
794
985
1018
720
894
1099
751
907
1087
750
796
1098
777
1055
2655
787
913
1108
755
875
1063
685
932
1196
689
922
1130
780
926
1019
782
889
1048
694
959
1272
701
877
1025
712
916
1163
786
1080
1077
732
904
1183
706
1050
1010
756
939
1054
705
884
1124
733
785
1031
669
1003
1277
862
929
1169
801
904
1157
780
914
1060
737
860
1216
678
1023
1081
776
831
1061
1091
982
1075
675
1042
1063
725
861
1099
753
890
1090
789
925
1138
792
959
1207
843
992
1111
842
888
1115
834
936
1095
718
885
1057
798
1156
1340
721
931
1054
893
961
1093
702
944
1273
935
966
1122
734
912
1031
836
931
1097
697
908
1088
795
930
1117
638
993
992
620
933
1148
751
872
1123
739
1037
1098
732
925
1225
919
966
1188
773
938
1198
715
1026
1124
764
906
1115
831
1038
1225
815
1160
1213
814
1127
1092
706
910
1051
772
959
1134
928
1039
1254
1065
1022
1338
789
898
1173
1308
971
1217
740
906
1122
793
950
1160
749
877
1089
701
907
1394
766
1029
795
779
899
765
755
988
768
840
923
807
793
886
691
762
822
732
851
966
771
730
968
748
901
937
807
762
910
753
740
928
725
908
955
776
803
1098
706
799
993
801
804
945
699
790
941
715
737
958
742
845
968
769
781
1052
734
731
894
700
845
998
772
776
892
771
837
1001
844
802
1190
865
894
935
770
702
979
720
976
972
769
832
1055
758
902
960
739
758
969
743
831
1111
701
895
870
688
662
930
709
765
1069
717
855
1040
938
761
960
713
848
973
720
837
1008
769
722
963
662
921
971
863
890
977
700
857
1060
747
725
1182
826
975
1188
945
1000
1082
909
855
1106
872
1096
1169
1083
1404
1548
1264
1527
1398
1434
1737
1684
3244
1475
1793
1130
1745
1712
1000
1572
1592
1287
1384
1460
1224
1585
1712
1292
1408
1780
1361
1229
1446
1244
1019
1362
1260
1142
5009
1196
1406
1670
1330
1200
1612
1224
1670
1663
1263
3153
1418
1341
1634
1596
1543
1311
1438
1374
1831
3378
1221
1745
1591
1239
1240
1683
1127
1146
1527
1213
1423
1444
1265
1426
1555
1306
1340
1606
1174
1225
1111
755
845
1020
770
1067
1280
737
821
1016
729
839
1162
679
876
987
677
870
1104
687
855
1113
761
792
1068
621
951
1006
768
863
1147
698
810
1091
648
982
923
632
738
1056
798
974
1080
710
1009
1083
711
922
1043
733
861
1062
720
886
1096
725
816
977
702
820
1097
778
806
1056
817
902
1076
669
863
1190
698
874
1040
714
890
1217
757
1028
1057
715
822
1233
711
927
1052
714
888
1089
704
856
1144
704
880
1033
762
909
1169
715
883
1143
720
879
1099
1102
1250
1051
718
1032
1120
746
879
1100
665
1036
944
788
778
1139
625
919
1071
687
911
1110
649
1090
1148
693
904
1114
881
1007
1160
746
944
1111
688
828
1068
783
901
1249
770
921
1061
690
882
1095
798
980
1145
899
855
1147
717
911
1091
696
3517
1088
850
854
1168
906
1154
1444
978
1130
1361
981
1129
1302
743
915
1114
743
937
1105
695
956
1086
708
887
1262
681
921
1157
703
1133
1201
784
939
1070
721
775
1054
602
843
1002
727
895
1096
709
905
1106
801
938
1241
757
1072
1251
826
1020
1146
807
961
1130
794
953
1430
705
1419
1376
931
924
1163
827
973
1233
692
1100
1120
745
1112
1222
764
1127
1221
683
900
1111
853
1131
1169
788
1031
801
783
1114
696
769
942
1120
701
933
811
905
1109
1245
957
1044
843
785
894
728
713
938
738
755
1034
731
907
1128
728
763
1091
710
746
981
795
909
894
776
802
955
839
824
1062
780
810
1147
707
786
1090
755
845
972
763
732
931
778
789
933
705
808
973
738
1006
1004
873
932
916
716
788
964
817
801
1018
812
841
1034
782
829
1192
912
911
1007
759
799
1005
855
818
959
658
834
1028
794
849
951
750
819
964
807
921
983
675
968
1103
759
754
995
773
800
918
572
736
917
607
1011
1007
777
840
985
760
869
1020
713
746
931
677
967
958
805
1024
1517
673
976
1108
925
872
1153
808
1021
1074
964
981
1114
1035
1219
1103
867
1305
1627
1426
1401
1633
1291
1289
1804
1354
1356
1538
1532
10990
1760
978
1447
1598
1581
1527
1458
1096
1521
1617
1333
10205
6227
1450
1632
1391
1316
1226
1533
1089
1496
1668
1301
1459
1777
1159
6697
1291
1180
3170
1395
1621
8317
1401
1156
1579
1839
1081
1444
1861
1115
1490
1599
1077
1267
1898
1159
1765
1745
1404
1277
1417
1221
1538
1502
1342
1627
1690
1336
1631
1607
1442
1749
1429
817
935
1115
697
841
961
710
836
1070
846
804
1037
844
954
998
697
795
995
824
896
1017
692
1028
1025
681
846
1247
748
775
1119
752
873
1076
846
904
1110
762
824
1044
659
869
1015
830
985
1118
871
706
993
919
812
974
740
906
1384
833
955
1107
731
887
1140
691
891
1111
724
850
1088
779
955
1116
686
905
1064
645
892
1124
710
856
1030
685
898
1051
747
1096
1298
694
1026
1198
764
905
1116
676
950
1146
744
865
1061
831
984
1139
803
992
1173
683
839
1111
701
947
1099
738
937
1059
745
933
1058
658
810
1062
724
858
1097
762
834
1099
722
957
1263
622
960
1174
653
826
1127
819
948
1114
751
1173
1117
849
961
1229
759
996
1170
735
871
1112
709
899
1175
719
884
1082
666
975
1176
731
931
1099
993
892
1278
710
917
1163
736
937
1198
683
883
1246
690
911
1177
710
859
1323
781
963
1182
774
1014
1262
922
1082
1020
817
964
1114
691
889
1132
656
1159
1130
866
868
1109
809
869
1095
727
896
1189
681
995
1011
658
771
1063
692
843
1141
771
1078
1124
790
1011
1353
796
971
1206
869
1218
1193
828
990
1185
776
970
1358
824
1205
1148
778
932
766
697
1153
1245
688
1019
1188
790
897
690
757
908
712
957
1045
678
753
1029
767
756
925
805
720
1039
1167
994
1259
1018
1049
1094
699
777
918
730
965
943
730
764
1053
848
776
1020
797
877
1097
756
833
1001
1094
1093
808
1011
649
874
677
843
969
750
751
1006
685
816
979
707
733
897
764
912
986
792
775
947
818
798
1073
728
767
999
759
769
998
1006
679
731
974
698
739
980
745
811
1041
868
807
1043
689
819
1246
965
1098
997
788
795
1094
712
1150
1129
722
779
932
728
743
1105
833
799
1159
776
823
1036
867
811
1096
745
779
1027
878
892
1125
984
952
1547
1055
1521
1500
1368
3615
1521
1230
1268
1351
1843
1493
1483
1423
1475
1886
6091
8693
1444
1146
1377
1846
1257
1303
1718
8277
1539
1601
1154
1299
1560
1311
1514
1532
1107
1233
5555
9097
1297
1761
1161
1142
1707
1278
1511
1367
1023
1299
1642
1344
1327
1434
1237
1207
1542
1108
1581
1575
1411
1340
1628
1381
1449
1497
1372
1228
1693
4049
1297
1313
908
938
1214
711
800
1086
725
796
1037
583
749
942
703
790
1021
708
884
1256
711
947
1120
698
865
1097
707
884
1223
684
808
1076
726
869
1046
730
965
1044
741
937
1092
728
900
1059
789
812
1179
810
880
1075
719
884
1032
729
814
1055
726
835
1183
753
964
1081
795
873
1081
650
827
1097
705
1013
1105
680
857
1070
730
757
1020
828
826
1136
844
926
1099
796
861
1257
705
884
1091
679
882
2459
639
780
1071
726
1180
1327
1031
1213
1049
768
855
1105
731
863
1042
733
834
1178
778
977
1040
717
1108
1018
767
853
1084
844
904
1069
717
967
1007
713
1023
1301
973
989
1067
712
821
1101
776
801
1123
747
1075
1201
884
1017
1028
774
1084
1036
739
1010
1385
753
813
1126
865
932
1037
696
880
1302
654
860
1075
720
883
1214
690
913
1085
716
907
1107
750
786
1199
829
2310
1059
724
1322
1294
884
1156
1188
1067
984
1097
801
931
1063
679
982
1116
704
914
1068
831
1038
1086
722
1014
1108
726
915
1104
711
881
1112
738
897
1178
680
903
1132
848
943
1254
702
1219
1112
706
934
1131
700
1037
1119
1023
1069
1454
722
906
1143
808
883
1193
727
940
1227
1023
1178
1135
970
895
1155
733
941
1155
757
956
1122
707
1002
1080
610
908
1236
683
956
1272
689
912
1067
697
1033
1357
707
944
1202
762
935
1141
829
1007
1201
754
1096
1168
781
1046
1281
741
971
741
802
4400
1231
744
923
1120
759
979
1142
741
940
1162
719
905
735
786
1000
758
857
1071
846
752
937
744
777
1012
753
764
984
828
770
1091
777
886
1232
849
944
1153
783
896
1105
1043
1280
1380
1361
1330
1825
1469
1445
1654
1155
1303
1286
6460
1062
1592
1282
1510
1667
1156
1191
1426
1142
11224
1616
1219
1328
1716
1278
1450
1584
1067
2095
1467
1356
1498
1475
1240
1379
1732
1200
1264
1879
1251
1539
1484
1202
1545
1405
1352
1404
1470
1276
1424
1652
1465
1558
1529
1341
1329
1725
1116
1414
3309
12485
1252
1624
1339
1494
1407
1040
1185
1591
1227
1182
1608
1365
1437
1572
1404
1434
1737
1065
1362
1760
1238
1121
1040
796
830
1010
832
742
1153
623
974
995
754
1038
1227
1023
1145
1026
814
730
1052
692
869
1012
695
783
998
789
862
1002
707
794
1027
747
798
976
799
826
1061
756
951
1175
678
809
1064
683
830
1118
726
787
1047
773
826
1164
687
872
1006
665
856
969
1253
838
1056
731
886
1060
739
825
1142
733
828
1121
756
926
1102
774
838
1019
702
923
1049
699
797
1036
710
716
1112
815
721
1018
701
832
1029
710
839
1117
656
896
1102
1041
1101
1386
998
1134
1243
790
846
1144
714
913
1120
736
901
1020
717
1120
1114
801
903
1089
745
859
1052
940
870
1087
2385
879
1186
761
806
1080
708
971
1011
928
926
1180
681
1050
1181
723
871
1077
930
807
1047
689
1085
1124
893
860
1075
707
812
1042
777
965
1101
879
932
1081
765
1082
1086
624
782
1154
873
1025
998
753
1137
1077
817
1009
1108
765
869
1159
904
900
1163
778
848
1117
670
932
1275
847
1097
1211
884
1139
1102
743
931
1126
713
858
1089
754
1062
1079
749
845
1061
2705
1048
1297
818
1101
1207
888
908
1180
882
1002
1227
821
1001
1129
791
929
1180
811
1083
1108
724
1003
1087
758
901
1079
792
971
1142
813
1052
1144
988
946
1079
919
969
977
702
882
999
712
951
1172
856
913
1059
793
927
1223
743
901
1106
778
938
1043
759
1102
1165
641
874
1170
962
968
1350
783
1050
1290
734
929
1176
671
937
1162
840
908
1097
767
849
1174
735
1117
1170
1533
886
1193
1152
815
10081
1358
854
1141
1123
700
911
1204
711
894
1118
738
976
1167
780
983
1068
974
1032
1147
827
902
1127
846
962
1138
786
916
1093
682
922
1185
800
1007
1221
900
915
1165
835
907
716
728
981
731
685
1067
809
734
1263
933
853
1169
909
736
873
774
789
925
1050
997
1200
851
909
1059
897
819
1050
889
964
1157
903
