729
246
385
624
263
510
618
397
408
620
230
511
673
339
524
693
322
427
671
336
496
665
326
476
671
340
614
763
442
596
708
442
631
820
454
682
698
344
513
715
330
439
687
334
528
727
339
499
688
360
509
623
224
381
722
341
529
644
336
457
679
349
476
685
263
527
756
358
479
649
334
471
684
346
436
687
350
517
671
368
475
670
238
359
561
281
518
763
401
418
658
378
561
734
315
387
602
221
406
561
204
361
574
227
369
610
213
400
564
211
347
575
203
355
565
204
372
567
205
364
570
207
362
566
222
368
574
208
371
616
214
385
595
220
504
757
323
618
614
233
435
698
408
676
720
318
548
589
331
646
813
424
521
835
495
649
714
330
519
669
284
481
674
323
482
731
375
451
596
214
360
584
263
477
729
324
509
802
323
466
558
229
378
564
207
358
564
204
355
572
209
370
556
207
385
590
224
366
673
301
472
653
290
468
659
295
446
662
295
361
554
204
355
560
191
356
556
195
348
561
197
353
570
226
352
587
195
353
634
307
472
611
213
463
678
315
470
671
310
471
676
315
467
607
316
471
692
319
466
597
302
494
687
314
499
733
403
529
738
322
558
941
304
514
730
350
411
676
287
571
814
423
630
828
451
668
837
443
634
711
443
654
824
332
543
696
203
369
562
185
390
618
323
562
813
427
446
675
362
471
675
350
507
671
271
409
622
303
506
622
306
477
679
297
467
710
458
655
827
426
643
779
474
671
854
416
648
725
428
598
815
438
578
708
428
598
783
416
571
654
420
537
773
417
563
703
392
584
784
423
570
704
398
590
781
419
570
702
403
602
788
421
585
756
418
587
748
321
554
683
372
482
750
311
560
698
381
496
798
295
541
682
354
579
750
293
539
615
371
480
693
297
557
676
246
522
807
337
581
817
474
653
848
397
428
669
291
480
670
292
462
666
295
482
603
298
475
749
277
471
658
302
512
586
321
509
677
330
479
589
351
512
686
335
492
725
333
502
679
327
494
648
309
491
650
330
468
587
315
494
677
310
483
673
315
504
703
323
498
674
313
491
700
312
477
672
309
494
715
310
499
678
200
519
696
307
479
676
299
509
700
299
464
668
347
515
698
296
507
658
334
511
651
360
495
700
335
582
754
385
583
669
308
482
688
269
611
695
479
646
842
495
640
759
451
641
854
476
652
693
484
639
842
428
652
792
473
636
827
425
639
686
462
644
851
469
617
791
464
649
718
448
635
796
460
638
856
462
631
809
450
643
833
360
476
667
276
540
763
384
542
751
374
539
788
329
472
598
314
509
677
302
472
599
222
493
691
323
514
653
321
483
688
367
510
729
396
648
772
402
591
720
419
561
821
341
507
672
309
510
694
324
456
601
282
490
677
293
544
741
402
599
800
354
612
768
386
587
741
303
579
583
340
587
753
415
593
738
417
563
775
418
586
748
435
566
785
407
579
735
404
565
805
438
621
726
402
563
800
398
587
746
397
579
803
417
578
778
384
562
758
351
585
759
428
561
833
453
589
751
443
541
806
427
608
779
344
555
741
443
593
775
446
570
696
328
482
658
313
549
700
335
507
668
491
610
822
528
644
768
498
659
904
511
623
840
453
611
799
440
656
723
461
609
841
413
660
671
302
490
713
427
640
736
447
620
842
513
637
714
467
607
844
350
601
796
448
600
807
312
559
621
365
568
762
303
520
642
376
571
775
391
574
725
383
544
702
324
513
688
351
622
740
306
477
640
288
539
663
337
566
719
407
638
805
469
581
826
387
654
847
385
603
784
420
565
850
345
596
673
312
499
677
297
530
621
393
508
794
426
529
716
312
544
703
325
503
623
335
523
704
325
511
662
325
554
698
320
510
664
323
559
707
319
512
674
328
512
709
360
500
694
317
510
731
325
496
686
318
626
833
414
597
822
417
539
862
422
671
833
517
687
805
427
510
650
290
546
828
417
674
833
518
668
824
475
614
740
468
650
799
405
668
790
363
586
754
297
561
713
403
588
843
406
609
797
321
527
700
292
498
656
276
495
688
303
487
641
299
503
687
278
487
633
277
498
684
298
492
661
281
504
698
305
488
651
352
470
700
299
494
643
303
487
726
301
481
647
352
503
693
310
480
638
303
497
703
305
500
641
306
492
695
318
483
633
296
487
684
310
490
632
288
479
678
299
478
638
296
504
681
310
485
633
309
503
702
297
497
808
287
480
701
298
502
658
281
519
704
324
492
642
319
500
720
292
504
640
284
500
699
314
442
646
290
529
705
302
622
687
328
543
754
366
501
660
310
518
718
319
497
657
210
511
712
294
509
662
278
532
695
289
458
649
295
527
688
292
494
661
290
512
643
289
514
661
351
521
707
293
507
657
290
506
706
313
487
643
298
511
733
313
472
694
284
514
704
303
485
663
320
510
642
224
493
688
317
510
670
325
540
649
294
515
739
333
526
675
305
533
744
290
512
656
295
540
723
314
500
682
257
525
734
327
536
755
346
543
725
315
427
631
236
601
681
361
591
727
340
569
755
330
520
649
359
537
722
318
532
690
315
524
723
323
548
687
332
512
729
323
508
705
333
522
738
321
529
690
327
522
717
315
520
692
315
524
741
312
510
687
311
526
742
334
543
708
336
527
734
326
523
705
350
542
717
326
511
709
310
540
727
348
496
748
436
596
821
467
617
700
365
485
720
323
512
649
345
486
697
330
509
659
338
488
715
326
523
658
328
491
704
345
508
664
338
495
714
348
511
641
320
490
743
325
509
600
224
415
594
220
414
597
399
532
704
309
495
598
217
409
593
213
409
592
217
542
723
361
516
662
319
511
690
322
506
652
306
509
737
337
495
641
298
506
715
312
504
658
320
503
740
315
496
662
296
504
737
321
501
664
296
500
724
355
507
659
296
493
707
309
606
762
485
674
870
385
587
736
369
511
781
484
670
790
483
588
753
505
680
657
448
640
878
475
636
741
322
579
724
376
535
722
422
616
819
355
653
686
301
505
784
320
580
730
303
553
782
357
694
768
455
605
842
497
679
697
327
510
722
376
510
699
354
507
744
341
518
661
323
502
724
326
512
660
213
398
615
224
413
616
224
417
609
216
410
615
210
399
607
258
414
609
216
415
617
224
416
612
244
417
603
216
409
606
210
427
610
227
404
606
209
410
601
210
401
601
212
410
604
216
417
610
211
431
603
206
400
602
209
411
619
208
406
600
213
408
624
208
404
625
205
407
608
202
398
600
205
400
640
206
398
623
226
435
599
217
398
619
202
430
616
199
432
615
203
432
622
198
398
617
198
402
628
224
427
616
201
481
707
319
530
666
313
472
711
329
523
721
411
675
757
347
526
735
348
650
888
326
532
668
315
475
718
340
446
672
310
487
714
315
516
664
321
487
722
307
532
660
316
491
717
335
523
624
312
473
715
325
520
664
320
469
703
317
518
668
309
474
708
310
536
655
306
476
735
227
513
677
314
475
740
312
527
616
304
508
719
308
519
679
323
476
732
324
527
688
314
487
741
318
518
684
314
470
736
357
508
661
300
473
758
321
514
632
296
513
749
337
511
685
305
453
742
323
511
667
309
510
734
346
540
690
343
449
728
314
515
679
324
455
750
344
514
340
328
553
771
430
531
678
313
513
729
323
521
671
316
514
897
397
609
734
390
476
786
330
592
730
378
523
406
410
585
637
388
461
426
330
593
745
371
521
777
367
583
652
378
528
777
318
601
743
392
465
377
346
598
735
392
517
401
323
582
352
383
467
380
326
587
316
374
524
420
418
584
636
403
533
766
318
590
427
390
523
427
352
595
736
383
544
390
318
614
407
393
467
395
412
626
744
391
509
381
328
629
348
389
519
406
399
594
322
365
524
411
409
610
761
420
530
411
411
607
417
390
500
417
409
590
752
388
521
409
334
601
398
370
529
814
415
531
424
395
518
801
410
599
763
397
571
796
412
531
765
417
512
370
396
596
771
398
519
866
411
590
298
390
521
356
417
603
807
389
512
380
439
595
391
414
516
363
404
598
767
378
513
778
394
568
298
379
508
782
413
586
745
443
697
521
577
720
537
515
657
970
411
655
392
356
502
398
353
558
299
346
490
724
352
481
307
338
544
416
441
700
475
429
587
393
376
559
379
341
600
462
438
541
395
459
566
453
465
644
469
558
462
395
504
644
359
444
692
397
428
639
487
448
658
394
384
649
415
365
512
333
261
424
188
230
415
191
358
626
394
449
512
356
457
600
407
440
586
429
415
654
413
469
587
417
463
587
397
442
596
392
400
549
199
230
421
214
344
517
344
335
473
304
312
552
282
370
479
315
413
527
298
298
593
355
404
526
389
404
614
400
430
734
416
508
736
510
439
545
405
411
602
388
397
538
370
346
604
312
413
551
387
419
618
386
421
544
385
416
640
310
416
520
422
405
611
435
396
531
392
326
596
424
442
542
379
418
593
303
413
478
269
417
501
324
351
559
330
307
508
326
325
540
210
237
438
201
347
529
299
367
697
427
569
743
580
455
581
433
544
770
536
457
733
422
545
640
454
467
643
382
464
692
398
295
494
293
462
596
415
306
505
366
344
541
326
326
529
344
349
569
311
343
545
379
370
564
421
352
499
351
355
547
357
339
512
339
355
565
342
337
509
374
366
577
308
319
485
285
325
517
391
333
516
298
349
603
400
412
549
330
363
593
418
332
546
319
352
660
477
454
736
398
476
639
377
444
579
590
333
650
405
447
586
405
410
561
346
404
588
402
256
627
414
421
467
408
430
637
347
446
560
342
352
541
355
339
505
349
331
551
377
340
511
342
348
544
361
368
571
414
444
643
374
441
563
495
367
562
366
322
491
403
359
535
336
324
456
323
486
660
421
393
545
417
442
712
476
486
673
460
462
741
499
504
624
477
465
709
465
519
641
462
492
719
466
509
615
503
474
715
483
482
640
491
466
714
362
503
731
492
500
751
468
522
664
480
507
780
539
444
555
408
432
625
414
441
583
419
428
620
431
437
619
402
429
634
329
414
560
401
374
618
409
408
561
423
362
621
405
412
566
408
414
572
338
299
517
354
352
552
286
298
530
356
347
558
282
449
634
471
431
697
471
515
624
524
446
647
409
393
589
400
400
630
403
392
452
347
404
579
340
346
523
328
378
585
340
408
547
388
370
580
334
356
540
409
265
474
251
265
564
263
268
460
256
251
459
302
244
457
274
232
450
261
241
466
382
505
640
511
465
718
437
442
607
349
429
636
412
423
468
345
432
632
403
345
565
429
422
631
337
425
584
401
417
551
405
415
529
442
353
612
417
418
501
378
352
623
456
432
565
305
426
633
400
412
572
410
433
604
407
457
568
402
454
558
376
332
603
387
444
621
388
454
582
391
444
620
366
423
578
374
452
652
377
471
562
376
459
629
368
503
526
323
338
567
338
368
510
286
328
556
399
446
621
429
452
758
479
633
702
429
452
716
302
405
652
452
479
701
430
528
652
429
463
685
342
585
635
452
486
708
420
524
647
433
449
680
429
519
646
447
463
684
424
509
633
624
458
710
418
500
611
442
470
698
419
496
637
443
446
707
420
520
619
439
459
720
417
494
632
452
460
665
407
463
548
325
378
601
326
417
522
319
374
600
328
495
535
319
374
610
240
416
521
326
384
575
315
394
572
340
353
588
315
390
525
326
355
566
318
401
524
306
350
578
320
354
521
302
361
567
323
312
502
292
322
551
325
347
518
279
316
572
291
370
501
310
310
588
305
365
534
284
311
582
300
409
545
273
322
579
294
368
520
279
327
669
389
427
628
402
451
611
408
468
612
408
439
716
334
408
502
208
270
463
210
265
465
176
263
461
202
265
456
189
263
453
286
331
670
426
399
595
392
579
710
523
543
633
465
592
754
523
537
683
370
406
600
330
579
701
373
479
578
404
457
679
355
371
519
321
362
581
348
365
522
325
339
584
249
362
525
305
305
557
299
403
557
251
387
509
320
366
543
295
380
563
306
380
551
199
307
550
240
374
526
286
302
567
344
304
560
303
333
565
319
425
553
329
443
587
353
495
683
450
426
601
352
417
648
376
392
649
371
440
603
374
436
575
389
363
480
293
448
589
337
341
533
338
348
554
326
531
584
321
354
687
312
376
504
271
366
633
336
407
563
326
361
634
331
384
544
319
339
606
320
963
610
419
399
631
257
524
702
459
403
727
337
368
492
316
328
616
318
360
537
307
323
580
341
374
514
330
396
633
315
425
588
359
390
648
373
386
596
365
403
636
387
428
578
330
392
686
361
450
608
372
383
635
375
410
585
363
394
662
370
497
616
309
339
599
327
394
566
310
339
645
326
461
641
232
363
606
278
370
555
289
280
566
282
396
536
292
282
604
273
493
680
441
374
640
415
511
648
455
399
685
455
550
700
481
477
666
444
550
629
481
469
662
466
544
717
392
433
634
399
366
647
492
411
761
379
445
566
438
467
808
521
578
687
428
442
756
513
606
593
512
470
787
513
495
692
498
427
756
512
504
692
419
448
722
513
514
688
424
454
719
475
500
713
423
589
720
509
526
633
422
420
728
321
396
768
435
364
810
485
533
625
303
301
594
292
375
524
287
283
592
344
380
548
315
308
587
288
375
535
294
355
586
297
355
526
292
354
583
277
370
529
307
285
576
294
392
577
276
286
595
279
361
524
305
360
622
276
396
567
326
366
624
272
390
538
355
401
591
291
467
595
328
361
622
265
388
560
337
401
584
281
470
534
387
484
676
397
472
615
388
453
663
355
458
602
373
434
644
356
488
729
444
510
750
401
562
693
540
472
722
350
436
582
309
338
601
253
415
564
315
378
590
267
432
584
308
375
597
247
400
565
325
368
593
259
402
564
304
367
606
258
397
558
300
350
603
255
404
560
299
355
587
247
411
541
298
364
597
256
401
556
308
353
595
264
392
563
300
348
602
317
472
650
395
452
630
437
482
610
331
358
533
282
403
533
284
355
537
271
385
637
372
361
573
375
410
586
333
356
533
505
306
607
326
356
535
311
419
582
317
354
544
279
350
594
301
354
574
232
392
596
347
364
604
252
392
599
366
437
656
335
471
622
397
426
682
355
496
655
424
433
671
397
512
667
406
457
683
307
472
663
382
446
688
356
495
668
425
439
675
354
494
611
400
471
652
349
1048
728
402
488
751
402
584
704
375
428
686
343
489
652
369
431
683
337
493
652
374
436
663
343
469
606
356
429
672
342
477
644
406
427
664
362
318
527
325
360
630
275
411
599
303
371
629
326
441
649
426
413
778
426
556
731
485
470
762
389
576
696
505
444
610
301
423
599
320
368
605
303
425
602
316
366
595
284
395
606
321
389
590
315
418
648
328
363
605
318
402
556
310
378
582
306
421
645
323
358
624
309
422
630
321
358
705
329
456
694
395
427
627
286
408
616
316
387
653
225
431
629
322
367
624
279
418
581
309
345
629
227
411
614
304
544
988
296
490
679
371
441
698
354
467
692
368
424
703
320
415
635
362
386
634
306
420
633
326
389
631
304
416
633
333
371
628
306
433
620
338
381
627
295
410
647
330
372
617
242
414
620
336
366
620
301
402
621
316
374
610
285
413
595
330
364
612
276
404
610
324
361
638
288
403
622
311
386
627
273
415
598
324
369
640
274
409
602
321
363
597
284
416
614
313
415
644
318
468
641
369
419
655
305
472
691
371
412
705
329
486
658
389
437
703
324
511
667
432
453
693
340
537
688
384
457
723
415
533
727
445
443
639
404
520
700
417
460
654
372
532
721
411
514
652
406
521
724
441
502
636
369
532
708
434
486
646
399
519
716
442
464
634
443
557
740
436
538
650
405
553
741
557
487
652
422
541
731
454
530
661
400
541
835
481
584
766
500
565
735
467
509
694
407
553
725
451
537
694
434
413
869
466
415
635
333
356
741
308
482
646
261
425
721
272
392
657
260
537
656
334
388
625
288
459
615
322
372
622
284
411
607
306
356
609
290
442
605
340
370
607
280
421
607
304
361
616
214
410
624
293
365
612
210
411
605
298
352
606
276
391
583
300
354
568
291
410
602
332
359
561
279
410
605
325
355
605
274
483
611
322
364
599
270
410
624
330
355
646
270
439
604
319
365
650
276
443
622
311
385
642
291
514
617
323
392
646
278
432
607
221
341
642
316
443
621
322
547
789
434
578
723
508
442
848
720
598
807
507
512
751
280
525
646
335
400
610
291
448
625
299
389
571
292
475
612
293
377
570
314
379
638
326
372
609
205
416
597
330
417
618
278
412
601
285
411
529
292
420
584
317
363
535
316
378
610
285
405
526
276
415
590
310
401
519
282
405
594
288
407
526
292
417
587
277
404
522
289
423
522
321
425
599
330
421
568
322
372
632
208
330
536
215
319
538
331
496
797
480
518
787
423
595
780
521
525
729
365
505
697
410
438
682
344
493
671
368
446
697
362
497
700
398
449
703
357
537
703
394
411
731
334
552
692
377
498
724
370
556
631
341
496
713
358
594
669
393
477
694
353
546
688
399
516
728
341
525
699
385
464
691
361
562
714
391
477
732
335
556
705
396
458
679
333
534
697
387
452
703
336
545
685
395
459
693
337
517
697
377
452
721
339
556
690
399
511
692
327
556
725
389
467
716
366
521
725
403
453
714
332
532
559
496
500
728
364
670
790
535
536
716
397
681
785
485
506
709
415
671
857
499
522
720
393
672
724
500
519
720
399
679
791
485
488
733
306
657
787
490
516
739
408
682
794
468
420
730
406
658
791
473
519
728
392
660
797
495
518
721
399
632
854
475
541
731
383
686
785
474
531
734
398
684
788
485
548
723
394
668
777
473
528
721
465
481
653
320
406
665
281
462
657
318
414
668
332
591
831
493
542
838
413
598
786
476
451
816
411
610
800
484
557
797
408
623
732
501
556
839
513
660
752
467
638
818
507
631
801
518
597
860
523
582
745
505
511
813
394
618
774
500
552
775
412
587
795
488
576
755
408
611
800
524
562
761
409
609
786
492
553
796
403
619
794
463
571
789
413
621
794
501
563
768
395
604
723
487
467
692
297
486
716
329
524
671
234
424
608
358
408
657
243
465
616
303
415
693
288
482
668
341
415
675
300
453
646
336
418
672
290
459
648
330
448
663
295
462
647
328
409
681
282
461
657
331
393
672
286
453
649
349
404
682
290
484
666
349
399
673
292
446
661
293
507
778
374
483
624
320
373
663
267
416
610
301
373
660
265
404
640
314
376
634
271
444
648
317
386
648
259
449
646
309
390
661
316
497
717
368
449
694
358
467
653
332
362
625
241
451
651
313
387
649
281
451
658
336
360
685
276
441
706
343
404
657
283
466
595
336
406
653
282
454
646
339
441
660
231
461
644
320
423
664
272
455
640
318
362
656
312
446
656
311
443
649
265
506
728
525
577
767
423
605
843
499
533
785
329
607
837
484
611
794
413
583
868
492
463
814
439
586
725
405
448
715
322
559
710
366
432
573
210
343
532
203
396
718
225
591
736
412
555
854
464
660
872
447
403
759
321
571
726
395
523
790
365
538
706
364
490
699
333
529
715
388
486
693
329
521
688
364
456
701
340
524
685
352
455
723
322
525
754
310
450
585
387
366
708
327
493
662
355
350
705
304
493
596
242
354
602
312
430
581
286
354
618
315
440
603
283
380
634
290
436
574
235
339
641
291
380
596
282
341
626
308
386
577
234
373
641
226
504
731
330
484
678
238
453
629
268
415
781
296
522
664
224
391
713
291
504
746
313
506
774
397
517
713
320
625
721
338
481
709
304
519
699
369
592
729
349
521
728
383
533
718
331
519
720
427
488
716
221
525
693
370
514
695
332
512
700
383
514
704
322
519
710
356
486
709
328
507
742
394
577
836
416
593
860
517
589
836
413
650
808
517
630
822
392
651
818
506
637
841
387
634
831
479
611
849
386
641
830
503
635
816
376
629
799
500
602
812
421
629
858
488
607
842
423
625
750
418
544
673
363
446
746
373
523
763
315
508
588
267
474
610
250
342
625
277
442
607
229
403
647
217
456
612
231
394
663
295
462
611
259
399
638
265
448
607
251
393
651
270
440
608
257
384
652
247
457
606
255
389
650
266
438
614
250
396
657
263
443
602
246
395
663
262
467
599
241
386
639
297
459
661
255
442
640
326
442
667
258
443
643
354
380
690
280
467
626
346
479
680
243
489
676
351
441
680
279
372
648
328
464
662
258
469
651
333
462
675
300
449
649
329
445
655
261
448
647
321
456
673
265
487
635
310
450
678
255
441
650
388
456
663
260
486
632
328
480
658
252
493
639
310
483
658
290
472
654
348
464
652
283
472
649
360
473
667
295
488
639
337
472
665
289
503
716
396
532
728
383
527
703
325
521
741
365
436
824
436
588
714
375
677
863
373
470
701
267
462
665
778
486
646
254
447
633
310
444
611
317
472
628
293
457
575
245
444
651
311
446
567
249
438
656
306
443
560
246
445
642
288
457
556
240
436
635
293
434
562
257
440
657
293
437
571
234
433
640
246
488
660
412
585
813
412
537
659
238
435
636
303
464
608
241
479
648
339
563
731
362
511
734
373
522
728
351
488
707
365
524
708
361
528
721
389
523
735
350
558
725
390
520
722
339
536
734
382
535
740
374
533
735
394
525
744
323
528
634
376
489
554
449
455
639
333
489
576
343
448
662
358
571
628
412
449
656
311
433
629
309
434
650
319
456
570
294
446
657
306
454
627
384
583
729
378
551
732
301
531
622
333
456
665
277
509
679
271
471
668
258
516
696
322
508
664
212
462
688
321
435
665
275
503
654
334
455
645
282
520
647
336
466
661
257
513
671
313
486
684
254
506
649
321
487
702
388
522
759
320
398
569
183
398
674
293
482
646
290
423
677
330
578
894
295
522
696
328
497
680
276
514
671
305
477
681
279
510
667
325
483
667
272
502
661
326
481
679
270
509
660
805
509
760
414
592
723
377
524
711
327
546
718
398
526
710
322
550
712
366
519
712
331
547
721
367
564
733
327
577
709
379
567
747
329
575
734
353
505
730
339
557
706
375
566
772
415
617
843
491
561
768
357
551
748
432
534
744
339
564
757
366
597
807
441
527
806
336
461
619
234
382
771
216
436
582
207
361
712
249
475
659
281
430
686
272
560
719
215
415
758
310
564
727
376
480
773
330
507
713
389
455
750
348
452
614
235
407
600
313
473
614
244
427
654
213
460
611
212
420
683
313
516
651
379
464
771
363
455
608
275
432
644
305
470
635
250
490
652
311
530
694
301
475
827
316
579
722
316
417
766
264
569
625
376
479
771
322
455
691
404
440
755
367
635
713
245
438
692
319
462
667
245
465
669
382
511
687
288
505
682
313
432
741
321
514
680
339
493
711
314
493
656
337
493
681
311
519
665
330
491
715
319
495
668
330
514
728
294
482
687
319
503
698
280
515
708
345
485
707
278
523
684
328
487
705
285
498
708
328
493
725
320
516
728
344
490
703
282
530
704
332
564
703
397
656
880
540
682
782
410
624
794
351
574
601
316
502
651
312
613
720
455
420
723
341
612
799
387
610
800
443
571
745
385
606
746
382
500
711
293
487
712
329
503
696
312
517
695
338
478
705
319
519
686
328
492
696
277
520
635
433
580
800
361
622
793
419
599
794
362
618
792
416
591
793
366
625
769
416
577
804
355
583
784
410
568
817
374
598
794
403
598
792
368
596
791
424
602
808
356
583
764
416
609
789
365
600
776
422
603
770
364
568
665
327
581
771
390
609
785
402
584
793
407
550
783
392
600
823
393
504
779
393
493
723
440
436
843
406
525
737
391
456
702
366
594
776
357
535
748
391
524
749
341
531
749
359
516
681
349
383
711
365
496
640
296
450
841
393
532
746
324
463
726
366
517
743
348
467
666
370
537
765
390
481
726
350
512
755
337
529
723
292
534
737
354
553
738
312
513
741
329
475
717
368
541
753
247
561
723
289
490
667
269
533
768
293
490
692
322
563
700
310
526
766
343
542
751
311
456
763
379
478
670
389
450
699
257
545
743
395
534
755
368
553
778
374
538
781
263
562
758
362
553
684
388
547
751
359
543
688
359
479
757
363
550
704
339
495
736
386
563
702
373
485
795
357
546
778
340
475
773
366
554
694
360
540
788
356
529
777
328
485
771
357
520
756
343
476
746
372
538
754
375
471
767
370
539
745
357
548
749
368
506
708
350
478
766
344
527
673
294
500
706
297
469
715
276
510
638
305
520
711
269
510
687
314
504
700
299
396
682
204
400
581
187
394
582
183
393
580
179
389
574
209
394
578
205
388
574
225
453
733
322
569
752
374
569
689
376
557
757
488
491
744
398
581
755
306
551
744
371
555
689
391
565
745
392
500
744
371
549
738
306
570
769
371
557
710
345
563
771
306
547
776
381
577
750
362
578
778
386
562
795
361
564
781
394
560
775
379
564
761
388
570
775
413
588
744
358
570
743
375
575
736
344
625
796
371
581
776
381
579
770
371
519
610
275
529
701
316
505
699
275
526
700
296
516
708
327
513
698
298
490
706
272
506
715
300
521
765
377
586
776
380
554
762
388
497
769
375
559
769
405
582
761
380
553
771
368
566
764
377
564
752
390
554
793
386
518
720
285
503
688
382
463
837
406
525
727
363
517
706
331
517
682
334
502
749
325
513
703
370
519
715
351
497
740
342
486
792
337
492
793
391
559
733
395
547
807
424
583
781
393
587
792
328
562
780
399
571
781
372
569
784
392
510
802
387
609
777
307
533
705
386
516
743
288
505
717
355
512
728
324
489
714
324
502
806
414
589
742
344
530
728
376
537
723
374
528
758
332
526
728
358
509
724
314
515
720
373
513
721
303
516
746
360
502
755
266
527
733
372
525
721
329
534
719
353
511
717
305
521
703
347
522
701
313
492
705
366
525
711
294
498
727
361
488
725
311
533
701
454
515
746
320
529
725
403
514
710
326
542
722
374
528
696
327
520
711
377
517
721
299
523
706
414
485
703
335
515
680
351
511
705
313
517
719
372
513
705
328
510
695
368
498
694
340
515
690
353
535
706
296
515
699
362
502
713
319
513
693
354
482
710
306
505
713
376
487
696
292
521
689
324
502
695
255
403
596
230
386
600
197
393
732
279
501
718
316
520
703
367
502
748
338
512
726
365
506
716
312
531
627
269
389
613
202
398
594
239
387
593
201
405
586
221
385
594
197
385
593
246
385
594
202
385
590
218
385
590
201
388
589
221
377
597
191
380
589
255
379
589
227
597
725
348
465
706
344
535
699
348
525
712
301
518
620
358
510
705
298
518
713
336
520
701
318
475
789
327
546
672
232
413
698
335
459
669
237
435
621
295
589
676
281
497
708
324
505
712
291
582
777
387
563
733
356
512
803
399
527
766
361
511
760
406
581
716
393
518
803
406
621
718
390
516
710
396
521
791
383
596
762
396
571
792
405
599
787
424
595
792
359
599
796
398
594
832
396
595
784
423
574
801
362
607
810
381
562
797
378
556
785
364
585
798
379
590
800
369
545
803
364
572
800
385
546
811
370
573
700
404
570
790
378
609
793
380
681
848
518
539
863
375
674
810
373
616
652
356
566
750
322
553
731
349
521
642
214
449
608
214
439
605
203
477
608
209
417
614
300
521
695
304
518
709
291
522
698
304
509
730
301
518
703
304
508
725
296
520
695
332
528
747
292
514
707
302
591
778
320
533
732
363
520
755
361
565
734
355
532
749
331
543
742
343
538
754
320
561
732
363
527
715
346
524
745
341
546
734
317
527
743
340
514
729
282
537
726
333
520
729
409
567
730
346
538
760
300
535
727
312
523
725
294
552
740
325
548
758
320
537
729
339
530
742
515
552
726
326
519
730
316
537
714
324
520
739
274
547
715
296
449
717
299
525
706
330
451
728
300
541
703
321
516
736
308
542
655
320
519
721
298
537
699
340
544
718
299
523
708
329
500
713
315
527
648
322
513
738
225
421
609
216
417
708
415
536
827
322
583
797
372
568
823
326
606
781
308
522
756
282
504
736
318
500
743
281
536
752
318
503
761
362
640
788
328
546
662
351
553
769
324
562
773
312
488
906
228
433
631
227
424
634
224
427
634
230
485
759
422
626
792
331
538
746
313
522
735
345
513
728
323
533
725
237
423
634
221
430
635
225
444
629
220
429
629
372
580
800
392
537
796
230
522
214
337
463
721
238
511
717
314
468
725
226
497
713
301
466
722
274
510
724
312
459
712
226
531
737
319
468
724
221
520
710
304
457
710
230
509
217
300
454
718
226
626
386
452
634
828
386
644
847
483
649
818
430
642
750
429
636
817
430
641
830
440
655
827
422
634
824
441
650
823
432
648
835
438
651
817
432
646
812
443
664
815
426
655
789
369
484
706
241
516
708
328
488
699
303
520
712
331
477
699
238
504
704
328
469
700
305
516
698
329
474
717
243
515
701
343
466
709
280
537
751
343
553
733
324
537
785
353
487
727
311
509
721
341
464
739
240
529
204
327
494
727
337
519
249
320
491
297
324
702
833
474
663
438
407
933
422
474
634
867
374
697
400
472
574
358
394
707
418
380
573
871
372
554
240
322
495
734
246
559
257
316
538
319
244
542
260
312
476
325
246
528
242
316
492
360
242
514
234
320
506
297
247
533
262
461
705
856
431
607
375
398
592
383
398
505
314
419
646
361
425
586
369
396
536
359
405
586
352
411
588
429
399
607
373
405
612
367
402
554
414
403
609
384
423
588
363
424
597
445
306
598
411
430
609
388
515
630
401
448
565
342
356
576
408
367
563
293
361
556
357
366
556
342
350
607
307
406
534
381
354
605
385
380
576
413
335
613
312
411
544
420
338
582
352
384
581
380
350
585
315
396
595
371
326
614
388
393
623
391
301
549
328
324
562
298
354
632
442
484
700
466
458
711
370
415
620
372
388
575
363
404
573
376
397
603
403
371
618
246
395
607
409
419
627
417
421
617
367
395
601
394
432
648
386
417
635
548
431
622
407
412
635
395
407
593
443
404
624
367
409
609
379
403
606
373
413
625
390
358
608
394
407
633
280
524
624
377
409
550
405
417
599
384
412
592
379
391
615
380
395
614
378
378
602
359
413
592
372
336
612
413
303
585
334
345
533
268
291
633
355
483
481
377
288
486
232
291
523
410
445
556
313
347
454
250
313
531
288
345
493
341
289
474
237
368
627
438
417
578
352
351
509
388
325
761
449
569
578
479
434
635
290
339
608
448
414
703
383
394
526
340
315
570
313
331
552
345
295
546
318
384
525
355
313
572
295
325
522
348
299
550
311
344
584
485
474
715
425
429
614
415
421
624
265
385
654
490
471
711
471
550
637
548
497
755
436
566
666
541
461
777
443
532
708
386
302
699
474
457
655
492
506
704
419
561
683
538
530
684
360
533
669
532
458
754
390
554
713
522
399
774
431
552
683
555
425
791
453
560
705
496
519
731
322
490
703
481
459
649
443
467
654
426
456
656
435
458
667
420
479
644
430
454
661
452
466
666
450
468
661
426
463
652
430
452
666
423
467
667
428
462
664
430
443
656
430
466
665
446
461
670
431
451
658
445
458
628
432
498
700
435
458
708
449
347
507
389
307
618
333
404
609
372
413
574
377
453
609
300
388
604
332
434
630
378
384
616
341
434
614
409
355
626
333
405
599
438
359
623
437
453
558
423
428
628
312
423
504
410
389
612
297
416
559
408
321
598
347
454
602
402
325
617
292
462
652
415
336
631
352
436
524
379
377
625
283
413
599
381
326
638
280
435
577
395
372
624
341
446
630
392
398
623
232
411
635
405
389
611
333
422
584
434
367
632
256
386
552
353
327
592
281
371
562
322
333
566
289
378
557
344
334
512
299
400
560
364
323
559
295
377
550
322
488
693
454
571
724
520
529
753
333
589
656
398
470
653
268
458
660
409
428
668
397
483
652
408
465
669
385
458
669
389
444
692
408
470
646
398
436
657
362
423
607
356
363
653
332
422
650
388
363
619
308
425
672
362
329
669
360
382
641
393
372
630
350
463
640
386
393
637
340
396
654
365
392
623
310
458
635
405
396
603
361
459
652
410
373
496
308
454
658
359
391
665
322
457
625
393
322
629
322
436
562
378
311
632
275
425
517
373
385
556
344
414
658
370
388
611
332
430
641
434
382
645
317
450
625
461
384
640
315
425
650
500
375
623
314
413
650
347
384
612
340
414
614
415
370
620
322
447
614
417
398
662
323
415
620
373
405
662
260
468
618
428
355
634
353
344
666
398
390
617
320
452
634
383
378
552
318
408
635
373
396
668
315
421
652
241
367
653
356
427
654
329
391
657
338
460
591
387
378
669
264
415
651
394
318
672
259
460
571
374
314
649
332
467
633
362
329
626
245
443
646
371
318
557
243
348
552
367
303
623
330
454
556
306
302
630
328
422
554
290
309
628
239
432
548
361
312
538
361
517
715
416
463
708
421
547
733
418
464
718
404
531
703
452
389
629
324
354
628
357
362
630
340
440
615
384
403
608
323
421
612
366
355
630
321
405
614
249
356
652
347
406
616
364
391
642
367
308
634
362
320
637
329
421
630
366
389
665
312
414
622
408
423
714
316
440
578
434
394
656
308
373
628
363
370
650
328
447
620
359
371
568
357
414
628
334
384
638
351
417
627
343
410
659
350
432
652
346
379
627
340
419
655
351
382
650
331
431
637
368
376
629
323
500
761
401
483
750
345
419
661
383
403
651
335
376
639
388
398
669
325
427
647
352
403
652
313
316
648
358
399
645
336
442
646
357
410
640
329
448
632
334
368
667
329
437
653
379
399
645
331
451
694
421
418
665
334
454
645
406
397
635
332
445
646
382
397
655
376
452
665
397
395
649
334
459
631
384
393
662
337
458
646
373
387
655
328
478
635
397
402
512
315
427
643
256
379
498
303
398
690
444
426
737
242
411
577
239
424
614
304
412
554
348
427
617
307
559
737
457
572
737
441
502
746
446
570
735
449
557
749
433
562
742
458
568
736
430
561
729
425
541
721
446
551
741
464
537
758
442
540
749
451
550
710
393
431
607
299
393
604
347
400
596
292
390
582
278
414
590
295
397
593
293
406
587
328
389
576
318
436
599
319
381
584
318
391
573
305
405
575
346
358
608
321
400
525
330
395
606
328
406
598
331
427
604
331
401
603
319
412
596
311
402
590
303
391
595
314
421
625
322
349
654
371
383
629
397
419
710
230
462
626
394
389
656
373
447
619
382
411
679
382
464
691
385
457
651
373
455
631
449
449
713
299
480
644
396
395
683
295
458
696
378
381
695
291
441
621
419
471
664
304
449
660
405
401
660
290
471
672
385
461
690
381
472
613
370
395
667
365
475
674
388
394
676
294
380
614
303
394
584
289
376
623
303
410
549
317
377
592
241
337
669
363
463
658
388
437
645
365
463
673
363
447
652
397
459
663
363
430
655
360
465
664
368
460
655
353
446
654
407
445
664
358
440
645
374
481
585
364
442
653
374
443
649
220
397
615
480
529
799
462
534
738
440
540
780
442
532
734
436
576
773
453
557
737
438
545
767
474
564
738
437
551
775
450
550
744
435
550
759
454
503
764
425
543
780
460
559
766
455
557
771
460
559
761
438
558
792
469
545
745
445
547
753
461
561
759
448
550
776
436
547
745
450
552
786
433
424
754
453
558
760
478
536
765
454
549
761
466
555
752
446
535
773
464
562
648
457
427
772
475
562
640
455
432
744
484
400
611
314
393
643
330
413
630
339
406
615
344
401
626
329
415
612
320
420
524
198
280
506
194
278
481
195
273
481
190
276
481
187
273
500
196
275
479
187
275
487
190
275
482
191
304
480
198
275
480
194
295
503
187
369
596
280
384
571
301
419
729
391
502
724
389
503
710
409
536
714
383
503
732
413
503
724
392
501
716
393
514
674
396
500
727
414
505
723
400
511
690
384
428
654
378
450
684
382
451
647
333
458
618
360
484
676
363
455
662
365
458
658
357
443
676
364
443
666
406
439
662
364
447
683
364
439
669
350
471
664
370
444
685
361
449
656
363
460
655
363
413
654
366
439
615
316
344
578
342
490
579
362
405
611
341
369
607
348
404
670
344
443
645
350
462
599
282
497
624
352
396
675
316
453
600
345
393
685
363
495
617
294
483
735
455
543
744
447
572
636
460
420
598
355
449
677
353
484
674
355
470
681
439
474
672
387
456
677
342
422
624
333
434
733
318
394
612
347
410
593
344
455
601
377
468
658
316
452
679
371
391
668
329
452
686
361
421
650
389
455
597
336
400
650
300
391
564
343
465
652
392
462
695
355
387
673
365
449
608
323
498
648
305
424
616
320
483
669
320
498
647
358
508
781
340
456
643
287
451
744
454
506
697
362
494
784
431
489
686
349
476
777
339
495
616
346
369
671
309
483
705
389
411
685
351
477
686
365
511
743
395
544
709
335
476
744
382
454
657
401
502
617
397
549
718
380
502
724
387
525
725
399
528
756
379
421
640
356
506
707
440
529
708
419
430
590
318
489
632
350
421
706
327
495
713
344
440
699
380
510
684
417
431
709
408
497
697
390
490
629
334
405
605
299
387
613
317
398
602
289
384
608
291
390
625
276
389
574
298
386
628
381
435
717
295
475
683
399
469
595
360
469
664
394
403
698
293
495
631
284
384
710
376
401
650
375
399
703
304
397
639
378
495
704
293
392
619
366
482
607
333
491
677
355
418
684
296
408
670
341
482
674
300
437
569
437
516
577
220
355
564
348
438
576
264
422
652
265
400
620
275
432
614
307
401
614
322
398
605
288
394
598
280
408
615
266
398
611
267
404
600
293
395
602
287
392
636
289
394
598
294
397
607
326
389
600
283
412
598
287
387
599
296
399
593
294
385
597
283
393
561
306
397
628
343
460
574
319
420
632
255
498
749
450
568
768
436
587
764
366
402
697
356
501
687
352
496
662
358
495
647
301
440
656
309
411
628
340
459
637
299
470
659
300
443
657
299
437
631
321
404
722
374
510
641
288
407
656
323
432
614
390
440
671
305
421
624
301
427
624
365
438
640
283
426
614
384
428
630
305
416
648
315
426
617
329
370
646
314
424
644
292
430
711
329
443
634
338
437
641
314
435
659
324
423
632
323
424
641
306
418
621
329
425
628
310
415
628
323
426
583
329
417
633
310
405
647
308
423
607
326
415
604
241
454
620
309
351
628
284
459
615
328
432
639
291
426
634
305
444
621
286
440
628
303
434
650
323
431
639
300
436
617
323
431
638
294
421
601
297
426
610
326
433
634
294
417
634
298
420
585
333
429
636
313
417
630
312
423
629
287
416
660
399
529
806
311
421
634
304
346
520
195
317
544
202
311
516
233
328
519
402
377
640
315
444
613
328
449
621
308
398
609
312
444
598
305
452
622
312
413
631
304
413
651
328
395
647
353
457
647
311
415
620
300
403
604
291
423
633
292
420
615
307
394
625
316
436
631
309
437
632
212
338
639
290
437
621
295
443
644
303
416
609
285
432
597
288
393
626
290
444
622
321
441
620
284
432
632
319
437
638
282
436
638
287
449
844
277
425
639
342
449
623
300
453
658
313
430
646
286
435
639
296
431
636
322
426
630
282
422
585
311
430
620
301
517
711
398
527
704
395
519
690
411
441
631
295
477
705
388
495
711
380
548
698
411
518
724
392
504
722
401
541
741
391
539
722
385
548
713
401
470
757
376
465
645
305
468
653
334
462
687
404
475
655
325
418
682
417
477
663
319
465
679
302
475
647
327
461
679
322
504
643
296
445
591
319
505
684
350
502
675
341
502
670
345
499
702
343
484
665
342
485
696
341
479
665
338
481
661
355
475
675
342
497
672
331
500
695
342
482
627
333
521
633
298
436
657
290
438
625
304
442
643
300
456
627
309
457
651
329
405
621
288
451
646
343
438
641
288
454
653
345
448
643
298
436
640
309
469
652
311
422
616
321
429
639
301
433
674
404
461
737
339
438
637
291
460
648
373
501
746
366
522
818
456
547
636
309
519
729
390
564
764
416
574
794
435
600
708
408
609
655
324
480
670
328
486
664
319
463
670
310
463
646
343
470
655
294
467
662
312
463
640
303
458
654
317
468
662
260
455
624
292
448
633
312
430
633
284
434
631
285
443
629
276
453
625
315
540
695
369
496
694
350
550
739
390
518
728
357
514
687
406
534
712
346
528
690
380
607
822
387
525
697
369
497
695
341
512
682
397
575
693
328
520
693
409
569
638
414
554
712
332
593
658
411
511
687
379
516
739
394
502
690
373
486
704
363
520
682
368
504
721
366
524
698
363
505
660
364
533
713
383
535
649
294
548
1181
279
527
734
413
574
804
385
478
666
316
447
672
311
453
657
325
459
661
297
497
650
351
500
780
397
584
800
316
481
628
298
440
641
290
482
644
295
426
670
278
485
654
292
443
656
301
476
637
306
417
635
309
460
722
333
549
657
367
458
715
371
511
669
372
524
721
396
540
718
406
571
707
374
414
612
313
431
631
303
431
635
369
461
653
347
418
647
327
389
657
328
463
637
315
392
681
321
396
655
243
478
557
370
477
606
379
436
702
375
503
644
347
530
712
374
541
662
374
460
720
378
515
635
400
519
695
378
540
642
366
519
693
320
524
707
373
524
691
362
527
702
362
541
714
373
441
663
379
551
745
347
520
661
373
517
645
359
462
647
364
454
719
362
424
639
272
438
633
293
382
625
296
429
621
344
497
651
370
498
648
290
449
634
310
424
642
323
453
573
304
429
632
289
429
625
297
421
652
313
464
643
327
435
632
287
427
660
326
424
678
368
494
736
357
510
743
362
496
716
367
429
755
306
467
653
301
459
646
295
458
655
294
472
653
294
448
661
284
452
653
297
434
657
252
501
703
412
496
652
378
513
707
327
503
716
377
550
627
321
451
618
303
468
651
360
517
641
364
538
705
376
535
724
370
530
716
345
532
711
372
544
704
384
515
656
372
530
704
344
519
667
363
509
747
245
516
643
319
435
758
414
556
592
356
405
695
320
441
638
291
480
670
307
456
658
306
476
670
299
494
656
292
477
671
303
480
655
313
480
675
365
483
664
309
486
667
386
489
674
398
482
666
334
482
662
308
494
663
333
486
676
308
469
659
313
482
661
322
472
668
314
489
667
309
474
664
316
479
653
312
491
667
314
496
672
312
488
665
333
524
690
352
426
684
293
452
634
294
442
625
282
450
635
289
476
643
289
441
632
285
457
654
281
451
641
270
441
648
276
447
648
270
437
646
331
446
646
272
448
652
313
469
665
392
486
699
347
580
704
362
515
735
286
488
659
314
468
666
306
454
688
304
461
671
328
460
699
322
468
789
430
611
821
475
632
822
347
514
672
356
531
634
327
481
685
327
501
666
312
486
674
330
481
677
323
475
674
311
481
676
360
482
677
319
497
817
456
630
803
462
565
826
364
616
635
398
618
806
451
610
751
459
626
806
454
602
613
463
610
794
450
606
822
430
621
802
395
589
820
444
555
660
341
468
673
304
476
654
311
457
659
294
457
690
310
477
666
307
453
678
317
417
681
307
451
700
319
476
688
309
469
664
328
450
677
311
445
683
276
455
703
319
483
696
317
480
690
325
447
676
312
493
676
306
390
697
307
476
635
307
468
676
304
490
676
298
483
709
243
474
671
303
512
670
310
493
673
300
403
599
201
369
570
193
372
693
294
468
577
293
466
672
288
478
732
406
578
709
270
464
671
297
454
666
296
474
664
285
458
657
286
454
663
290
458
661
300
465
653
277
456
670
298
449
654
289
448
666
282
454
673
283
475
661
288
457
651
280
472
661
291
447
801
449
586
817
418
523
638
302
462
683
305
476
675
299
468
661
287
480
648
317
529
775
398
580
783
393
605
755
426
579
715
377
520
698
265
473
654
290
524
805
414
578
831
341
480
678
329
481
693
334
493
685
345
485
670
324
489
673
324
502
768
380
602
764
476
607
816
494
619
787
443
607
830
466
609
809
443
593
831
434
623
830
416
598
821
388
617
799
435
608
821
435
596
801
425
594
819
430
631
789
422
587
824
450
604
802
418
590
826
446
605
825
446
653
790
433
581
810
416
610
794
445
584
780
417
612
796
435
581
799
420
588
794
435
590
814
407
599
820
460
618
815
501
610
803
410
599
843
449
622
793
495
622
831
437
621
789
458
610
812
443
600
791
453
617
816
449
620
818
448
620
843
450
614
843
447
583
788
432
613
798
469
627
823
426
585
811
455
491
724
227
501
702
318
478
728
311
480
726
307
499
682
333
479
702
322
499
678
251
527
687
321
493
677
326
484
695
357
424
746
338
506
641
301
479
672
248
516
704
310
485
585
263
621
799
251
468
623
269
392
605
239
428
699
296
506
657
310
466
689
286
470
680
291
491
696
282
503
703
294
478
678
329
559
639
316
501
681
271
576
804
412
575
807
453
588
803
422
565
811
399
552
726
404
600
790
366
620
714
438
607
790
366
615
766
416
606
789
441
595
818
355
608
799
427
608
747
421
605
739
381
499
654
344
514
817
411
587
796
412
523
760
411
562
746
363
546
611
319
479
678
305
454
679
313
485
