97963
2209
802
1133
948
1018
4787
1020
19273
693
1018
939
727
930
977
16579
1855
15497
1146
1046
2817
828
716
1050
837
1676
8678
1525
1251
1538
1273
1172
4077
1018
1417
2239
1018
1127
1326
2206
2034
1369
1101
1045
1375
1012
985
1864
1230
1243
1104
839
845
1463
936
863
1055
1097
953
8122
1170
1295
1392
1588
6195
6177
1606
814
1042
738
802
7453
3951
1250
7114
10208
1396
4686
764
1074
883
706
748
1101
939
754
1104
774
1648
1082
1920
847
1025
924
1064
1041
485
660
968
7887
771
1148
1190
906
922
527
640
935
496
931
906
548
680
943
594
679
932
543
680
858
475
565
844
450
594
914
473
588
807
431
562
767
426
645
939
467
577
709
526
616
797
458
710
1347
453
665
813
394
540
830
584
651
802
465
762
936
454
672
879
469
643
831
414
619
902
589
825
887
411
606
777
667
621
764
346
676
771
472
612
851
415
624
771
410
687
798
447
588
903
677
688
837
496
634
938
561
865
1792
442
670
755
506
840
981
1483
620
961
576
759
878
739
713
1735
505
655
818
418
684
855
1037
761
840
461
656
934
572
781
1375
436
630
837
413
680
895
648
1466
843
442
668
816
535
708
1184
428
651
790
460
686
860
594
698
1236
435
651
794
423
651
777
429
669
764
443
708
862
575
991
884
545
712
814
561
622
890
1294
734
949
427
708
849
534
681
827
445
689
843
430
739
838
501
629
862
464
921
831
462
789
903
511
728
899
614
750
910
493
645
840
491
738
954
418
689
880
430
622
863
412
669
943
388
776
839
472
1098
936
525
1355
1141
529
695
903
664
668
861
701
644
1014
684
809
984
483
898
921
583
753
1096
395
644
808
582
761
920
477
643
861
544
615
848
485
788
855
419
656
745
335
626
825
534
653
854
557
748
836
491
732
876
505
756
919
473
668
880
494
641
865
590
728
884
446
687
809
805
696
868
402
655
864
602
731
957
445
898
1005
574
757
975
428
713
846
489
687
909
458
732
862
602
721
933
596
681
885
508
673
448
467
710
386
458
739
515
476
676
387
547
619
565
418
667
424
542
792
552
515
723
427
557
735
427
563
652
441
422
614
518
636
717
446
478
791
447
489
618
382
537
678
420
517
639
460
504
699
528
553
708
410
540
675
434
483
662
338
557
745
365
620
863
458
514
683
405
536
700
373
497
773
458
524
734
337
523
771
436
610
651
329
609
731
542
579
734
400
721
690
412
495
727
619
605
710
450
618
702
381
456
822
416
805
794
461
476
683
329
591
720
399
546
714
347
500
693
357
497
728
356
512
649
354
544
764
358
644
769
479
489
739
427
460
746
410
459
720
392
544
738
347
461
779
391
561
761
400
483
659
333
478
769
366
537
674
496
617
700
523
629
831
493
533
889
416
686
854
523
552
740
654
660
761
383
604
839
364
570
755
327
454
737
416
529
735
409
543
782
381
533
727
385
561
933
410
527
768
346
512
682
399
509
792
442
571
744
433
495
695
407
497
753
409
478
696
505
602
1013
421
486
725
387
505
779
547
726
834
419
551
807
353
557
783
335
604
765
498
619
775
477
569
795
504
598
790
428
590
763
420
548
714
445
627
707
545
578
883
397
567
774
376
619
798
513
653
816
394
574
781
381
488
851
453
544
801
418
592
775
384
586
772
511
534
740
456
565
730
401
508
749
604
625
783
420
607
875
470
612
784
464
525
727
420
626
924
414
609
759
425
510
704
428
650
714
370
553
825
657
716
892
487
718
786
375
595
773
440
635
898
403
572
783
572
985
909
426
509
754
475
576
865
411
716
838
534
634
831
457
564
843
432
636
811
369
692
935
383
613
968
576
632
814
470
608
809
539
890
788
408
643
886
446
576
878
561
758
963
572
798
829
446
609
837
372
634
956
468
686
866
364
636
951
672
821
831
529
718
921
541
641
933
547
920
865
457
736
932
411
645
840
504
634
981
503
769
880
489
654
774
413
633
795
363
625
953
564
716
854
425
627
860
471
691
862
517
565
942
441
719
911
387
690
898
460
733
914
613
646
821
532
651
417
686
815
448
426
647
467
530
709
371
490
655
383
543
697
368
478
701
423
468
794
416
383
609
414
375
631
393
459
644
388
473
603
334
410
704
401
597
655
400
553
839
418
504
793
378
462
722
446
438
781
592
535
740
554
555
644
554
673
736
407
407
629
398
477
634
579
457
630
576
438
629
430
509
659
349
519
695
359
439
675
355
462
671
330
386
684
417
589
652
372
479
698
476
502
843
405
540
813
394
525
766
358
506
755
367
579
728
383
513
775
409
598
680
382
445
805
426
496
654
438
468
797
382
539
851
466
578
769
378
537
689
405
576
746
386
574
724
489
510
731
458
552
804
676
542
861
597
628
799
404
517
769
411
615
671
351
507
676
340
619
845
369
573
736
409
550
778
388
554
752
326
477
787
356
648
745
384
572
678
382
553
710
354
442
638
359
468
678
393
523
754
492
703
768
469
541
815
440
542
844
404
526
750
447
515
737
352
602
808
396
600
863
372
555
746
352
446
728
370
485
756
428
553
730
405
484
862
401
606
762
327
560
828
455
464
781
366
600
774
407
581
710
397
534
847
415
540
766
442
689
754
422
606
662
376
486
686
386
583
759
334
693
804
503
659
808
427
664
768
406
576
832
334
536
686
514
577
735
367
525
767
402
558
700
428
608
841
434
531
875
408
606
862
426
582
779
418
581
911
468
606
862
488
602
845
550
612
817
478
602
822
510
555
743
389
743
794
403
673
962
502
554
854
489
723
889
571
631
759
451
557
808
514
575
844
357
735
825
478
570
738
473
625
939
416
572
845
341
572
916
450
624
843
433
621
815
419
590
814
413
610
744
501
561
814
355
648
759
423
552
791
521
609
855
432
662
859
431
596
774
440
667
762
395
622
856
382
650
752
457
757
847
525
713
825
358
632
873
370
615
774
369
737
934
481
643
924
499
697
937
648
742
1028
562
590
939
559
682
873
580
946
1140
478
605
934
448
994
881
438
651
864
485
762
801
464
637
859
450
638
903
430
672
796
524
657
824
516
663
930
395
653
1372
531
773
820
438
641
841
431
685
845
444
699
902
483
747
386
405
702
378
511
723
391
487
682
414
574
643
370
447
647
372
468
592
365
396
676
386
498
740
470
589
742
503
579
682
390
493
678
352
470
638
350
484
657
371
488
775
343
493
763
404
425
697
385
522
727
393
413
677
440
602
778
354
406
680
379
479
670
372
468
716
509
487
658
368
480
659
356
505
718
353
538
667
430
517
783
361
438
766
472
604
1057
625
967
821
673
485
686
352
582
665
563
795
802
446
533
747
360
502
827
504
680
762
392
642
730
452
565
832
362
538
750
342
462
700
300
496
680
348
539
1102
358
468
674
378
594
671
314
554
656
384
483
826
401
537
636
547
651
794
486
542
876
407
528
708
348
613
717
456
569
650
371
497
758
462
489
824
537
677
860
564
588
658
467
555
768
370
545
751
321
494
815
433
539
790
342
550
835
400
746
684
401
477
770
495
513
757
440
1129
758
579
745
809
403
616
948
512
635
765
489
528
958
648
595
872
360
454
808
455
589
727
481
504
938
512
629
726
360
552
753
549
689
794
445
645
850
575
610
763
464
581
796
424
571
774
515
624
745
453
641
973
462
544
803
429
599
743
393
567
673
450
608
730
346
498
793
486
519
778
423
519
706
566
573
769
486
509
873
439
599
780
500
584
818
437
631
825
489
595
815
542
652
813
392
579
822
495
690
895
404
747
824
415
523
715
359
518
891
864
630
753
574
841
798
515
627
826
492
523
763
411
722
888
352
576
739
491
659
794
461
604
800
524
805
858
605
715
950
500
677
786
521
619
858
567
603
864
414
601
785
516
553
971
465
664
896
508
712
903
543
739
917
494
638
923
423
663
888
502
676
885
447
682
937
557
635
848
415
643
921
392
631
802
539
622
922
407
630
876
458
721
810
404
646
810
362
560
769
579
611
805
467
664
872
591
652
794
437
734
837
448
775
999
765
713
909
699
660
893
430
720
1042
651
745
925
554
757
877
488
800
939
541
769
1169
646
762
850
468
655
904
604
794
1382
559
653
921
510
800
923
507
740
947
471
732
943
499
755
822
491
617
830
401
676
791
580
814
809
367
609
786
436
708
398
502
638
400
415
671
431
675
907
454
436
657
527
585
681
362
457
787
466
562
704
448
384
771
658
653
792
444
750
682
391
734
742
469
514
715
438
609
773
475
451
677
504
602
759
488
553
786
409
595
873
496
580
825
504
621
801
524
716
783
528
663
686
432
558
781
545
563
807
617
611
702
565
571
816
462
516
799
468
612
852
554
516
801
697
891
880
465
493
727
459
621
1052
713
620
890
413
556
726
670
620
914
574
738
804
555
702
842
444
639
806
414
573
714
336
612
788
420
522
743
472
576
766
438
736
919
493
597
845
722
627
795
624
567
882
380
585
740
516
634
950
515
746
802
612
695
829
544
606
810
612
636
770
422
581
749
397
580
735
509
663
824
486
605
763
380
506
788
408
578
670
371
466
801
491
637
774
579
627
822
579
792
794
374
548
776
593
612
714
523
719
895
546
781
871
522
698
903
424
694
869
408
697
899
490
619
818
465
731
860
405
667
792
462
602
776
420
468
748
441
619
792
516
641
881
498
709
733
442
619
727
413
621
825
597
741
945
596
611
840
546
677
917
487
689
874
498
615
982
476
682
846
437
691
894
516
680
829
552
762
815
398
660
883
470
723
830
550
768
877
517
721
945
433
757
761
594
652
864
416
590
902
406
595
976
926
1692
876
447
703
875
659
641
857
523
675
869
483
769
892
614
846
885
644
676
855
427
683
927
485
588
852
440
609
813
481
1209
831
607
630
860
417
778
902
1101
635
982
527
757
1014
564
756
872
1105
667
752
522
656
889
521
719
883
516
708
871
517
712
869
573
701
909
975
676
1038
543
862
836
545
827
822
425
601
755
422
614
823
483
728
886
508
700
876
373
624
906
481
686
768
652
703
868
461
605
797
484
587
963
482
638
861
465
697
832
507
674
906
585
715
986
502
761
884
422
629
798
410
755
938
483
804
947
550
674
865
450
684
841
506
721
839
456
656
795
457
769
963
512
855
895
486
799
884
497
630
1006
480
623
926
521
788
926
539
620
865
451
674
1096
614
783
955
530
694
866
469
692
934
518
654
477
637
909
939
460
746
494
552
951
434
412
690
359
563
631
453
676
775
868
602
757
552
523
732
657
455
959
514
486
799
608
425
703
382
498
641
373
474
732
442
565
710
384
454
662
375
622
660
397
440
630
478
767
606
509
746
654
464
657
945
462
602
678
624
747
873
553
716
812
467
558
704
439
491
700
484
566
857
405
489
637
532
483
843
508
500
696
412
493
697
561
572
669
546
452
667
421
500
769
471
608
713
332
432
622
389
706
775
445
619
754
593
556
766
482
660
724
450
512
736
397
813
755
507
630
833
543
621
881
539
675
818
606
506
762
390
467
881
523
591
804
488
598
817
346
532
763
450
585
840
488
610
806
449
584
888
418
657
859
360
734
822
489
600
737
438
667
712
474
562
826
429
574
809
530
623
821
504
595
780
446
597
851
570
712
812
574
586
786
526
558
868
432
632
777
382
610
792
617
683
826
433
637
883
424
685
799
453
597
825
382
586
931
470
553
782
484
544
753
401
652
726
444
568
882
521
711
815
722
797
829
611
584
907
414
593
709
405
568
852
366
572
742
457
577
867
436
662
734
405
581
766
394
563
862
458
656
693
507
629
763
490
590
781
420
599
754
473
566
872
1100
629
828
555
702
985
504
734
1612
495
585
910
534
789
937
898
635
816
408
829
841
470
623
1117
419
662
820
437
549
935
913
1591
878
506
697
863
495
680
940
449
658
916
584
578
784
519
708
918
377
547
946
465
528
861
891
623
910
472
595
923
397
518
852
416
606
785
371
585
910
421
688
870
539
703
885
714
722
742
564
620
800
506
665
894
605
652
798
586
573
978
463
674
874
476
716
878
538
793
801
432
668
1095
635
800
868
638
657
772
450
671
954
433
616
909
492
821
935
603
611
866
463
655
951
513
726
932
517
702
996
438
697
1035
382
574
759
387
572
1014
488
803
874
465
736
853
452
681
881
524
1391
883
432
730
1006
541
769
956
511
654
779
439
734
922
497
708
781
480
642
1714
591
713
881
496
693
815
374
609
926
440
637
936
509
808
1031
551
616
1082
534
728
970
505
629
1112
478
819
500
531
741
396
449
746
347
561
684
342
407
675
352
533
699
323
467
697
332
523
726
381
434
665
404
715
633
360
539
821
373
769
841
557
596
785
418
585
681
379
518
723
450
515
833
639
764
754
647
590
754
450
595
900
635
569
691
518
449
679
414
497
735
598
602
810
459
581
756
395
601
781
520
569
768
574
564
774
435
513
633
444
793
972
423
480
683
499
611
833
486
483
722
629
738
767
410
532
751
384
594
732
448
911
914
497
478
846
912
628
801
424
691
753
520
527
675
467
598
812
725
682
892
449
472
654
414
457
773
386
482
936
558
530
758
387
451
900
604
766
782
570
769
688
427
499
680
383
499
748
404
481
748
483
787
799
394
495
764
463
486
749
391
614
935
585
669
884
593
617
832
424
729
1238
604
633
773
477
649
777
627
659
878
535
720
843
360
1045
887
471
563
763
424
598
797
368
610
739
413
557
774
390
485
725
341
470
755
549
465
734
512
599
776
462
651
812
385
592
800
589
871
949
448
766
881
456
593
796
588
511
779
393
563
769
654
754
871
429
680
694
395
505
887
555
675
825
474
534
979
417
544
797
363
563
759
439
618
791
389
600
1231
460
572
733
676
559
826
433
589
770
459
620
855
545
644
713
582
578
1312
455
608
761
393
567
852
480
665
794
382
617
1473
524
699
870
714
938
903
458
607
821
386
610
720
401
546
880
343
726
818
412
566
852
455
573
846
461
660
847
426
647
904
481
612
850
510
603
1033
418
699
836
446
569
745
428
674
859
517
708
913
348
607
808
541
692
868
560
564
866
401
552
794
464
730
863
573
742
869
601
658
914
547
653
862
517
692
799
363
567
874
511
771
878
454
749
983
531
588
896
486
647
829
503
780
802
382
688
868
543
729
994
459
633
948
507
652
868
610
750
792
525
701
908
453
665
920
435
719
864
444
726
846
516
659
1019
449
647
879
511
799
859
527
613
788
499
658
894
482
707
890
442
537
858
426
573
785
344
735
931
377
661
822
489
642
842
508
735
901
1355
741
804
698
708
942
604
1224
854
541
651
949
526
716
807
519
703
897
510
703
901
417
918
1025
719
792
986
524
666
843
488
656
935
463
996
1101
512
688
893
473
779
669
628
621
328
397
602
446
470
620
419
507
777
475
515
604
408
469
839
457
589
709
465
718
774
554
541
713
391
604
983
575
643
717
454
510
735
504
543
720
375
387
667
463
658
701
359
594
750
485
545
742
383
547
783
737
736
709
382
475
766
555
487
712
404
466
836
404
490
673
352
491
697
526
588
699
411
509
695
505
511
722
408
512
716
421
600
617
365
528
672
637
739
946
662
864
963
712
622
820
495
713
849
501
576
774
365
513
825
423
639
1015
443
534
706
390
523
711
437
486
705
377
560
717
304
483
712
382
518
618
432
517
874
384
596
704
367
523
671
340
602
668
364
505
767
434
531
695
373
429
792
355
710
691
416
463
683
416
454
685
420
503
700
413
684
805
516
621
826
513
630
911
641
547
900
332
525
741
514
548
752
347
550
743
364
546
830
500
506
719
493
601
696
431
540
677
472
758
727
345
550
712
366
564
670
354
454
714
403
639
886
491
624
794
350
529
741
349
546
738
425
563
910
541
733
948
484
574
782
474
715
821
605
568
805
427
660
860
454
605
821
415
585
731
387
675
782
356
591
750
434
576
790
346
590
758
392
535
870
394
600
774
424
707
828
426
591
705
364
528
803
399
588
791
443
631
862
495
676
797
515
552
803
507
594
770
444
592
794
390
599
738
538
628
947
445
598
892
518
555
823
523
594
774
529
543
720
476
620
779
484
646
824
524
663
882
421
548
797
480
580
846
423
695
859
430
706
828
413
589
826
473
718
915
421
620
826
505
571
831
466
770
889
431
670
853
385
702
842
587
891
1099
430
732
864
451
628
780
573
714
756
369
679
837
474
667
902
449
609
805
402
609
871
482
717
928
510
648
779
450
723
874
521
722
862
418
661
796
401
651
882
533
683
963
731
815
812
565
853
970
613
585
900
436
704
871
457
693
860
347
683
815
526
770
846
417
638
793
444
632
853
477
686
790
430
672
843
440
685
920
466
673
861
513
720
900
479
695
867
464
674
1047
486
659
902
406
765
372
460
822
404
485
656
361
522
697
415
561
777
833
578
837
946
490
677
648
501
633
400
519
743
474
547
641
374
500
783
440
554
660
386
599
809
603
588
656
570
561
774
532
532
735
418
459
752
539
701
749
361
565
715
490
543
998
580
588
809
488
634
794
522
523
688
359
484
692
434
472
852
420
510
708
415
442
643
440
538
751
395
455
746
360
470
753
389
478
725
360
550
722
376
539
698
395
520
711
407
455
698
380
560
920
405
514
726
396
517
749
491
603
808
382
583
727
404
586
733
545
545
762
438
509
792
447
723
876
444
546
760
461
636
772
410
553
755
637
694
726
536
600
790
443
488
822
400
656
762
564
560
777
441
500
745
494
736
783
441
681
811
481
589
773
425
574
739
471
639
796
413
593
893
607
653
747
461
671
777
528
604
797
441
608
825
477
570
755
423
786
768
499
589
742
644
625
828
445
601
821
448
559
790
465
612
714
438
558
703
521
570
820
402
542
797
445
628
711
437
616
823
625
687
902
550
667
824
462
565
854
494
684
896
469
702
707
403
601
883
421
661
872
364
529
779
366
551
670
388
660
825
408
644
854
426
644
805
426
628
848
435
639
764
384
607
839
396
572
800
430
627
797
415
557
825
408
549
673
421
576
796
410
600
812
443
761
846
406
653
793
443
546
786
454
651
721
393
548
894
488
612
840
518
630
904
395
573
1467
464
612
828
444
569
839
934
634
890
563
625
899
619
623
1467
592
738
930
463
645
870
900
1649
889
577
803
875
478
674
836
481
638
942
552
735
875
557
978
815
436
601
991
523
747
906
1376
612
975
430
631
914
504
790
1297
502
1275
933
448
782
914
553
568
803
537
712
952
513
1072
925
432
873
891
473
778
845
1158
627
851
552
715
768
387
791
