361
445
582
443
546
715
232
506
720
262
520
725
352
522
740
312
432
705
334
510
697
328
497
702
324
493
702
304
505
691
317
490
704
463
572
760
319
479
666
296
462
637
317
481
718
301
464
677
288
475
673
293
465
663
302
464
676
301
462
842
318
612
612
300
461
668
300
479
664
294
467
640
305
466
657
347
517
695
335
635
708
274
419
673
318
508
674
308
517
678
314
506
680
296
494
673
320
524
687
324
528
690
306
498
683
342
488
673
315
511
685
265
545
780
437
609
796
431
614
802
429
608
812
416
522
703
344
533
708
324
512
719
344
513
733
336
533
707
329
521
618
358
620
797
307
500
682
327
495
693
309
527
726
348
446
697
324
493
670
312
482
743
390
524
685
286
507
688
316
496
652
352
533
696
288
492
701
309
484
683
285
552
683
363
545
749
312
572
682
357
489
749
402
642
957
271
555
701
317
472
738
347
528
833
463
658
939
490
638
836
441
634
832
475
640
839
463
665
863
487
589
862
431
650
821
466
651
814
451
623
863
464
634
869
334
535
780
332
571
775
398
538
699
338
474
708
332
483
661
311
509
695
321
495
846
391
631
856
401
651
834
480
517
797
401
501
773
376
543
798
334
562
787
403
499
767
393
556
767
383
491
759
526
531
725
335
500
733
440
519
653
370
486
689
356
602
695
381
482
636
199
539
695
290
472
749
295
563
676
403
384
795
293
496
705
282
496
699
288
454
629
307
510
687
312
513
683
310
470
709
299
509
733
317
493
854
320
497
706
249
491
731
311
526
711
306
475
687
309
497
725
326
472
724
324
505
727
328
484
716
333
528
779
319
490
720
324
506
725
318
498
713
308
523
852
443
665
747
321
558
724
377
495
769
406
488
703
302
491
696
283
486
690
350
486
697
329
488
692
321
501
699
315
506
770
442
587
814
460
535
792
333
494
733
359
494
705
337
478
704
343
502
739
325
488
700
326
496
694
320
486
715
335
509
610
418
502
758
341
549
795
394
568
770
382
570
775
394
494
774
388
513
745
451
638
818
468
636
754
460
633
754
315
489
713
329
509
702
326
482
706
339
467
682
327
495
692
329
506
687
325
511
688
313
510
730
381
620
760
334
528
721
324
519
728
372
567
845
423
615
843
430
626
813
429
600
728
414
617
813
440
617
822
448
620
815
427
599
810
415
616
816
429
607
803
420
608
820
412
630
778
416
612
834
429
629
819
414
635
910
423
694
934
418
516
757
310
586
796
365
480
765
292
546
766
366
520
755
297
590
701
5749
858
574
781
833
334
524
768
413
655
842
531
526
729
346
529
717
302
501
689
321
484
696
312
517
718
349
530
720
326
521
709
316
496
726
325
521
702
321
513
719
323
514
650
308
465
717
325
508
703
304
514
749
400
512
726
311
505
692
326
497
701
310
497
721
299
495
695
292
506
719
306
508
696
305
490
691
294
556
606
201
397
597
203
390
726
278
447
718
302
515
713
329
505
715
309
510
738
301
520
710
338
492
712
305
512
714
299
490
688
327
502
706
340
542
706
299
556
718
309
483
715
306
530
711
376
504
740
299
497
705
315
557
719
307
497
709
323
525
720
289
529
737
315
501
692
338
548
710
316
537
694
282
529
720
314
495
670
330
513
698
334
527
711
300
520
700
325
545
718
311
530
700
273
780
847
396
638
773
409
632
736
351
638
829
360
519
863
354
461
758
396
507
769
425
627
768
408
654
817
414
657
773
413
552
747
418
540
650
339
635
817
428
544
690
352
656
812
457
546
699
338
534
710
315
531
746
390
464
719
314
515
686
1072
542
794
290
595
698
365
580
728
315
520
705
376
530
776
420
642
696
344
539
796
422
598
774
365
722
922
390
716
887
524
725
929
514
709
927
507
688
929
441
698
803
541
713
949
452
752
913
517
739
902
477
712
814
512
625
777
300
602
747
453
659
763
361
570
734
408
598
789
451
627
732
428
622
803
450
629
779
418
624
828
437
647
743
416
609
844
419
630
735
340
517
719
317
467
742
361
549
829
444
618
721
415
617
812
415
605
695
414
600
832
414
642
863
416
621
822
422
620
747
427
562
770
427
642
749
453
651
922
495
720
867
501
640
754
337
553
683
328
532
732
321
532
658
354
568
780
376
730
922
510
734
897
364
544
736
356
557
807
325
582
765
369
572
802
375
576
639
375
591
802
388
560
775
388
576
785
330
581
795
395
508
851
464
657
873
377
503
788
377
481
701
414
689
885
448
619
778
442
666
889
433
702
831
455
683
902
414
535
843
415
590
804
411
517
678
316
507
684
336
528
679
332
537
730
345
520
682
317
554
746
321
524
686
323
524
739
327
550
684
330
570
783
307
578
749
372
535
752
355
539
702
359
553
743
336
530
684
333
527
723
353
545
684
487
548
741
383
514
673
378
559
720
338
510
686
313
539
767
332
520
693
344
551
745
368
522
699
351
536
754
358
533
700
345
537
728
387
658
725
446
606
843
466
635
802
445
609
836
466
642
819
454
604
845
474
640
803
436
555
811
436
600
744
429
603
806
338
595
770
394
601
801
383
600
756
426
602
798
430
592
742
392
596
793
321
581
744
398
590
801
414
618
739
389
605
808
327
518
661
332
521
727
229
442
625
233
437
620
242
445
617
228
407
622
219
454
616
231
416
629
222
448
616
223
432
624
218
446
609
232
419
639
210
442
639
222
419
621
217
446
607
254
414
645
212
446
633
219
438
643
241
443
626
232
411
640
215
424
631
228
439
625
234
436
629
223
432
620
233
441
628
237
435
640
205
436
622
242
441
637
229
438
624
234
453
638
250
430
625
245
447
634
228
432
624
253
452
642
233
437
626
233
435
632
227
454
635
240
435
640
224
434
623
242
439
635
225
434
617
235
420
631
218
429
619
232
425
652
228
423
619
233
423
628
231
431
617
232
456
833
222
429
622
232
420
635
219
458
661
265
451
673
225
496
748
460
554
694
318
571
342
338
486
719
363
549
691
365
514
346
358
537
326
350
515
724
354
571
703
350
508
748
306
576
708
358
523
750
358
573
400
345
518
761
353
550
704
363
519
364
366
555
703
337
501
744
306
570
694
351
511
336
347
561
699
345
488
384
343
543
332
342
500
361
326
541
668
333
464
347
329
566
428
427
497
754
437
560
700
282
530
425
421
619
401
348
474
718
322
538
313
325
472
393
338
548
668
335
457
387
344
551
663
346
460
375
332
529
671
311
453
364
335
522
293
410
505
781
374
572
708
369
479
338
360
551
331
399
586
847
464
674
420
376
543
323
373
538
320
364
471
314
374
558
314
362
546
361
363
553
316
347
492
314
370
557
412
355
459
310
373
549
329
350
561
306
384
564
355
351
546
441
375
559
424
376
541
374
355
556
351
377
549
336
364
591
348
350
543
339
368
565
342
344
541
397
363
566
348
352
534
416
378
551
348
386
544
418
475
659
447
455
589
414
452
666
429
554
614
404
503
653
436
453
579
386
277
479
461
302
514
365
548
766
424
473
536
276
336
568
314
304
582
471
396
703
403
448
509
385
408
619
546
578
689
554
582
727
535
537
704
536
553
758
547
564
690
534
530
741
557
569
697
550
477
764
538
535
561
482
406
536
329
482
564
358
381
528
337
457
614
442
439
752
426
565
682
523
548
724
537
561
589
406
435
693
416
493
655
460
498
701
413
380
509
314
357
553
382
352
508
379
464
642
417
453
584
438
441
642
444
450
629
438
342
564
371
483
540
369
431
582
423
452
531
451
440
669
420
491
658
528
509
769
482
531
702
547
392
601
351
387
518
347
457
705
427
441
628
428
420
627
406
396
479
428
439
642
397
587
773
539
514
695
436
538
668
361
367
583
345
390
547
347
523
666
358
360
513
331
384
568
354
355
496
309
369
554
333
363
509
336
350
570
338
359
515
304
360
577
363
349
519
314
308
562
322
347
509
373
309
576
335
355
503
333
308
572
297
345
523
363
340
572
373
352
551
345
489
660
450
524
690
474
494
689
434
455
622
489
480
699
479
495
644
440
502
634
458
424
541
386
427
644
425
365
581
390
406
699
411
542
608
496
509
681
409
455
570
433
421
660
410
446
578
443
414
664
411
458
572
405
416
680
428
440
610
438
416
673
427
479
596
426
418
666
396
471
598
419
408
645
405
462
574
428
464
624
303
362
512
326
302
566
305
371
567
379
298
553
291
369
504
314
295
589
368
386
705
511
456
720
460
525
645
513
398
664
390
466
635
433
403
667
409
478
603
506
394
736
481
528
712
507
461
740
492
511
615
500
477
800
512
591
795
504
382
747
431
521
698
493
495
735
444
513
576
472
452
705
454
510
671
470
485
730
358
515
734
547
491
777
521
587
792
547
408
793
500
573
780
546
475
800
508
582
570
527
534
755
499
575
606
417
426
717
415
501
700
459
442
742
437
524
674
492
432
703
458
518
651
467
420
668
425
522
734
471
485
717
488
557
697
537
474
790
502
522
669
502
552
623
335
384
544
409
424
730
402
459
685
514
361
729
393
519
698
405
444
678
387
393
544
376
290
583
275
384
526
335
377
579
284
381
523
355
349
538
228
383
534
296
332
550
282
370
534
314
327
585
229
369
530
307
319
585
218
393
555
311
328
572
284
377
535
365
397
683
344
492
609
420
360
750
250
535
659
475
500
746
237
365
536
305
318
618
210
370
543
309
269
531
332
441
642
358
391
642
316
461
597
391
403
651
314
423
651
387
396
620
315
428
589
383
396
645
315
351
574
231
330
590
266
381
542
328
364
577
263
387
589
324
358
596
258
397
637
363
414
604
242
394
557
330
346
569
240
402
575
357
343
572
252
401
557
348
346
569
239
374
550
317
333
570
241
366
558
335
304
657
315
388
579
339
350
568
236
396
548
318
390
585
243
386
545
322
351
561
302
408
610
325
343
566
229
351
596
346
328
584
267
375
560
316
318
533
276
546
698
455
545
710
511
478
617
312
335
673
430
434
671
363
367
511
214
277
474
192
272
471
191
284
460
196
267
460
197
273
474
197
265
467
196
273
468
199
269
462
210
267
483
215
266
491
213
259
644
397
402
624
348
446
633
402
380
652
382
442
649
370
375
646
335
427
547
384
380
625
341
428
651
311
318
592
351
473
696
448
466
694
376
460
686
442
421
684
346
467
677
420
381
695
342
480
674
422
379
740
382
543
729
475
460
747
364
543
661
883
418
636
396
392
573
362
360
580
217
389
580
304
339
582
258
395
594
296
299
574
253
413
579
305
341
571
263
381
522
321
542
731
378
535
739
462
587
657
327
406
556
370
375
600
395
569
767
387
355
577
261
572
636
352
380
611
308
418
555
316
347
607
268
436
649
466
494
699
397
414
633
341
369
609
300
422
601
364
374
609
265
406
608
362
359
607
293
404
605
370
388
606
295
410
601
371
403
696
352
502
674
432
402
703
351
474
683
464
414
719
289
490
692
438
421
687
331
520
662
413
354
586
290
423
598
361
364
618
280
398
544
317
330
582
247
389
563
288
416
712
328
437
637
388
392
644
316
456
633
375
414
653
324
488
626
385
427
629
304
439
555
305
290
582
251
375
555
296
321
575
242
377
566
301
322
574
242
374
572
288
315
643
370
448
652
367
445
693
385
457
634
358
439
653
344
444
641
365
393
673
232
459
690
420
454
523
330
378
684
393
553
762
422
443
644
400
394
646
355
474
665
389
398
579
266
368
562
325
316
600
245
384
577
344
356
613
257
346
603
356
371
592
249
384
579
310
326
603
241
384
594
308
353
601
247
381
581
321
394
600
238
383
578
330
363
595
351
331
611
320
350
609
285
396
612
303
368
594
264
406
591
333
350
596
259
402
584
343
456
786
383
511
666
367
387
591
313
461
636
413
425
646
317
464
646
360
627
664
357
472
670
386
413
658
314
486
653
403
474
686
324
450
636
361
458
650
341
471
644
374
447
640
337
442
642
383
451
650
386
487
639
372
445
686
352
450
679
409
464
692
355
475
645
386
405
646
338
470
637
378
352
612
256
357
592
325
380
580
314
415
566
319
384
612
317
382
604
318
379
593
249
412
588
318
388
591
309
395
589
339
396
591
309
387
586
321
387
598
363
377
588
320
384
590
320
388
582
376
387
586
353
391
585
360
391
599
314
389
585
343
561
733
386
430
585
302
444
656
407
485
643
389
454
653
339
476
631
371
451
685
317
468
673
381
438
643
303
480
635
361
464
692
309
448
640
363
452
641
332
444
654
386
447
661
388
479
677
379
493
661
351
495
662
390
465
668
384
471
636
379
468
614
364
468
646
373
460
650
394
447
654
391
483
682
322
482
656
381
461
666
377
505
655
395
407
592
284
404
604
295
422
610
308
421
594
324
393
610
262
359
599
337
389
582
266
400
600
330
416
557
267
408
594
303
496
700
409
509
696
398
416
575
341
481
691
393
418
627
333
408
604
361
497
617
309
423
600
390
503
574
477
508
639
428
393
586
456
490
597
279
397
625
346
532
707
476
494
707
421
495
702
442
373
621
339
465
544
324
420
614
295
374
609
313
391
597
314
376
613
320
451
617
299
420
574
300
405
593
301
349
523
216
315
533
410
556
727
449
565
751
435
563
725
413
570
618
393
392
627
319
400
592
287
448
767
488
583
717
467
530
745
482
549
706
326
576
754
467
556
699
420
583
737
485
550
710
455
577
743
468
521
674
428
556
636
401
556
719
460
569
775
451
557
715
454
557
770
477
548
642
485
567
661
320
400
634
292
419
767
444
564
771
473
561
829
489
615
793
457
449
720
290
494
650
416
380
643
328
403
637
324
392
760
393
443
636
329
392
604
317
415
613
311
395
593
303
369
609
309
390
590
313
393
608
291
398
598
312
407
622
409
561
868
456
532
755
460
556
742
459
520
758
464
465
565
474
357
670
296
392
516
217
317
509
225
368
689
362
476
612
386
416
512
211
303
539
354
457
694
381
1040
654
322
358
587
308
407
643
317
464
608
326
411
637
300
455
734
421
534
758
419
463
641
312
445
636
303
439
625
320
431
549
290
567
764
353
442
752
420
529
747
432
530
752
435
459
745
437
522
749
326
363
638
341
407
733
354
454
661
258
369
673
421
521
701
394
481
681
372
495
597
301
433
703
333
440
726
437
527
668
346
486
757
438
536
663
346
484
819
482
589
780
477
570
791
461
526
801
470
527
682
458
563
802
425
529
735
488
574
797
354
453
796
476
579
699
385
503
665
404
473
705
391
490
698
365
474
642
376
478
680
370
498
735
441
543
701
377
489
674
367
502
676
361
487
692
396
484
682
363
488
700
364
493
685
398
476
673
362
519
673
362
484
665
335
441
733
409
538
795
341
441
642
342
442
640
328
444
644
304
476
643
319
437
626
346
435
658
321
440
640
327
438
636
326
433
647
339
426
643
325
444
641
335
430
637
322
431
628
339
461
731
439
475
642
352
427
639
317
436
624
381
478
699
369
476
681
393
465
682
383
492
673
705
623
695
377
477
689
374
465
692
388
506
680
324
493
681
401
496
670
375
514
688
391
442
675
367
511
704
332
519
675
328
496
681
379
519
642
374
476
692
388
494
677
393
490
694
317
445
617
330
433
608
324
436
596
310
431
635
324
431
592
319
447
616
276
431
601
321
443
598
284
431
616
314
414
644
324
435
637
333
431
620
309
430
611
320
415
622
315
474
617
319
425
634
316
420
607
341
409
622
299
425
611
431
429
630
323
380
619
339
435
621
305
416
607
309
414
615
314
375
638
369
545
732
436
442
619
318
449
625
294
433
616
298
420
613
330
411
619
302
397
611
312
427
645
324
406
646
334
404
619
330
400
666
308
417
621
305
418
622
288
429
615
306
414
627
319
440
615
269
424
624
340
431
644
303
394
638
292
366
623
322
389
632
322
440
610
341
434
577
334
536
642
312
468
656
338
437
636
321
454
637
325
480
559
334
448
639
327
446
674
336
432
650
338
442
630
317
444
649
324
451
646
320
434
625
310
439
638
318
441
625
328
429
630
323
436
624
321
433
626
321
359
520
210
330
515
211
327
538
208
328
534
242
327
538
212
337
512
207
328
532
196
324
510
249
333
523
201
333
523
194
323
515
198
325
512
192
342
545
214
325
540
196
320
539
194
324
516
195
328
539
192
323
543
194
318
542
197
316
543
196
316
547
192
466
535
207
330
534
226
321
529
218
320
541
194
316
539
218
318
536
219
318
532
211
316
539
341
437
657
361
414
645
312
440
678
425
456
755
421
527
734
434
494
800
512
571
845
440
624
779
514
547
818
422
659
745
335
550
785
377
582
738
466
542
784
416
617
751
467
540
846
465
634
827
494
522
738
338
484
719
374
488
730
362
522
740
378
515
730
366
488
711
361
495
714
376
497
712
346
518
707
354
501
709
213
371
630
345
441
551
197
353
548
203
347
552
192
343
549
198
340
550
195
337
546
198
339
561
189
340
548
192
337
550
210
344
573
212
343
548
212
339
543
214
337
546
209
338
548
209
335
546
218
339
548
211
335
540
209
336
538
210
332
542
240
331
534
211
330
536
201
334
534
208
328
537
199
344
536
222
329
539
205
336
556
206
328
539
202
335
567
362
536
718
375
510
686
350
535
696
354
530
717
359
396
698
403
518
693
374
556
713
349
532
651
367
511
715
354
513
730
368
544
719
430
539
689
409
510
734
298
506
719
361
410
736
381
613
799
450
580
797
344
521
642
372
539
819
417
602
804
453
521
731
464
597
799
448
620
788
444
593
797
473
592
812
429
611
793
452
619
719
402
589
808
479
657
703
362
479
665
334
469
677
348
450
660
360
464
674
340
454
652
357
467
659
333
451
683
320
460
661
336
481
660
321
474
577
319
466
651
309
461
646
296
462
651
331
430
637
297
452
638
303
456
578
265
499
655
396
446
660
320
466
562
263
415
648
285
439
643
376
561
675
308
453
663
326
552
649
330
443
639
319
622
692
320
494
658
358
487
676
270
535
643
339
461
667
324
461
627
317
424
652
302
465
669
369
485
681
301
417
687
329
695
688
559
524
726
314
520
725
372
538
697
388
502
719
368
546
709
381
530
705
375
424
652
334
372
674
304
458
648
341
443
653
306
485
807
437
541
702
359
518
703
368
512
719
357
497
698
417
501
742
369
536
723
379
537
761
417
489
701
382
431
673
448
591
788
451
616
822
436
569
725
360
467
656
312
471
684
321
462
635
313
488
652
301
425
651
282
430
618
313
419
648
287
404
667
369
644
836
440
646
807
445
618
825
440
626
809
450
649
836
509
633
876
466
676
832
497
615
888
457
560
816
474
573
739
352
398
653
318
459
660
298
458
644
297
457
649
330
450
644
328
449
633
330
493
650
297
485
637
367
459
672
334
430
597
288
449
652
301
420
678
337
468
675
344
477
644
338
463
711
323
483
680
324
451
662
292
490
658
310
485
679
329
443
666
305
453
640
305
462
652
321
470
655
419
629
819
474
608
831
523
473
726
354
471
738
456
621
858
467
623
833
496
614
846
455
668
818
510
602
883
450
654
771
450
575
824
336
623
795
462
553
836
376
498
805
453
560
828
434
505
684
310
482
776
398
583
677
321
493
674
314
487
686
321
480
667
315
473
691
330
495
687
311
477
688
336
479
684
379
444
740
423
470
656
317
450
698
308
474
636
313
446
679
297
452
650
358
568
776
393
562
673
420
588
807
316
469
676
317
491
618
295
538
769
428
606
719
399
572
767
426
552
796
395
595
773
413
555
790
390
558
774
423
545
789
394
580
795
319
477
694
321
468
705
328
483
690
393
504
692
313
475
697
303
462
724
325
490
700
307
484
692
313
471
695
304
504
698
331
417
758
395
582
807
405
520
745
335
509
700
326
496
709
471
516
704
351
478
686
321
491
687
339
490
689
329
486
684
345
478
686
321
471
693
340
477
690
338
478
681
356
495
683
331
489
675
352
473
713
317
476
686
334
496
687
337
476
670
337
471
679
494
607
833
439
644
732
354
434
741
310
520
666
363
535
728
383
531
712
370
551
722
364
545
730
351
527
765
300
465
646
285
458
716
379
524
717
287
596
877
463
645
855
493
679
819
495
674
831
502
607
862
470
680
849
515
670
845
434
631
890
477
652
854
417
640
863
465
549
855
448
666
789
431
602
827
484
638
825
459
602
836
421
607
791
475
579
860
415
649
812
455
590
855
416
633
847
454
572
851
422
638
775
465
588
840
429
651
840
539
667
756
350
572
778
387
526
771
324
572
796
414
586
724
336
625
851
449
611
831
530
603
719
393
527
711
517
688
899
449
626
824
564
709
843
520
675
886
458
594
847
397
692
819
498
627
838
471
666
848
451
610
802
500
631
817
448
634
800
477
617
827
447
553
689
407
577
766
413
570
812
471
600
785
383
613
790
436
620
853
398
650
867
449
665
851
408
671
817
485
575
847
422
628
788
457
523
823
405
674
854
460
661
842
408
626
836
430
582
760
422
582
793
352
597
783
418
567
780
428
626
783
456
632
826
426
623
749
455
601
804
445
617
795
461
593
823
425
621
794
457
651
796
415
603
770
442
626
799
439
597
791
442
579
828
427
605
799
459
617
811
440
628
772
462
575
797
433
596
768
441
604
820
418
595
787
424
601
808
428
637
801
436
614
824
422
641
792
472
593
802
359
623
801
441
633
814
398
653
749
425
559
781
416
618
802
445
616
823
438
507
871
448
609
837
435
657
805
437
646
689
311
488
696
434
783
948
557
698
937
505
760
887
527
822
951
631
771
976
584
789
981
603
769
1019
593
800
967
611
763
1334
556
674
902
599
751
939
599
789
955
588
758
936
539
831
1008
448
638
869
511
641
843
501
615
997
575
736
895
464
625
835
452
636
790
456
633
821
439
641
853
460
604
838
414
598
834
460
585
814
425
654
822
482
674
889
527
696
958
481
740
829
372
709
965
412
730
754
358
539
738
332
528
717
343
533
722
361
519
756
351
514
747
332
520
734
332
532
698
339
524
731
308
523
729
315
525
767
348
565
756
336
494
757
343
713
922
431
509
734
345
546
754
370
527
769
342
542
762
348
514
748
584
624
909
499
591
770
346
519
762
369
540
750
355
545
736
358
525
751
339
513
749
360
543
749
339
535
846
426
633
886
578
742
928
438
782
928
598
742
1010
478
671
861
490
545
833
472
622
807
307
635
887
509
746
886
520
687
935
510
694
899
673
703
963
551
766
894
580
703
945
567
733
942
555
700
940
564
763
915
553
674
931
519
738
927
523
686
809
510
713
895
569
701
943
553
725
890
571
719
1026
419
856
819
604
638
945
426
725
935
473
731
950
533
716
874
676
697
930
486
633
892
567
784
862
513
686
849
492
668
868
349
640
801
419
638
894
524
782
894
533
651
938
469
754
879
433
715
942
531
763
935
548
689
932
471
591
976
305
777
834
508
682
746
506
704
953
516
763
907
536
711
977
542
755
897
538
686
932
496
746
916
570
703
925
541
766
942
582
684
903
522
778
947
557
691
966
519
748
890
520
669
959
480
747
905
533
667
953
491
718
857
532
619
948
519
735
847
494
670
942
439
723
846
503
690
924
508
722
827
526
632
949
530
745
904
549
717
929
511
734
966
563
649
935
545
726
866
564
730
976
488
748
861
553
683
940
498
722
930
579
665
998
439
733
907
554
678
921
463
775
854
549
671
935
477
690
882
562
658
939
466
768
861
523
681
947
504
763
855
531
712
984
478
740
892
537
697
940
470
766
892
448
717
942
458
787
846
508
653
927
460
663
856
466
658
945
438
739
892
494
642
895
476
750
941
531
680
948
453
713
840
454
658
960
475
760
840
479
675
938
504
716
864
481
654
808
429
808
813
468
654
850
466
680
821
458
695
823
366
531
748
478
600
827
436
644
860
422
670
958
490
769
962
592
747
930
487
761
864
530
679
780
483
654
871
436
696
833
475
642
876
390
645
801
467
654
811
446
691
888
479
635
847
452
655
858
444
634
855
442
671
835
444
627
858
498
738
909
464
647
861
459
666
830
446
665
849
451
688
837
444
659
838
450
673
864
431
647
836
361
678
866
455
629
829
420
700
889
483
698
871
428
709
888
654
845
988
509
587
900
462
650
875
467
637
854
478
697
887
481
587
849
436
614
801
370
644
809
418
630
807
473
651
865
436
633
816
439
640
832
461
618
849
418
648
756
442
634
853
419
622
849
444
634
834
418
602
960
453
722
898
552
657
951
451
771
864
538
686
958
439
763
853
494
662
953
498
728
884
532
685
916
512
721
926
500
719
975
516
677
744
529
718
984
526
729
917
535
694
950
533
734
936
509
711
946
557
663
938
565
719
980
513
742
942
465
712
1006
535
774
897
535
766
991
398
738
914
572
759
1028
520
735
968
542
695
897
540
790
972
508
746
936
507
764
813
488
759
978
540
748
904
565
748
1002
529
724
935
535
743
1025
537
789
902
520
741
997
521
734
949
563
760
1014
566
754
958
491
715
950
553
746
943
566
728
899
504
675
939
450
705
812
430
633
773
477
555
756
398
557
694
445
534
706
348
617
790
520
682
995
651
656
948
554
706
991
530
762
907
555
743
1012
463
786
853
448
656
885
479
656
842
476
661
887
447
643
831
359
545
743
337
538
749
333
536
752
344
528
753
352
547
718
338
533
757
370
541
741
331
531
743
304
530
747
324
523
743
345
519
749
365
514
726
336
536
762
372
534
724
304
514
738
315
554
746
328
543
736
348
548
730
344
549
733
299
535
737
340
500
710
335
517
720
296
527
712
339
547
749
317
520
715
293
529
731
323
518
732
333
529
745
316
541
717
325
503
727
315
523
735
321
515
740
341
547
736
322
513
732
311
543
720
334
514
701
305
508
731
360
511
725
431
679
879
485
691
876
362
567
766
375
559
763
361
577
769
367
560
768
350
564
782
380
574
789
364
549
763
371
573
773
363
571
760
369
569
786
364
579
770
358
573
767
380
579
896
370
567
769
361
577
746
402
601
804
397
615
775
421
571
810
378
596
789
401
581
799
271
455
657
238
449
665
362
571
743
362
568
752
349
555
759
356
560
767
341
579
740
376
555
760
372
572
727
392
561
751
365
567
752
389
557
766
350
558
740
371
563
758
366
567
746
376
566
765
334
540
749
359
532
746
351
570
746
443
602
806
417
599
799
416
597
815
341
605
805
415
574
763
384
632
757
351
539
744
340
545
757
349
537
755
334
560
736
373
534
764
357
549
733
374
537
749
350
553
734
371
564
745
343
554
744
358
569
756
335
578
744
347
533
744
342
548
743
339
524
739
333
583
733
376
526
744
384
582
721
371
539
768
347
547
725
366
565
734
351
584
748
363
570
766
348
571
665
271
468
657
248
467
652
263
470
658
243
485
649
257
453
657
247
469
645
259
451
650
247
464
646
258
452
655
246
464
644
256
452
659
243
471
646
258
455
654
241
471
642
251
448
654
241
465
634
251
448
648
234
459
642
251
448
646
239
464
632
264
451
647
243
456
634
271
445
647
255
457
635
250
446
658
253
455
636
269
433
649
233
462
633
248
455
695
390
543
771
280
450
839
354
573
771
378
540
756
358
558
746
345
536
763
338
561
767
371
539
748
351
555
734
382
544
747
340
551
729
367
568
755
348
553
730
373
536
769
357
566
766
360
476
701
272
474
297
324
556
370
350
545
292
507
495
315
457
644
485
464
703
530
464
673
481
493
684
433
454
673
437
460
745
534
563
675
514
550
718
370
516
673
404
426
737
454
522
690
514
470
732
497
560
703
487
526
710
496
505
605
378
390
505
337
495
710
492
469
724
459
545
716
546
484
710
453
555
584
382
358
628
427
392
612
406
419
585
423
446
526
416
431
602
443
428
543
450
403
580
437
412
611
427
416
499
355
501
641
474
442
543
228
221
441
245
221
441
242
222
439
206
220
437
210
237
431
203
237
439
232
238
441
209
232
436
207
329
439
214
239
435
209
234
438
253
233
435
208
234
433
200
228
433
200
401
644
452
420
603
382
412
626
427
407
594
365
376
598
380
389
588
372
420
583
458
388
577
407
378
543
426
435
605
433
386
602
420
431
601
352
391
612
413
430
589
434
435
670
458
429
707
413
432
615
482
456
621
387
451
550
382
439
595
384
301
640
452
444
621
479
421
637
400
446
618
426
417
625
401
425
601
468
410
616
432
422
598
447
417
640
421
415
613
407
444
617
379
440
619
387
418
618
424
427
569
392
455
633
374
403
614
398
427
664
358
399
580
371
426
627
423
387
605
374
441
610
407
405
619
403
439
614
386
449
616
378
403
610
438
448
631
402
427
625
419
422
575
314
390
682
525
480
720
534
514
726
387
357
524
370
357
633
486
476
621
487
451
643
434
408
605
421
388
601
403
395
598
418
392
604
412
500
714
390
567
705
534
518
733
483
524
720
432
532
751
471
555
709
529
510
773
466
565
477
341
429
636
420
441
672
428
444
625
454
492
684
508
528
688
478
505
710
467
448
619
380
403
642
389
426
596
323
450
560
392
428
492
402
410
630
385
432
631
373
402
638
411
550
546
318
363
547
354
349
533
369
343
539
318
344
560
362
336
546
316
342
573
277
332
531
340
346
529
345
325
538
348
348
520
314
352
533
313
356
553
343
378
694
349
342
604
413
389
555
317
365
572
349
330
553
310
360
561
324
346
577
318
367
558
330
359
572
321
370
572
326
362
576
307
359
558
311
350
570
316
363
550
316
359
563
350
358
571
372
364
586
367
401
580
379
378
579
352
382
589
413
387
542
305
312
591
334
389
602
322
376
529
331
391
621
376
355
612
394
428
685
312
371
555
371
357
574
360
361
562
369
355
737
465
350
559
416
347
602
479
522
731
480
501
629
465
511
532
365
341
605
490
499
708
355
365
596
469
498
697
497
515
696
457
377
568
334
358
672
415
539
727
492
512
684
503
528
735
542
540
685
498
563
728
498
463
594
396
375
592
362
377
581
335
402
570
356
366
573
316
360
567
296
436
621
406
316
564
344
381
575
308
388
567
303
348
856
450
514
688
480
505
571
515
521
677
496
457
715
470
503
674
426
412
582
402
493
713
425
501
700
497
355
636
402
402
621
374
356
652
306
415
565
409
361
653
380
427
550
396
366
585
318
398
586
315
351
548
296
343
564
322
362
558
314
361
573
297
346
540
313
368
574
350
379
541
303
337
548
303
394
539
318
361
539
298
356
540
317
343
553
281
371
554
305
370
546
294
402
536
294
367
554
311
369
544
291
395
647
453
499
697
458
500
720
420
517
708
451
478
741
454
511
704
447
532
727
471
527
713
470
537
709
959
501
590
350
373
590
364
406
588
355
392
587
353
384
563
355
373
578
425
384
563
387
372
579
327
410
574
346
376
596
354
393
574
351
392
586
331
393
570
337
383
584
374
420
573
329
390
576
323
376
571
336
370
597
420
385
583
327
377
514
283
538
815
537
536
747
431
371
620
380
571
755
524
565
788
386
443
721
408
375
689
412
463
704
400
488
685
410
466
705
393
491
694
411
486
719
410
483
670
411
484
679
416
508
680
421
490
702
408
496
663
396
510
694
405
501
674
366
484
721
349
410
603
314
391
613
348
421
617
335
389
585
307
306
498
209
275
490
215
267
485
215
270
491
210
273
480
231
268
469
211
268
460
202
267
481
206
271
478
202
272
465
206
270
476
207
267
471
211
269
462
203
266
469
244
311
767
373
519
758
463
528
745
548
580
754
530
532
795
491
590
746
530
575
822
462
606
758
481
553
814
471
612
758
372
447
758
462
525
584
350
426
635
463
537
745
427
556
869
450
525
533
345
441
668
373
449
642
389
468
635
363
468
641
354
450
632
378
444
638
402
461
674
289
459
636
352
451
635
363
429
640
385
433
638
350
460
646
389
468
659
378
323
608
354
395
566
340
411
600
322
380
623
346
388
740
252
436
549
338
460
615
381
397
672
431
452
697
415
378
684
308
454
562
383
431
666
382
451
594
384
398
596
346
380
598
306
395
608
324
397
621
303
398
604
403
532
769
491
552
757
497
546
766
483
575
757
465
538
780
445
565
751
472
566
762
436
558
782
468
559
770
439
541
791
463
552
763
425
563
752
503
553
760
407
559
741
464
465
819
328
322
628
438
419
582
316
394
558
262
347
632
356
421
604
346
488
673
397
427
654
344
388
607
316
390
585
318
387
602
338
385
589
327
395
611
337
407
587
317
410
607
311
406
569
326
374
601
312
398
568
331
387
596
290
412
610
322
393
638
369
408
605
344
403
598
341
509
686
421
499
706
401
526
683
449
500
697
439
425
570
321
402
593
306
402
578
315
384
594
305
393
568
313
378
586
300
403
569
337
383
581
301
400
575
315
390
578
325
406
571
309
381
627
294
383
572
351
299
563
239
330
623
337
403
618
318
397
580
321
391
599
304
387
601
324
390
608
333
417
590
330
419
596
342
396
581
346
377
606
316
387
608
342
404
594
362
404
638
432
509
697
360
480
589
312
396
583
303
387
588
325
377
589
304
397
564
304
374
587
307
395
561
305
379
584
334
398
573
303
378
578
273
373
564
320
380
586
299
382
571
307
359
580
320
390
549
323
320
595
304
395
587
322
362
603
300
395
618
299
365
594
293
402
571
309
381
591
332
408
576
292
380
598
311
392
580
335
385
585
296
386
603
300
383
594
294
401
576
305
386
610
327
415
582
307
374
605
260
374
568
295
372
597
319
393
573
316
376
587
300
383
593
323
373
596
311
381
570
315
377
586
314
379
576
327
366
623
336
394
617
317
373
579
284
379
614
328
369
599
276
379
572
286
440
608
285
388
567
324
408
595
304
374
573
296
418
602
304
382
609
300
389
681
281
409
588
306
384
598
270
396
588
339
395
597
283
402
609
306
389
590
299
404
585
300
394
585
271
400
582
290
405
610
262
401
550
338
401
584
270
394
596
289
427
594
261
394
600
299
382
588
262
393
574
308
385
592
307
398
593
288
390
578
262
395
573
341
389
608
286
397
608
350
406
597
304
394
607
342
385
599
257
393
594
308
385
572
335
388
579
305
382
599
280
426
584
330
416
626
251
432
614
326
363
627
243
416
606
325
355
625
276
436
598
339
396
651
284
455
564
327
444
630
317
434
626
324
415
598
328
437
622
341
446
643
291
434
605
348
432
634
348
425
662
324
445
637
273
438
627
325
428
653
284
436
639
312
429
636
354
429
627
329
440
628
345
410
612
316
453
650
345
414
642
318
417
636
274
431
620
353
434
616
317
439
636
326
421
647
385
453
643
313
437
643
283
431
646
383
401
621
343
432
614
268
350
609
338
419
640
351
404
640
332
421
633
348
424
644
314
459
654
331
416
653
311
432
692
337
413
635
323
448
687
315
422
645
366
428
638
321
430
628
373
432
628
328
427
643
359
432
564
318
430
659
335
429
618
329
427
635
329
430
619
366
422
636
290
447
635
315
425
642
321
471
682
342
440
668
287
431
637
312
425
632
325
428
617
323
419
624
325
416
630
341
423
645
298
429
625
359
448
624
285
415
628
259
411
633
336
421
647
326
423
637
339
427
613
355
422
624
300
474
622
322
419
664
321
438
612
305
436
625
331
424
605
341
435
615
297
428
652
341
434
613
324
436
609
329
427
627
329
426
613
324
447
627
303
427
627
331
408
643
299
435
612
334
440
644
334
432
661
318
430
647
335
445
652
415
517
704
420
530
662
335
421
626
308
439
621
331
423
642
320
425
630
353
515
659
291
433
626
325
449
644
291
427
545
331
424
639
291
457
606
329
437
633
264
445
624
322
414
632
308
451
629
324
409
623
317
433
631
314
425
628
347
439
625
329
436
624
352
426
626
318
438
629
309
432
606
306
413
641
256
420
623
309
455
660
277
451
619
304
433
665
326
454
628
332
454
624
330
444
624
332
433
646
267
490
620
269
430
529
261
419
618
324
386
608
251
440
696
295
402
645
308
429
645
349
521
639
267
431
659
347
520
644
264
301
617
321
422
626
262
467
635
349
483
683
354
510
707
442
504
683
322
474
681
397
556
714
320
561
758
426
518
710
525
461
773
339
443
615
240
437
617
294
421
610
244
405
606
295
401
616
258
431
593
300
402
614
246
414
593
326
401
632
284
427
589
340
408
618
284
444
616
312
438
615
258
412
596
321
434
638
296
428
612
338
420
663
274
409
676
422
403
653
397
512
712
421
448
550
215
343
520
217
353
536
240
452
645
398
514
770
431
593
790
460
565
770
420
584
773
459
585
805
416
595
763
466
621
769
411
591
644
407
545
641
297
464
636
320
498
722
262
441
645
322
465
657
292
453
648
322
456
654
367
440
619
288
428
627
288
579
636
327
442
658
300
436
664
329
427
638
259
431
680
292
401
630
283
424
636
300
431
768
268
563
796
345
455
659
247
448
653
318
423
643
255
431
632
314
424
649
268
437
606
328
424
640
339
437
628
318
416
655
412
441
621
341
403
629
295
426
618
308
398
628
259
425
608
310
402
639
314
421
617
307
417
638
326
519
704
395
500
719
224
499
684
412
494
685
329
490
688
380
375
697
337
510
684
384
505
700
348
582
668
506
548
790
467
652
853
526
665
783
338
945
594
289
585
723
425
624
800
523
630
797
468
632
846
518
676
793
540
657
823
394
607
737
290
558
866
512
717
807
538
674
851
534
548
824
406
589
774
464
594
820
399
595
815
466
632
800
435
620
804
443
603
795
242
588
783
468
602
807
948
606
792
431
410
796
361
542
719
367
504
757
328
527
706
371
497
703
343
503
712
366
498
705
325
507
721
374
484
699
338
504
685
366
505
700
333
508
765
372
484
701
343
513
706
369
542
727
337
505
723
386
507
700
335
502
693
375
512
709
338
569
704
440
511
729
339
502
710
387
602
725
366
503
694
423
574
796
344
525
643
347
482
721
304
559
720
416
574
739
382
579
672
425
514
815
369
518
725
400
607
660
231
489
674
411
531
677
308
438
748
386
528
636
310
523
705
367
544
625
352
538
708
353
533
665
353
522
741
380
427
717
329
529
703
391
547
710
377
527
747
412
510
725
352
524
715
427
507
726
288
456
659
330
468
663
287
465
653
349
430
614
281
447
648
335
476
658
275
445
647
378
521
743
370
554
577
489
514
758
525
678
740
399
502
711
329
506
683
414
610
807
342
524
711
387
525
692
318
512
724
396
655
717
337
577
755
383
528
698
312
495
669
361
507
695
317
495
676
360
511
696
318
499
696
361
508
691
309
524
684
376
514
700
309
511
685
372
507
690
366
536
687
305
461
645
269
466
617
320
459
645
284
451
627
342
454
736
396
682
736
299
499
642
240
365
523
213
363
550
213
348
658
393
539
690
369
479
1042
364
554
662
264
443
580
318
450
651
256
451
631
331
428
639
265
455
625
321
434
640
254
480
608
310
423
626
255
454
626
303
430
636
255
436
633
316
437
625
250
441
634
302
426
642
251
439
622
304
434
642
253
481
628
312
457
626
277
454
636
310
436
628
249
436
617
306
459
628
241
425
621
311
429
621
252
470
633
338
437
643
274
525
707
430
564
673
271
441
659
343
459
666
278
468
640
406
493
724
345
548
576
217
360
558
209
361
548
215
364
571
213
358
544
208
352
557
209
583
714
383
504
702
339
552
733
386
624
714
326
521
716
373
506
689
314
505
683
358
544
703
343
526
717
364
533
738
334
536
720
365
515
728
363
527
728
378
526
741
324
508
665
313
378
693
214
495
759
435
556
698
315
488
618
267
469
714
283
458
660
331
481
681
313
472
673
330
470
682
275
489
679
310
495
668
272
477
668
317
479
698
215
400
710
325
494
685
326
438
735
396
545
727
333
509
710
412
481
607
347
497
660
323
467
660
323
505
653
331
552
690
311
478
649
323
437
679
268
459
659
310
446
656
270
457
637
357
447
641
262
448
646
217
350
554
223
358
543
220
353
552
208
367
630
342
481
711
295
490
680
357
436
675
286
469
678
324
521
686
304
507
700
365
490
772
288
508
692
332
520
701
253
503
695
344
505
716
307
522
730
352
529
681
287
505
695
327
487
756
296
532
689
341
542
700
284
510
681
342
486
703
294
515
789
339
462
710
332
501
662
308
471
625
269
472
655
321
441
666
283
474
649
330
465
674
260
486
654
329
448
681
271
464
644
336
463
664
256
469
656
315
441
665
259
492
669
311
441
672
270
447
620
332
440
813
320
504
669
329
425
605
223
365
622
231
359
574
212
357
561
216
360
562
209
355
563
223
371
563
206
352
570
226
380
870
215
387
560
216
377
572
204
382
558
211
371
562
220
377
552
220
487
668
298
398
561
234
376
659
271
497
667
329
491
674
282
502
697
332
489
693
281
490
740
323
483
697
273
490
690
321
496
704
275
496
677
346
481
684
259
488
670
300
462
678
275
475
671
301
496
689
272
476
667
321
457
682
273
636
680
370
477
679
277
482
616
250
365
585
219
369
569
225
366
578
221
479
667
339
473
695
328
501
696
395
547
683
273
387
571
229
378
574
209
381
561
220
384
570
207
386
561
213
385
577
246
607
676
326
461
679
265
482
651
314
401
669
261
463
664
314
474
621
210
422
601
318
463
669
255
490
664
329
455
665
217
472
678
313
476
585
217
587
690
333
430
674
260
501
655
332
492
667
251
488
642
310
476
689
251
499
661
309
481
682
266
489
668
346
477
682
243
499
661
342
461
693
282
480
658
302
406
631
216
492
648
487
384
576
209
377
569
228
366
578
211
370
561
228
366
576
205
382
585
225
360
583
205
381
563
212
362
574
206
374
559
221
366
570
203
367
555
215
399
578
210
370
566
224
363
573
220
371
579
216
364
595
205
361
580
214
368
580
211
458
613
327
442
694
259
423
672
325
485
599
227
424
673
433
556
757
382
507
692
332
515
762
288
512
684
326
513
714
289
530
691
323
507
699
283
500
720
361
544
631
235
404
641
212
392
583
225
384
573
203
383
581
201
391
579
224
385
577
217
386
576
252
404
583
222
382
578
226
392
575
217
389
563
218
379
579
218
389
587
217
381
570
217
385
622
218
408
601
216
380
627
219
381
578
220
376
584
225
388
592
209
383
582
215
375
584
212
378
570
216
379
594
216
382
572
252
512
718
296
481
671
320
504
700
276
519
650
313
482
678
278
480
682
318
524
709
236
409
593
227
395
609
213
392
580
234
402
611
214
385
575
227
399
599
207
381
597
220
400
605
237
419
584
227
373
599
203
407
621
217
388
603
203
403
584
238
398
602
224
405
586
245
411
593
222
401
580
248
389
605
233
407
578
241
385
602
236
430
574
224
375
582
219
387
563
222
381
581
201
384
575
223
376
581
207
442
762
393
610
765
405
559
772
397
571
789
350
633
805
431
574
849
369
598
783
399
570
766
368
594
782
423
573
768
341
615
781
395
560
791
372
587
799
386
568
807
344
569
766
380
538
772
367
583
774
401
556
754
369
595
764
404
566
805
381
580
787
418
568
780
372
567
782
417
587
805
368
585
787
402
562
801
318
597
768
402
539
712
224
434
766
343
544
702
332
551
712
275
450
660
255
491
751
415
573
767
364
549
763
412
539
755
328
482
777
374
544
740
342
540
745
380
536
870
337
553
734
322
574
743
325
577
782
373
551
748
277
494
674
310
461
802
386
589
790
535
733
796
505
669
860
525
581
714
337
580
781
394
540
759
356
556
725
358
541
739
322
552
873
370
541
753
330
552
723
361
551
754
327
568
738
350
539
755
311
548
753
371
551
746
336
513
740
361
554
734
308
539
759
369
532
723
356
541
725
362
536
711
323
537
742
311
545
749
313
539
757
379
549
768
342
484
762
380
527
769
332
542
738
372
542
747
361
533
739
369
554
994
595
592
750
368
505
749
334
553
748
378
568
748
328
552
717
389
582
758
342
589
697
378
582
790
332
542
758
377
570
787
331
571
753
390
565
781
324
575
792
391
579
688
341
528
751
368
580
724
399
580
769
395
537
690
328
596
735
371
446
780
388
591
751
390
541
703
350
555
776
373
587
718
312
584
787
382
563
771
321
502
803
383
544
711
325
577
749
373
555
707
348
601
761
404
579
711
368
546
768
385
550
743
345
559
750
373
574
706
349
546
734
385
558
694
334
504
760
376
542
699
364
586
744
378
544
696
334
548
751
387
574
750
339
537
746
388
611
797
337
541
743
393
547
753
344
543
734
384
604
697
325
551
739
396
537
775
329
584
758
385
574
708
385
399
613
205
409
718
279
526
674
305
503
690
258
545
694
317
514
715
261
539
690
323
497
705
261
514
693
262
510
707
271
523
695
296
507
714
274
516
683
292
504
701
258
508
674
317
514
689
256
508
679
298
483
689
261
511
725
412
528
659
288
510
693
328
499
687
276
515
675
331
519
684
275
519
692
298
495
687
264
496
673
315
506
686
267
509
695
307
507
680
274
495
684
331
492
711
279
480
692
303
491
715
255
512
686
310
507
716
282
517
699
253
527
705
264
509
695
325
501
687
253
487
701
295
492
710
269
490
694
399
532
781
330
555
785
368
580
718
326
566
712
356
565
821
376
