803
1154
399
621
466
507
684
527
475
596
478
523
685
442
518
708
433
514
625
524
491
715
510
448
690
460
500
782
1084
515
689
490
508
712
544
468
603
579
451
662
502
557
835
428
522
668
395
477
686
490
398
682
405
421
614
475
527
769
489
617
682
499
598
808
514
537
746
530
500
741
585
550
665
479
491
775
502
562
701
488
623
729
565
481
696
648
444
1250
566
581
733
524
463
694
584
515
723
486
431
687
517
536
768
556
444
689
467
474
643
446
607
649
462
495
724
1114
480
724
616
449
649
688
417
734
485
540
720
568
547
792
518
583
791
492
520
720
496
625
707
646
412
800
481
408
789
413
1094
678
431
794
591
554
700
693
499
527
593
389
408
786
403
421
722
411
1183
647
394
617
719
425
646
672
398
433
786
728
509
882
466
556
621
575
1140
711
528
500
757
540
476
741
674
497
673
455
394
1250
431
465
623
475
1405
713
532
508
765
798
1191
667
809
550
639
502
455
1272
508
499
684
516
406
931
464
610
663
571
420
630
782
541
696
396
463
1420
516
694
796
607
581
610
416
605
633
482
444
675
897
453
848
577
535
1553
466
498
728
459
621
670
408
497
601
367
398
572
385
408
616
621
505
729
434
479
703
442
613
772
583
497
764
473
573
684
511
601
651
592
494
692
492
528
877
639
480
674
438
440
748
487
528
665
510
675
647
472
451
763
545
542
733
492
421
702
490
664
729
513
614
697
472
620
829
522
478
711
538
577
690
472
499
802
483
544
735
497
543
743
469
606
702
487
520
764
506
417
724
472
471
771
489
633
707
452
532
609
441
526
669
461
448
720
507
565
771
555
635
726
461
580
777
573
521
722
544
584
684
429
670
1360
672
807
855
508
493
678
540
647
693
446
568
684
473
457
735
494
503
689
532
563
756
590
522
667
567
512
692
478
460
707
613
613
767
430
588
669
518
598
683
500
495
648
411
491
767
390
523
578
462
560
814
509
520
765
467
494
735
568
502
781
601
685
687
588
678
842
432
685
788
487
514
800
572
647
772
512
493
689
451
565
707
485
558
663
412
500
639
606
765
711
464
496
726
511
602
732
573
519
811
450
450
656
436
580
773
528
541
825
496
508
610
513
570
751
497
455
647
542
448
600
444
409
609
469
480
606
379
387
586
406
593
753
493
536
791
572
555
767
589
465
787
519
545
779
652
502
588
483
519
636
538
547
788
508
533
747
529
565
831
557
440
716
438
482
787
446
615
670
383
496
675
487
577
658
481
451
663
398
591
666
399
496
688
459
509
668
401
458
761
396
423
651
494
527
671
447
477
611
626
523
849
614
594
935
504
830
759
574
536
664
476
536
750
482
509
724
532
511
743
543
556
764
392
464
742
560
587
824
503
429
703
591
550
822
486
522
749
580
616
829
619
503
599
464
466
738
444
495
601
465
478
699
384
517
668
524
465
702
513
494
670
517
457
675
402
548
702
671
604
726
524
712
684
587
546
622
389
507
678
519
695
697
463
436
681
444
481
794
445
434
618
452
442
710
582
544
766
585
521
848
585
556
661
451
479
718
483
466
712
605
458
704
545
452
742
556
567
733
484
564
800
493
661
759
484
646
810
590
626
772
520
609
836
552
620
758
430
566
762
538
606
853
433
534
736
476
508
728
498
597
739
499
584
687
552
589
717
472
547
696
486
481
665
458
518
735
497
468
756
461
515
654
409
476
758
494
512
681
404
645
741
673
611
880
551
564
658
516
556
756
460
488
647
393
497
652
391
471
624
358
512
699
443
617
672
474
433
740
511
567
736
455
535
766
541
562
726
436
589
820
489
563
732
447
448
836
435
551
655
488
500
640
435
544
720
471
541
694
469
605
832
358
578
816
399
543
618
399
507
641
435
451
701
384
490
726
452
542
747
492
563
776
407
638
816
561
514
742
462
482
797
456
624
674
473
679
711
554
586
783
431
562
722
434
608
823
482
642
741
604
626
664
485
438
733
389
542
758
428
612
678
445
615
790
484
474
660
372
550
765
416
572
678
415
574
722
522
628
765
518
697
752
471
581
713
436
523
705
429
511
629
378
534
623
318
387
710
436
604
766
565
635
838
450
507
775
478
495
664
392
592
767
386
651
862
422
499
891
471
572
717
485
594
797
496
481
688
457
674
856
565
566
744
459
549
773
465
557
800
485
563
767
454
556
728
484
558
885
442
552
703
473
523
707
474
472
757
490
556
735
436
572
748
404
591
718
421
481
768
444
655
790
494
572
773
481
577
684
436
607
748
459
664
927
560
561
653
403
540
781
549
557
901
408
551
669
540
632
955
451
569
780
628
580
872
387
462
776
522
524
922
510
607
640
580
426
860
523
606
794
459
518
819
447
595
758
453
600
876
554
550
723
405
469
705
341
527
755
460
514
788
481
795
777
482
587
762
375
515
658
496
553
739
357
583
690
445
463
752
397
538
695
460
531
720
506
562
740
434
545
730
453
590
662
506
479
756
411
621
675
449
463
742
389
538
703
385
486
679
469
458
728
477
535
674
406
460
683
430
537
646
391
585
771
514
505
719
401
507
704
557
582
749
396
508
698
378
435
668
429
467
694
481
479
752
423
493
752
552
436
852
552
575
751
498
585
825
527
533
786
539
578
663
504
668
828
563
788
640
469
604
760
401
427
679
285
382
661
337
452
648
365
461
755
459
424
650
438
458
671
379
526
673
364
408
615
311
399
722
335
501
632
337
435
674
344
506
601
699
622
777
508
530
741
496
446
692
387
530
649
435
592
695
431
518
727
459
459
805
459
464
690
394
472
741
440
512
664
415
589
626
376
530
762
458
474
742
359
452
723
387
695
795
362
492
902
544
628
741
522
590
841
487
598
802
658
555
710
474
1023
1057
743
703
733
534
560
734
413
561
831
474
577
838
494
650
717
484
594
754
553
560
834
570
589
796
471
578
777
491
618
692
485
559
847
618
626
829
466
525
808
443
592
740
585
574
764
609
516
820
414
554
712
597
468
740
513
579
852
469
560
706
462
499
772
489
571
769
521
587
771
519
595
777
577
468
743
497
437
810
432
640
820
476
554
764
553
614
798
530
602
799
569
588
853
486
545
744
387
488
762
461
692
708
515
594
787
472
637
759
557
559
816
475
569
791
548
596
869
371
568
817
465
636
795
394
539
823
601
595
835
481
553
708
525
676
846
421
749
667
390
559
799
457
604
700
486
483
767
570
595
823
356
575
861
612
580
801
445
536
772
554
565
715
469
517
742
534
730
732
462
575
603
523
723
779
533
572
808
421
528
664
376
605
821
467
526
635
490
488
674
344
547
706
470
525
646
364
442
749
434
472
662
608
742
793
462
488
733
448
551
741
445
577
1111
505
560
663
532
574
781
448
528
627
347
508
688
382
465
796
384
442
632
338
413
637
342
422
738
436
477
635
400
550
616
429
561
656
327
503
702
351
414
670
370
488
642
392
406
626
352
556
714
445
624
670
397
455
630
331
536
646
369
402
772
444
456
678
330
398
681
303
406
662
421
505
670
418
497
768
399
529
694
439
447
698
368
544
751
397
571
675
368
472
1219
596
1051
667
481
564
657
461
462
728
359
567
687
439
417
618
336
381
635
325
392
666
327
406
736
531
604
748
433
471
714
468
584
721
413
534
655
377
540
757
356
529
683
384
608
838
589
511
730
470
621
866
477
624
789
427
656
688
498
512
725
366
664
746
395
445
653
359
505
667
369
515
656
438
506
643
630
602
839
375
433
647
347
442
755
377
642
753
499
609
839
552
537
762
409
474
643
339
496
639
438
618
663
815
626
967
707
606
667
438
607
904
445
747
644
449
714
997
618
624
814
419
611
718
387
583
812
453
568
707
462
507
814
553
608
832
526
556
792
377
523
871
513
605
725
517
597
867
502
537
802
569
572
881
378
554
714
479
423
662
391
435
605
473
473
758
442
560
707
461
463
758
381
595
772
453
493
757
398
480
622
485
526
860
540
617
714
427
580
853
537
626
892
487
534
819
533
648
796
504
601
751
551
675
757
702
650
896
519
473
809
506
534
910
463
507
822
462
590
800
559
529
635
434
421
689
386
479
685
370
417
695
382
420
738
361
550
746
444
561
808
472
590
751
368
493
808
430
557
750
506
681
878
425
621
925
559
683
847
469
484
765
469
547
820
458
587
899
597
703
896
448
565
787
536
545
735
693
596
734
588
618
967
531
577
685
419
627
763
491
586
756
489
500
650
432
504
700
423
539
675
434
457
766
347
493
756
366
477
742
436
510
681
408
486
788
385
437
701
361
481
759
451
541
700
463
482
699
463
548
781
466
463
751
353
585
689
367
486
719
342
553
702
480
519
689
377
593
708
412
633
751
607
583
711
397
447
727
437
623
845
477
502
705
411
689
773
568
601
810
546
700
882
484
650
814
459
686
828
493
667
954
441
584
781
521
509
820
498
576
692
373
553
664
323
526
615
337
534
729
430
456
797
415
516
796
391
989
678
657
664
866
513
666
757
483
463
787
518
766
860
573
548
773
521
685
895
604
702
688
512
719
830
422
521
756
452
524
803
379
527
895
454
640
740
466
521
830
457
640
764
446
586
753
409
577
803
551
591
816
517
592
833
398
533
879
486
674
904
521
628
816
385
493
757
414
652
825
515
578
765
493
611
812
468
610
732
445
531
784
423
652
747
574
524
787
427
536
797
419
586
729
483
577
814
534
608
785
477
548
863
461
519
717
381
577
829
395
593
746
405
553
876
409
505
758
410
581
728
477
625
723
519
640
934
507
695
709
402
524
822
488
569
857
561
677
661
446
529
719
605
608
696
346
574
781
383
510
755
546
663
746
455
571
764
407
749
721
386
495
749
432
613
813
439
510
855
519
753
904
513
539
967
427
544
845
392
672
721
442
453
687
493
614
817
397
637
1012
580
614
796
471
611
845
500
685
817
400
582
758
526
632
977
509
585
786
480
612
804
473
606
808
531
549
734
475
672
810
389
594
830
411
632
764
388
532
793
462
544
913
633
560
856
559
775
923
475
652
746
478
644
724
504
501
777
379
632
927
521
518
907
542
670
707
490
567
752
386
582
775
379
514
764
384
516
683
446
531
871
449
580
773
402
612
780
460
618
711
521
531
809
382
596
780
476
580
839
406
605
924
486
556
804
502
619
784
462
462
672
371
474
887
476
913
866
482
601
889
471
623
799
359
610
769
434
579
836
552
523
694
431
729
822
573
625
832
493
549
855
472
663
879
425
628
932
523
662
862
431
560
776
544
561
707
456
621
733
539
810
1011
513
629
750
488
529
888
524
669
778
455
598
891
515
648
782
429
519
945
497
809
881
397
631
888
485
619
823
414
622
785
417
742
854
563
647
858
415
662
824
525
679
878
484
563
737
389
575
756
390
572
723
431
547
825
539
636
1010
441
718
853
557
536
774
539
528
869
512
531
830
534
665
917
588
516
800
554
708
934
517
746
887
485
631
832
420
709
758
413
494
879
562
598
858
510
732
701
372
552
819
476
603
925
438
687
807
486
631
805
496
590
827
382
626
693
459
542
820
474
689
693
468
562
772
366
627
834
461
584
874
396
537
742
490
612
786
477
613
840
503
615
944
483
625
853
366
569
771
511
595
826
409
459
900
520
684
817
535
627
2910
442
555
890
557
756
809
440
678
827
440
686
949
592
724
915
501
686
1036
665
784
728
476
473
785
483
492
837
464
550
790
443
622
752
419
656
764
474
601
776
427
568
829
601
529
693
510
584
824
462
515
691
594
530
798
379
628
776
504
574
763
474
721
908
455
582
805
416
632
705
507
575
764
457
642
791
463
593
817
440
626
791
482
640
820
447
643
800
538
604
828
447
523
687
378
460
854
455
532
769
515
621
829
411
691
709
455
650
753
494
566
762
482
550
806
472
637
810
527
624
814
459
578
858
489
575
847
434
619
867
562
610
820
400
557
842
512
661
740
382
620
709
549
630
955
501
639
974
496
697
881
491
701
839
624
625
840
569
625
805
482
542
887
484
596
800
456
532
685
374
666
880
520
556
745
498
631
808
423
532
695
335
544
772
445
680
734
430
621
799
379
708
837
417
687
829
556
584
893
466
699
893
816
621
842
394
642
810
466
590
817
385
538
830
474
575
791
433
652
736
395
540
821
449
705
796
473
639
768
532
592
746
416
612
811
453
555
725
458
692
818
452
647
810
437
632
840
575
626
871
414
497
829
482
511
813
409
518
719
450
558
825
404
514
845
377
621
762
502
501
734
472
494
707
499
536
861
418
562
683
412
483
694
351
542
713
547
615
845
473
660
824
440
515
849
483
646
704
502
517
894
475
659
837
339
947
934
446
647
847
358
539
839
442
665
680
491
497
727
566
499
887
373
668
778
324
528
729
416
475
807
408
622
820
499
631
801
381
706
762
506
732
906
612
726
827
544
638
875
569
629
766
537
715
907
490
622
716
452
655
877
404
528
770
484
555
855
459
534
721
453
592
717
444
555
832
517
577
779
503
727
776
578
629
878
393
675
901
502
641
795
600
545
905
560
622
840
400
609
759
515
501
802
408
521
709
939
720
819
496
657
780
405
659
926
504
593
854
540
535
717
351
507
664
357
699
722
336
657
753
453
532
732
556
688
734
467
550
799
546
664
891
489
665
735
396
543
744
514
522
827
362
472
660
384
434
657
321
489
686
330
646
748
492
543
672
366
540
835
348
618
750
396
571
808
378
493
738
545
620
730
492
661
732
418
629
723
470
575
863
380
596
816
516
619
882
433
536
847
484
721
840
527
694
825
471
604
972
481
643
953
505
647
967
505
672
722
475
604
857
532
719
822
505
578
869
481
682
868
526
697
870
446
646
877
500
695
935
420
642
871
604
730
1035
578
684
733
474
684
895
513
613
788
500
634
777
408
789
904
574
706
734
464
665
752
464
751
880
657
741
862
505
746
926
349
711
771
516
729
869
348
658
791
597
727
960
427
671
891
599
540
879
534
695
767
384
526
883
608
608
788
571
541
790
396
510
855
463
671
733
606
654
918
453
536
721
502
531
821
482
745
962
568
727
896
568
661
924
550
735
755
602
586
752
408
678
725
495
561
852
377
662
738
517
630
818
476
733
841
483
633
774
402
671
766
380
674
803
432
688
861
494
656
856
487
668
887
341
527
711
368
707
709
490
712
745
461
612
830
366
598
783
378
510
690
363
485
780
382
527
692
366
553
735
353
513
722
491
682
814
432
655
898
461
696
899
543
727
873
428
656
948
558
592
800
387
579
761
413
497
696
355
581
774
382
629
760
455
541
726
372
536
757
406
513
826
387
643
748
460
535
865
404
528
719
440
598
805
389
565
717
352
576
747
379
614
785
370
533
751
363
493
693
294
570
899
477
598
740
316
485
739
330
578
676
417
506
688
308
490
693
337
474
775
408
503
722
398
571
804
432
601
800
450
624
785
445
610
792
420
612
733
397
554
739
375
535
834
370
661
807
475
547
728
368
514
685
346
504
697
337
489
704
334
514
701
353
508
679
288
499
702
348
484
669
337
505
689
341
492
762
397
607
821
419
680
832
393
548
674
372
599
853
541
579
741
365
646
714
355
481
715
363
539
719
348
587
756
394
521
742
371
607
778
377
614
732
444
555
737
398
547
766
371
530
684
365
524
719
388
532
735
366
517
705
520
630
876
510
552
842
555
680
873
474
700
869
349
573
760
373
661
768
424
822
834
468
512
826
412
586
764
481
493
839
413
637
793
329
559
824
396
505
770
475
547
911
510
601
780
502
583
852
426
634
803
477
614
785
425
591
832
403
583
739
363
529
853
365
656
729
348
542
838
370
598
750
365
544
839
400
667
820
346
600
713
434
532
806
457
593
745
490
590
837
383
628
833
427
623
737
449
615
838
393
620
805
448
543
740
664
581
860
491
730
985
599
685
898
524
573
936
530
776
884
490
916
945
704
717
884
450
550
934
494
738
877
656
633
814
360
703
831
504
649
902
384
661
719
516
515
704
385
530
765
418
599
807
373
497
693
370
556
712
514
547
754
360
579
854
452
526
717
374
517
728
344
627
724
359
554
836
371
649
727
446
545
719
346
509
752
355
510
733
365
583
717
422
573
792
368
603
739
438
586
917
386
639
842
543
633
898
495
501
722
335
494
870
413
626
748
405
550
810
463
553
702
347
661
880
653
859
1218
471
635
814
584
699
1067
588
710
935
688
775
1012
574
738
784
460
678
1022
509
777
1040
778
625
769
556
621
956
505
761
876
341
500
749
366
499
864
488
655
800
374
532
852
471
646
819
467
598
862
405
533
732
410
551
739
341
524
723
323
501
729
320
514
696
320
553
748
317
503
716
326
495
709
320
508
707
323
532
753
369
694
812
553
553
748
350
671
842
465
630
874
374
738
871
448
542
850
345
1421
759
395
537
798
445
643
877
387
617
730
465
601
731
438
529
717
422
666
745
352
569
822
363
571
742
335
550
751
353
684
822
444
764
832
524
683
910
417
621
872
491
712
768
388
601
863
469
688
859
509
565
855
417
534
780
485
664
760
364
582
726
389
665
783
362
556
737
426
651
816
450
562
772
331
643
782
419
571
769
401
741
937
587
743
961
503
691
1051
563
589
803
543
536
885
379
749
1039
498
812
946
626
734
718
366
513
724
368
636
875
419
697
874
511
692
937
436
696
902
493
707
930
455
725
842
562
724
920
486
567
757
514
557
785
350
488
786
529
674
888
529
692
909
451
657
915
538
725
887
450
565
898
473
634
851
501
767
911
495
772
788
491
727
798
427
646
830
445
727
861
389
679
903
544
643
829
338
554
900
601
614
817
435
782
949
491
697
848
458
735
793
479
711
809
469
631
922
497
617
853
474
754
967
605
787
970
539
744
812
396
646
787
463
659
841
336
687
873
441
767
936
396
710
793
459
690
899
415
630
749
348
613
730
290
556
714
353
521
799
331
538
803
374
539
910
482
674
847
419
564
760
484
661
829
491
658
769
323
587
735
354
599
770
301
521
685
323
517
754
442
708
831
485
720
927
481
705
953
583
725
933
368
725
944
437
754
983
584
801
865
545
723
919
586
669
916
423
735
910
376
699
906
519
753
942
551
862
887
616
731
947
585
706
816
486
780
885
603
760
795
417
690
867
597
723
811
485
613
904
616
722
932
422
708
861
547
737
958
485
746
847
441
680
850
478
610
790
458
619
737
378
621
788
367
674
828
508
641
827
517
625
786
407
601
883
429
681
911
397
586
754
384
550
747
474
657
734
301
529
699
327
540
752
496
701
846
542
731
897
498
668
863
516
660
842
509
675
896
510
658
903
540
709
900
567
702
921
550
726
966
511
605
858
513
720
937
552
796
916
566
667
866
483
627
835
471
667
888
483
635
832
421
638
844
479
646
851
381
699
774
495
510
742
324
496
757
387
685
773
364
612
782
521
680
899
384
601
739
387
626
759
376
572
773
374
577
802
378
593
852
438
611
810
498
602
831
362
547
733
364
623
880
393
606
738
444
556
709
396
541
814
441
563
790
363
630
794
389
620
875
523
682
862
413
679
727
418
647
922
824
804
881
552
692
923
530
668
809
515
639
857
513
696
803
533
770
917
586
744
1087
431
704
816
449
650
941
529
699
865
583
783
878
546
718
1003
436
725
966
524
739
930
414
717
955
519
720
1073
585
738
928
601
742
1085
596
752
982
668
679
1088
562
738
849
509
717
788
446
631
861
485
686
919
401
727
884
508
639
844
465
693
799
489
722
877
505
725
797
459
622
867
404
675
1015
462
730
829
549
702
842
447
689
1216
889
549
802
395
581
849
339
601
768
347
793
816
405
617
754
349
509
773
332
566
697
393
617
924
445
624
865
423
701
788
403
612
857
427
739
775
453
615
853
406
673
786
394
602
784
410
627
1087
470
937
890
545
686
1090
517
999
1076
507
807
1066
460
575
797
402
758
1153
563
746
915
545
749
1116
551
656
820
451
904
1155
619
639
933
469
703
989
527
674
823
415
651
931
462
606
806
400
700
1075
462
678
905
381
684
760
460
829
851
396
571
798
469
633
855
371
576
858
400
681
861
476
729
816
412
631
813
440
687
741
328
519
721
406
612
870
443
730
855
473
678
900
569
711
873
536
852
847
470
807
884
462
613
860
435
788
915
447
846
862
483
846
928
478
634
886
491
723
897
550
805
900
389
741
799
507
692
884
534
779
832
583
611
939
464
697
826
418
686
844
530
739
908
517
701
951
436
728
932
563
767
987
544
879
846
611
680
1010
531
942
803
473
599
879
458
657
873
522
583
860
385
681
1035
702
796
823
469
685
935
408
715
1113
386
643
813
441
615
823
435
568
877
446
687
970
468
631
814
505
662
893
397
657
822
411
625
817
482
615
879
536
681
979
423
657
891
583
686
883
386
648
838
507
721
904
537
632
879
479
763
1024
535
770
904
490
619
1057
475
769
1071
533
727
1093
619
733
1025
577
768
1032
470
774
1092
423
678
1070
436
710
816
477
646
1057
394
718
846
520
732
965
527
713
850
531
757
975
492
632
805
452
657
1007
457
658
857
433
635
1007
421
563
822
407
673
1127
377
726
821
542
585
959
338
606
952
562
604
1087
460
601
869
444
674
965
458
595
781
399
640
947
396
621
812
467
681
1021
497
880
996
443
651
849
459
608
790
539
647
1027
559
697
863
563
591
908
588
864
880
605
670
944
387
719
993
558
680
867
521
678
917
551
689
905
343
670
749
515
659
957
653
768
848
540
690
893
504
627
888
502
732
905
556
706
961
498
752
901
598
635
905
410
663
1007
505
640
968
496
781
957
572
630
838
421
761
902
571
724
922
509
676
579
520
785
849
483
675
913
479
719
849
476
656
348
435
649
970
432
678
516
512
729
898
540
687
421
400
687
522
495
665
521
676
605
521
433
754
496
528
719
581
631
784
443
529
604
431
419
697
458
391
672
405
452
550
443
450
674
468
491
640
385
583
676
498
407
631
471
443
635
434
512
704
489
510
597
416
456
710
445
469
689
437
413
662
479
520
612
516
467
681
420
490
646
480
428
683
474
582
623
482
508
662
439
496
627
535
430
659
442
438
640
485
459
639
423
470
636
508
422
743
464
597
934
487
445
711
452
593
642
557
474
632
398
484
617
492
440
757
480
501
638
507
427
701
435
486
624
407
407
739
425
493
677
413
494
791
511
609
682
443
381
604
912
656
669
478
456
582
367
600
725
403
415
713
355
473
738
567
468
790
492
366
661
407
469
749
509
503
661
418
555
773
494
571
646
648
442
651
426
389
873
491
552
708
449
489
907
467
434
600
442
565
751
643
548
711
484
557
775
573
451
819
430
498
901
613
546
784
478
453
706
571
464
657
539
528
658
591
478
847
435
377
686
433
364
658
500
388
605
451
497
708
440
515
675
521
510
772
453
572
768
475
577
664
440
514
901
504
509
892
548
610
898
464
458
671
412
537
629
457
434
640
449
527
831
399
534
749
462
591
733
490
481
766
422
520
926
534
493
677
555
524
950
536
468
800
543
549
878
597
443
771
586
614
642
394
412
810
417
481
798
429
506
615
585
512
881
513
453
740
404
501
649
502
433
629
448
510
812
506
425
774
439
430
877
514
509
734
453
546
812
438
469
702
505
556
961
492
562
843
413
417
930
432
435
642
419
436
850
479
498
912
566
586
809
511
601
893
533
638
1072
549
501
577
464
488
888
476
474
572
443
388
641
473
410
657
408
433
856
661
467
679
463
592
657
486
472
719
414
514
910
500
478
654
485
525
808
491
433
609
384
431
799
512
556
706
563
468
975
600
554
695
497
495
734
501
545
715
564
423
649
484
549
688
555
431
624
405
571
602
498
444
707
446
433
792
571
638
789
438
706
704
791
567
821
656
540
611
431
497
746
548
486
663
555
877
854
573
642
742
611
639
930
504
442
642
633
582
712
523
496
700
491
409
644
441
509
640
476
526
746
571
615
706
483
479
578
376
418
693
616
523
659
438
416
672
597
539
752
700
454
772
429
526
688
542
617
660
450
551
603
464
515
604
515
523
719
434
519
612
397
508
758
505
541
757
566
452
728
459
693
791
588
523
693
471
433
716
470
561
709
441
541
654
580
613
698
621
636
1083
588
625
935
521
476
627
497
655
923
525
486
688
462
515
889
447
426
668
384
394
857
456
593
699
535
523
886
556
505
713
481
600
846
580
547
676
497
580
941
631
757
778
416
555
836
438
499
673
599
557
857
540
479
646
399
537
793
422
479
675
473
569
883
432
564
802
440
447
800
518
454
685
451
553
775
565
605
783
530
461
883
556
529
684
416
517
833
391
478
707
486
500
869
363
575
784
482
504
790
439
597
672
482
504
803
486
611
675
477
503
744
475
542
625
482
576
720
400
456
650
473
507
751
426
463
737
486
444
705
391
548
659
499
403
751
482
525
914
470
566
788
483
485
616
443
693
774
499
647
776
469
423
718
432
531
723
516
471
747
466
550
620
591
530
736
453
685
826
546
490
748
466
518
649
448
464
740
479
529
709
516
498
668
421
428
889
547
674
718
394
587
831
493
427
627
381
453
693
607
498
627
348
762
695
469
621
781
480
442
706
498
515
809
450
673
635
507
664
942
522
464
688
479
486
943
572
583
723
421
526
747
448
486
666
414
719
704
345
550
662
506
598
829
363
455
712
356
699
743
565
517
724
414
536
747
453
607
804
458
406
709
557
544
702
439
425
802
491
563
780
510
492
757
433
433
838
456
555
805
463
444
747
366
621
839
483
631
843
557
663
834
462
500
634
645
490
918
428
584
583
418
510
930
356
512
735
484
432
641
340
530
656
464
485
627
338
526
653
444
483
909
471
592
871
492
574
774
421
499
744
540
598
788
570
528
942
443
593
869
391
562
883
501
515
985
566
550
848
534
553
814
528
620
816
737
655
884
508
583
843
510
696
775
429
467
708
387
636
948
542
511
727
437
650
728
468
523
782
476
550
871
463
473
804
418
527
885
445
405
719
388
502
786
417
556
824
471
617
769
580
524
776
457
528
905
541
906
649
488
505
766
578
590
684
482
527
857
581
557
754
479
477
910
428
455
639
517
534
855
407
499
763
415
626
805
365
480
721
396
700
843
424
566
735
529
631
797
494
459
754
500
568
790
461
564
794
502
610
818
394
393
650
407
578
773
547
610
745
536
558
788
485
602
783
613
626
700
463
560
810
507
531
741
415
563
802
500
642
873
562
488
734
478
643
781
445
652
783
621
611
870
588
650
689
596
570
871
498
783
617
400
533
696
410
481
610
455
459
740
330
435
591
472
406
622
465
450
694
387
434
727
370
596
697
364
421
782
419
524
637
366
545
823
362
520
625
362
561
712
488
491
666
522
543
752
453
779
757
483
452
790
401
492
675
425
427
751
424
475
720
388
442
744
449
429
641
366
486
843
364
453
658
380
453
799
502
550
672
351
484
737
432
491
668
557
446
755
375
486
716
423
524
829
486
532
756
440
660
920
700
747
696
471
625
776
554
542
697
518
727
844
542
704
759
540
655
809
552
536
696
431
586
768
481
641
668
418
562
684
517
485
733
456
545
834
557
671
767
471
579
659
447
532
767
482
523
723
496
483
642
411
530
682
441
517
644
420
576
667
499
463
719
452
557
650
451
550
758
472
675
774
384
558
713
482
576
870
473
572
740
488
633
768
554
500
709
427
516
768
504
459
760
404
502
743
626
492
722
370
533
785
360
729
635
459
495
796
559
540
761
428
519
797
446
507
796
702
683
794
511
781
825
435
654
770
496
697
708
520
626
955
518
653
809
576
633
907
569
684
831
489
527
825
518
789
860
438
535
827
544
736
802
449
611
825
473
682
824
554
683
783
408
737
720
506
633
769
445
545
815
424
724
762
583
520
789
503
637
822
548
490
802
530
634
844
529
584
745
510
624
896
544
639
711
375
530
816
470
480
761
439
549
838
598
709
774
489
503
856
544
498
812
515
525
768
563
470
851
534
629
765
468
563
884
455
562
831
461
448
793
492
567
913
547
750
707
478
604
739
362
528
631
529
462
789
389
654
890
584
496
702
486
747
889
619
571
842
490
787
896
486
596
846
488
571
793
479
660
811
529
603
785
438
555
757
548
673
813
542
595
739
516
627
721
488
640
836
392
648
854
477
485
768
373
622
870
532
633
861
516
484
779
493
570
794
575
525
646
442
693
797
445
772
791
433
501
756
551
608
842
407
551
822
559
586
713
622
683
717
422
755
956
530
511
898
553
689
855
498
691
734
444
739
857
517
674
753
534
641
860
499
623
849
584
638
688
478
650
842
559
477
843
519
555
801
473
686
926
513
728
843
472
631
734
436
589
840
564
728
716
393
536
830
471
607
868
643
515
814
419
504
745
420
572
782
360
501
741
392
487
717
415
544
743
429
626
1017
898
553
747
434
634
765
474
574
696
382
586
790
521
647
844
526
489
737
539
607
855
490
542
732
380
693
901
515
561
898
525
685
695
613
746
1049
739
616
791
558
639
797
400
512
734
576
484
870
395
603
765
368
426
698
410
487
659
415
513
732
389
484
614
477
456
840
386
577
659
399
515
882
393
590
822
440
534
752
370
533
757
424
469
774
472
554
818
517
616
688
462
766
790
416
626
810
591
691
748
543
610
811
810
491
674
340
432
693
364
458
637
345
443
765
331
553
625
335
546
907
514
669
717
483
482
943
503
524
806
599
657
792
349
621
635
531
638
902
434
635
826
760
624
811
480
520
709
398
586
763
467
560
740
372
550
720
523
545
735
394
568
767
575
747
797
517
668
764
421
534
800
525
653
801
458
510
827
428
645
914
469
587
686
456
517
867
515
599
795
533
576
880
500
635
700
499
551
772
461
624
807
674
566
732
461
638
829
455
679
797
550
674
853
490
507
796
506
707
872
566
532
772
540
699
730
480
543
805
429
490
838
421
617
744
495
657
804
639
655
770
469
693
777
484
646
750
477
628
796
503
542
831
358
620
653
449
518
822
439
617
729
423
678
845
537
613
663
542
509
828
465
591
824
496
463
816
436
624
804
517
548
796
375
513
675
426
554
704
451
614
755
429
602
743
480
444
671
428
505
715
413
497
626
409
526
831
440
591
683
493
609
694
414
574
735
379
585
700
454
651
875
487
611
701
420
544
821
450
529
679
368
509
685
445
518
759
515
474
645
340
536
701
384
746
705
389
565
710
467
552
715
377
564
766
406
689
769
475
486
803
432
581
687
557
511
868
466
643
763
513
531
894
358
546
690
443
742
865
541
796
906
670
682
826
400
799
810
721
613
958
438
774
716
701
642
893
500
584
891
562
581
827
503
561
686
698
608
1043
476
556
651
332
440
744
358
479
1018
548
506
849
404
621
883
545
622
749
360
604
894
505
685
953
514
635
916
448
530
957
467
758
867
652
689
817
352
663
887
590
736
1002
573
604
895
593
653
851
631
555
757
502
689
850
543
652
764
516
612
857
516
709
793
578
676
924
530
630
966
633
667
927
436
722
949
497
770
763
445
601
954
685
650
958
625
613
688
496
620
841
517
526
728
390
597
884
413
568
826
404
509
834
482
737
937
460
588
762
522
777
847
488
595
795
471
577
806
528
610
1055
497
590
887
496
604
797
495
560
746
458
518
817
508
632
921
471
626
896
487
634
861
532
573
784
524
645
887
558
710
912
494
621
874
529
617
769
440
487
722
473
609
802
545
705
841
521
612
812
495
606
959
533
616
787
507
611
711
497
551
838
432
726
860
461
543
737
499
628
936
482
584
853
435
517
685
436
444
708
363
507
765
441
562
930
502
541
852
616
586
830
602
700
1016
485
617
763
418
651
839
493
668
820
494
668
775
454
568
789
461
586
839
539
637
777
538
645
964
474
625
855
585
767
937
485
784
817
518
801
874
572
790
896
570
632
924
472
528
791
515
626
754
493
596
789
517
724
859
590
774
774
494
526
759
543
670
720
365
566
707
477
494
744
405
553
788
422
713
773
366
508
741
494
543
820
570
765
768
457
596
725
440
625
832
527
671
791
540
599
850
438
673
801
541
786
830
487
741
826
570
803
880
451
617
814
461
615
799
398
578
842
407
756
1047
565
739
854
472
766
821
493
623
782
581
748
721
393
640
667
324
507
750
463
551
735
517
688
708
449
516
780
453
652
785
395
652
768
478
683
757
401
615
1002
486
689
820
499
672
789
559
650
761
462
564
815
434
619
762
460
583
837
466
575
720
464
579
784
464
535
747
437
572
812
469
590
820
432
596
767
379
537
838
493
522
889
408
542
683
492
500
707
384
530
796
429
604
809
399
623
746
475
558
651
500
929
719
423
633
708
381
497
759
414
665
821
476
635
694
452
565
764
423
486
749
428
555
686
394
510
726
417
656
710
316
545
778
535
592
955
380
864
910
458
590
794
400
593
686
415
561
773
346
501
719
415
538
770
391
577
749
426
529
701
439
720
748
451
575
838
393
591
685
380
607
756
379
612
737
828
567
931
382
824
805
525
673
898
492
561
794
486
692
902
564
575
787
450
594
983
481
664
808
500
643
715
342
485
658
497
637
856
425
568
694
346
464
754
398
521
758
340
552
695
352
491
780
373
469
707
346
528
777
376
637
670
335
636
745
516
620
825
436
503
752
441
531
755
390
543
760
448
545
707
362
622
796
382
504
772
420
545
663
391
567
789
349
565
666
374
559
731
411
494
666
403
627
830
558
601
969
761
586
786
513
604
813
406
559
996
545
618
892
550
563
815
404
663
856
485
689
706
479
628
914
483
657
933
388
604
741
511
525
837
380
642
791
379
577
821
390
571
721
504
640
821
398
677
833
519
601
872
525
697
944
591
681
918
470
611
777
433
594
831
480
591
790
416
605
793
385
674
824
464
706
842
543
713
801
496
635
827
449
617
779
467
602
820
473
576
815
439
585
804
490
624
830
627
647
769
448
603
828
467
528
777
383
621
766
369
577
719
412
548
822
471
579
730
369
556
845
405
577
730
470
538
792
378
578
750
475
612
797
426
583
804
438
597
790
412
599
808
386
580
715
476
491
767
353
517
906
445
545
797
537
720
719
354
591
783
449
574
784
333
485
819
420
523
775
412
595
768
444
599
781
507
632
807
325
595
756
437
665
877
517
573
770
516
668
892
475
608
825
495
580
726
372
569
797
459
639
765
445
731
799
504
500
656
361
515
726
362
591
688
443
587
711
470
485
825
325
469
719
405
581
711
441
609
794
503
533
776
350
689
806
395
539
781
427
504
708
319
664
898
488
530
868
521
553
806
359
515
698
574
497
806
527
656
797
438
629
850
376
668
713
531
522
851
506
599
822
450
652
708
352
545
765
465
572
816
380
578
724
352
464
810
410
518
695
372
467
763
351
475
692
388
511
789
431
558
683
386
514
713
456
575
737
351
496
811
359
577
707
367
614
800
339
644
722
475
552
804
328
655
687
454
528
829
403
555
684
492
472
675
354
482
822
397
592
822
351
524
644
344
567
770
343
501
655
352
458
682
332
610
687
402
500
760
392
431
643
302
445
641
298
465
627
321
443
704
431
581
670
457
526
734
336
504
664
329
503
691
410
500
744
333
482
652
329
636
704
317
484
706
354
507
651
326
524
688
352
534
698
312
485
657
320
737
682
406
491
729
335
497
678
328
521
709
329
480
697
331
471
728
364
491
644
330
475
706
354
511
660
324
472
711
324
574
726
348
600
691
414
521
731
376
554
753
386
585
707
331
500
768
339
557
687
404
472
752
335
583
708
378
597
720
382
618
697
432
497
686
326
583
658
403
583
758
354
466
753
360
546
687
303
510
683
365
558
686
446
559
716
350
543
743
462
535
704
385
482
787
397
525
729
298
457
674
299
743
730
342
513
686
490
691
830
465
532
718
429
620
711
343
530
731
341
596
742
384
568
695
329
640
774
348
610
703
349
505
800
324
481
695
387
522
802
524
483
677
324
559
707
328
472
679
313
601
706
523
487
718
321
557
766
321
492
684
372
576
759
318
484
692
311
576
773
334
489
676
329
541
709
334
485
836
334
560
775
316
683
825
432
499
761
315
475
714
338
520
735
453
473
723
329
484
735
638
793
1047
446
981
1101
690
633
945
560
861
805
523
469
870
355
658
882
675
518
719
337
491
731
461
557
688
314
574
696
348
493
727
336
487
818
346
494
769
439
531
715
373
473
731
475
534
695
350
585
754
437
515
775
318
575
706
404
503
805
334
547
765
355
562
718
366
626
704
479
500
733
345
642
723
412
501
784
352
546
755
352
520
740
353
592
737
463
561
705
320
493
695
302
466
693
305
477
674
294
467
662
345
465
679
265
550
735
348
505
741
338
597
840
444
593
705
495
512
809
436
639
751
445
630
697
372
508
801
412
639
780
432
537
850
380
668
770
333
639
763
474
575
863
390
622
847
341
535
747
412
651
765
464
538
839
426
676
808
453
536
712
443
553
879
388
617
803
375
658
755
428
542
846
423
647
926
357
681
839
365
500
756
339
572
715
434
546
748
433
585
776
361
575
751
321
548
712
432
728
829
609
789
979
908
774
831
374
617
780
582
616
918
518
692
871
583
733
929
487
680
782
412
637
816
382
557
737
377
501
700
339
508
717
327
487
760
375
622
746
376
636
771
392
617
879
498
637
982
474
626
841
517
565
846
463
665
908
520
580
776
457
605
841
492
599
939
395
565
756
499
678
878
469
755
835
501
651
751
352
555
832
396
748
906
572
633
851
454
618
756
497
636
801
411
571
888
486
694
738
453
638
918
463
755
834
507
626
849
714
893
786
443
622
816
472
681
869
423
636
881
462
686
845
711
622
782
402
596
803
437
669
840
479
598
828
443
617
871
440
673
883
484
649
780
388
574
797
587
550
886
450
686
869
433
626
892
566
656
857
428
718
956
436
654
887
497
811
1053
580
794
890
399
691
916
473
595
838
431
748
793
430
587
843
393
681
857
462
621
807
482
666
874
566
648
787
536
657
835
390
755
872
609
685
853
569
670
829
569
647
824
456
610
891
545
729
907
432
680
862
426
760
940
476
641
789
387
695
876
481
738
844
472
625
881
388
764
886
569
660
756
482
627
845
601
727
836
418
696
853
671
690
1027
619
607
846
556
692
912
545
739
835
498
586
956
432
718
922
615
1078
932
485
701
880
439
685
877
557
625
753
410
613
866
504
620
822
448
580
929
450
675
710
518
730
848
466
634
971
462
563
864
386
649
835
489
567
887
420
601
901
411
668
949
863
612
894
386
626
796
459
616
784
402
648
891
585
698
890
559
642
854
482
749
923
492
659
1027
577
786
901
481
656
849
444
624
743
454
634
859
474
645
871
633
665
786
515
666
1111
547
739
917
404
676
844
544
642
826
518
536
751
508
915
1043
485
703
913
444
644
941
489
648
891
560
560
764
398
638
796
420
642
918
466
605
876
418
740
817
599
576
1146
451
605
863
551
604
920
532
737
1008
506
741
921
589
710
1230
548
854
748
545
704
856
513
652
792
418
714
906
389
653
762
565
640
1092
797
719
1004
517
669
799
482
561
928
414
549
863
364
599
772
498
571
848
477
608
821
411
630
902
399
704
952
453
708
1069
421
689
847
502
716
877
446
629
766
379
645
765
454
608
763
471
602
850
459
693
925
436
527
850
335
622
750
329
512
858
509
603
888
438
694
995
456
626
786
405
753
904
394
753
1062
539
790
907
497
632
777
394
967
1358
438
620
902
453
602
917
502
697
872
432
703
834
463
711
877
400
632
770
391
582
826
591
750
984
482
778
1318
494
632
892
490
782
853
558
606
815
438
712
1007
701
721
925
433
675
879
433
745
815
406
637
1014
481
693
991
468
669
935
540
654
920
492
743
911
494
627
934
501
877
990
436
637
920
391
653
820
385
620
888
419
811
912
619
630
973
491
689
844
399
663
914
555
692
862
650
608
898
480
765
904
397
722
904
768
657
841
495
681
978
459
655
911
454
679
852
404
747
896
376
586
881
373
547
767
363
613
925
406
539
751
357
565
770
364
522
751
469
706
908
463
633
855
441
577
880
386
618
803
360
548
778
463
531
851
394
659
811
356
539
839
338
517
766
376
577
802
498
657
955
390
574
790
450
564
939
479
690
927
540
720
943
431
603
873
391
790
918
524
690
935
520
597
964
502
719
1016
558
603
953
448
749
918
474
704
1041
457
906
1002
523
726
826
486
833
864
491
659
885
471
619
803
466
667
892
516
727
786
482
610
903
586
871
806
428
726
1113
536
884
890
367
680
885
563
740
967
453
675
944
494
665
925
444
671
865
523
765
920
466
591
946
485
714
818
430
634
888
536
748
1034
446
654
903
450
710
819
425
707
910
533
723
860
399
602
935
489
712
1018
504
780
897
479
627
811
465
675
844
533
621
834
492
737
932
469
718
1101
423
883
913
478
567
913
409
666
839
342
558
706
368
567
789
404
614
731
360
539
804
356
543
745
487
709
912
421
705
816
425
666
850
391
695
768
433
599
841
372
592
757
369
591
846
368
594
837
433
650
796
318
534
744
411
561
776
363
604
790
509
580
825
481
706
777
405
561
875
357
636
728
321
554
769
386
561
771
387
566
902
451
587
860
434
565
729
330
527
858
370
566
791
401
712
801
450
677
853
433
954
999
671
568
794
392
658
766
493
605
779
364
602
792
418
570
868
423
697
772
443
699
844
439
598
872
426
654
863
404
658
799
408
696
793
453
720
895
540
656
889
477
631
843
559
732
997
590
709
848
492
637
876
467
649
780
490
661
833
473
702
836
473
583
783
483
693
876
487
572
822
497
672
819
384
563
1028
483
779
934
575
661
809
450
618
825
509
651
916
484
628
809
431
578
871
448
688
992
388
553
994
377
601
964
398
711
976
521
723
804
427
576
811
422
596
809
405
576
794
420
662
848
439
639
1015
549
689
1047
489
786
827
540
725
881
440
692
847
411
715
879
581
599
900
495
680
937
507
713
887
490
711
879
533
686
986
450
709
787
490
628
954
459
770
1044
436
708
945
477
700
849
429
676
871
497
868
938
675
718
1097
490
752
1004
542
892
805
418
704
840
553
708
899
553
715
835
552
712
1010
574
649
899
447
579
799
582
739
810
477
659
1081
433
665
857
415
714
873
526
731
841
529
785
917
399
683
885
444
875
1168
541
694
998
420
729
975
511
754
896
474
752
937
552
782
857
595
732
922
524
770
1063
591
633
895
561
762
569
429
705
1034
579
819
855
464
782
903
451
694
896
537
769
888
489
669
845
544
863
991
443
816
886
564
652
470
519
759
913
509
626
923
501
757
1017
523
653
880
510
803
925
443
660
888
510
659
772
451
606
948
462
704
851
480
686
1021
487
687
811
463
689
1064
469
733
950
633
905
934
522
746
887
453
720
511
484
736
861
459
628
886
470
655
456
562
735
913
470
718
819
523
714
837
515
710
913
432
573
801
511
591
502
487
660
576
518
709
841
443
686
778
423
607
895
443
665
422
480
698
852
437
651
891
507
762
899
419
674
897
503
682
888
434
646
905
462
639
384
514
726
920
570
755
1014
616
680
437
597
758
1060
608
739
874
563
803
1077
482
1022
605
1013
724
1070
481
1022
929
582
831
1008
452
973
981
589
760
988
457
737
969
588
709
960
466
770
997
606
742
395
418
676
449
480
718
1017
564
750
963
654
774
499
502
763
945
559
780
655
571
668
378
467
673
429
429
654
388
480
752
544
455
662
436
465
826
714
656
729
476
474
780
452
488
808
547
526
761
404
462
722
509
614
1089
626
619
800
642
758
883
640
588
868
746
805
950
691
685
928
590
599
923
744
543
917
736
567
764
594
512
650
499
568
911
628
553
624
460
541
627
406
431
637
440
480
819
499
585
913
636
448
761
599
459
740
488
583
727
479
440
773
473
512
725
692
517
700
404
484
731
459
456
618
519
621
789
496
523
780
333
407
663
439
579
941
427
608
892
537
553
741
482
604
816
414
554
945
455
508
870
433
479
977
449
630
924
597
544
939
483
500
708
474
571
954
422
584
882
489
457
1025
633
678
818
658
570
994
485
411
722
381
492
734
458
399
653
381
468
730
667
518
672
443
494
767
463
549
705
442
538
705
435
453
702
518
400
673
430
515
694
623
504
777
359
523
671
579
359
637
528
470
786
368
596
650
508
583
658
489
473
582
371
369
657
455
361
685
580
736
792
510
405
631
483
513
824
584
441
746
504
429
744
433
449
695
450
493
716
497
483
624
491
412
694
482
500
713
560
478
697
589
479
688
503
454
646
493
484
694
500
525
831
485
622
918
458
534
773
586
621
742
561
418
763
598
437
738
492
445
661
453
498
723
555
521
702
542
484
687
605
586
661
597
521
601
456
479
714
468
621
682
550
553
755
533
468
681
451
480
688
411
455
617
482
482
579
494
803
739
468
498
682
492
452
702
442
434
695
436
473
690
449
471
683
356
447
896
478
517
721
605
513
966
509
451
675
517
570
811
560
646
753
486
544
624
536
549
778
672
662
930
444
566
935
518
484
725
555
692
932
643
539
767
560
549
654
573
531
843
547
517
686
498
685
756
474
534
757
359
469
732
452
476
686
412
513
649
465
430
667
471
459
644
548
409
709
462
589
864
434
485
699
501
626
885
525
700
721
503
457
698
482
545
737
558
510
758
510
465
802
622
594
764
439
414
741
639
636
684
565
642
642
542
471
687
542
589
707
487
499
670
532
453
762
575
680
699
479
619
746
585
611
1122
418
548
851
564
497
664
605
634
849
498
668
796
602
595
709
501
575
719
502
537
805
685
658
734
468
593
691
505
509
675
549
526
653
535
568
664
520
544
723
453
498
710
485
558
743
524
570
675
491
416
666
548
648
848
612
560
726
497
589
795
467
438
772
519
638
781
599
614
784
397
848
1107
597
694
804
632
559
628
543
448
655
506
513
689
419
500
674
459
505
644
399
512
698
460
426
684
378
556
703
473
453
777
535
594
769
549
537
679
486
477
853
479
577
832
421
526
811
477
640
793
561
458
761
436
647
680
462
461
806
442
584
789
459
488
728
581
508
654
458
457
827
422
549
811
441
570
776
562
525
642
412
465
715
425
615
768
498
487
894
483
687
986
525
497
899
523
681
873
531
445
749
469
510
878
509
636
787
492
481
867
482
590
823
429
532
740
535
615
649
477
586
745
448
551
759
490
519
677
455
462
746
507
507
801
484
555
783
539
539
582
495
456
732
442
600
804
567
472
733
409
549
893
444
454
752
714
669
797
521
514
735
601
469
634
421
616
769
396
561
636
413
486
671
401
436
642
470
592
784
402
467
737
404
465
708
452
492
674
487
512
872
608
552
828
519
515
734
461
667
822
470
465
784
537
566
904
488
671
763
510
616
955
492
518
704
437
478
798
603
527
730
429
564
620
392
529
831
477
535
704
394
505
731
427
818
1037
519
557
813
481
630
840
465
512
794
330
477
630
369
562
737
431
506
794
425
432
643
497
483
889
347
514
655
483
461
959
350
465
723
471
490
646
388
507
795
426
448
785
423
539
685
537
445
831
385
465
683
356
533
786
408
571
717
438
448
820
530
522
721
355
501
846
397
520
723
531
647
818
462
558
748
446
573
929
484
572
729
448
547
901
428
892
806
532
464
892
389
532
760
374
507
903
593
604
721
383
629
835
605
517
674
522
493
776
450
571
746
510
466
903
460
576
773
604
471
626
454
550
774
504
561
717
549
535
766
576
487
768
358
533
711
429
518
859
451
493
739
462
506
840
417
505
724
455
472
891
452
513
732
446
482
825
434
519
715
464
492
867
510
686
754
487
567
911
438
561
736
490
434
704
351
507
754
508
473
774
461
541
764
518
506
915
478
552
862
425
603
992
467
475
717
409
520
830
413
551
808
606
599
822
416
532
736
526
462
825
411
509
790
515
627
827
473
454
767
451
572
868
501
594
672
451
560
984
492
686
838
567
509
710
356
436
716
360
538
684
446
522
742
383
493
732
461
525
757
501
496
765
470
491
780
446
506
877
447
476
787
455
508
867
477
460
734
470
511
810
441
446
804
471
603
987
466
538
787
485
600
973
489
861
868
560
645
930
432
564
637
391
413
763
371
411
648
458
454
697
486
536
733
735
524
726
541
567
813
544
615
834
459
571
818
483
612
797
451
631
828
552
536
729
573
752
808
441
555
741
390
724
808
577
592
639
451
459
627
407
542
655
419
416
776
461
443
745
387
526
728
394
420
650
438
468
731
467
530
660
430
449
701
447
524
800
496
522
878
474
556
666
397
463
759
527
759
717
403
490
700
401
506
730
395
821
765
376
565
810
369
536
639
344
567
739
380
538
699
455
511
746
505
642
1022
834
590
709
425
625
845
523
619
651
434
458
638
355
603
739
410
490
781
467
552
755
498
513
739
482
589
767
426
552
749
446
624
768
434
538
811
355
522
670
454
474
780
394
556
750
437
546
742
495
552
763
464
586
676
514
579
757
469
557
792
489
487
649
471
601
765
446
489
662
580
505
792
378
565
745
483
437
737
384
561
755
408
490
743
508
596
856
466
588
722
375
598
703
554
549
775
530
520
684
566
631
668
475
507
654
415
525
704
384
510
652
470
460
801
466
578
734
439
503
746
433
518
806
502
552
827
512
493
700
500
622
689
440
560
749
517
571
720
449
637
800
419
608
771
448
634
821
547
691
817
522
508
732
522
565
864
566
571
690
510
597
712
516
595
770
395
503
836
509
568
732
622
567
730
487
537
685
448
529
749
483
581
751
387
510
864
482
537
779
469
601
682
380
546
765
358
614
700
406
604
786
542
516
682
687
554
714
387
469
772
530
609
764
550
503
828
502
680
862
510
536
803
492
569
861
535
818
674
434
575
702
367
557
767
452
533
720
374
537
660
467
621
713
431
636
932
596
644
818
557
656
857
504
764
822
594
540
863
575
630
782
462
484
761
432
566
766
655
684
751
457
588
771
490
606
759
468
672
764
685
600
773
428
692
713
514
519
855
745
531
780
650
528
674
360
602
656
447
472
655
444
465
659
592
752
808
404
660
865
483
681
779
488
536
731
464
610
801
463
585
725
441
601
855
490
583
871
547
454
842
568
484
920
553
458
829
571
647
708
642
631
804
595
651
786
452
578
875
507
577
662
436
497
720
348
558
887
441
540
678
404
533
698
447
482
779
502
564
827
400
469
747
395
523
857
483
572
777
438
505
772
481
533
950
466
553
758
459
684
686
362
560
703
429
575
759
466
548
674
437
506
817
425
698
812
464
612
919
439
628
889
416
602
767
430
698
754
437
602
830
480
705
861
415
539
807
375
661
785
446
474
802
392
517
856
509
604
749
506
597
752
441
568
862
493
562
874
621
616
813
426
588
839
543
548
829
378
594
813
462
482
817
459
586
828
464
618
754
462
557
664
504
508
826
390
563
766
374
450
655
382
550
851
461
523
777
443
587
697
432
485
744
486
571
761
417
619
856
527
612
703
388
478
858
355
558
768
384
508
963
372
622
937
419
572
685
466
499
738
469
466
751
408
597
695
473
496
769
375
517
852
438
528
773
366
597
878
408
506
755
435
562
904
423
777
781
385
496
726
346
676
910
492
560
787
418
467
804
566
657
774
470
610
837
496
604
792
479
615
857
494
586
783
522
638
822
477
536
785
462
482
737
425
673
759
498
525
780
500
615
764
425
697
778
436
633
813
486
497
831
430
702
878
570
709
814
413
670
865
482
683
812
379
644
846
412
653
880
554
544
765
492
609
907
628
682
697
472
479
915
435
508
759
440
573
674
494
572
846
568
564
885
468
500
821
528
606
805
342
777
782
682
649
977
465
698
827
592
610
823
495
525
761
610
573
790
481
657
798
412
472
685
361
732
829
640
748
1206
420
584
724
465
695
837
431
681
848
451
607
857
534
587
750
477
594
782
477
582
834
488
601
780
473
749
754
550
579
808
599
593
945
463
625
905
587
614
793
421
586
836
514
493
814
493
613
965
520
544
820
544
535
738
426
673
895
597
634
769
506
535
815
439
597
789
443
593
668
472
600
709
435
603
795
573
573
873
411
441
735
436
616
959
600
582
683
391
527
862
430
656
677
445
617
859
575
599
959
434
635
752
534
581
869
462
528
791
425
629
882
482
545
716
478
652
798
482
516
845
492
584
691
418
520
1101
462
612
708
411
1369
850
387
567
892
834
1073
834
426
662
808
421
475
754
428
484
774
449
611
872
535
722
823
540
469
911
968
617
770
579
531
1457
583
648
736
411
610
796
548
712
781
575
557
877
1081
580
810
566
816
1618
573
686
914
446
533
828
495
919
795
543
698
861
1213
734
778
417
611
1698
459
583
760
611
645
883
460
543
732
436
628
783
902
521
772
387
545
1952
480
759
1129
509
604
967
439
1249
734
354
531
794
1303
696
737
566
630
719
473
571
755
594
635
927
397
563
728
706
814
742
533
668
660
522
535
712
370
542
904
384
601
822
422
990
755
369
530
797
489
579
793
729
656
831
543
663
798
433
526
822
408
629
799
497
476
886
565
587
795
402
759
822
694
640
718
514
719
868
446
490
794
438
661
784
532
652
775
577
573
773
450
626
880
474
599
841
442
636
848
472
585
786
494
694
872
494
504
758
442
562
784
486
525
871
406
627
750
452
654
775
347
640
717
462
614
821
394
626
773
459
530
876
390
639
770
427
586
813
722
623
823
511
617
852
476
631
823
451
532
859
377
536
723
355
581
753
385
524
736
348
578
837
598
628
747
474
691
904
674
614
790
482
548
787
373
625
693
428
508
715
555
599
860
480
673
806
479
604
770
612
585
905
521
620
913
515
675
872
473
647
1019
500
585
846
532
616
841
419
642
705
570
533
725
352
572
758
338
456
662
403
514
739
370
605
1091
462
626
728
366
586
718
587
660
863
541
701
855
521
698
873
538
641
890
544
674
714
461
709
747
465
633
404
