2472
360
556
817
383
610
757
386
560
668
298
497
692
347
490
704
300
454
725
350
500
625
243
421
612
260
445
620
212
428
608
232
453
624
207
420
608
199
447
607
214
420
623
218
438
603
205
426
604
234
444
603
233
422
627
230
442
616
228
417
603
233
435
740
327
443
648
361
487
630
266
553
713
375
462
695
315
464
717
345
465
640
245
429
651
267
508
705
280
483
706
315
499
694
356
539
713
355
522
691
595
510
735
338
471
694
308
469
603
309
469
676
319
459
729
337
584
771
486
512
824
341
524
759
342
502
803
388
591
682
342
517
724
353
576
737
335
439
723
235
579
679
326
516
735
347
574
702
271
491
656
296
550
711
385
505
783
410
463
630
245
436
627
227
455
601
199
507
634
209
469
635
228
423
636
238
628
852
496
508
808
264
438
638
250
416
641
188
401
617
366
535
700
361
513
729
338
514
768
369
546
712
324
478
679
309
476
708
306
468
692
313
471
723
337
501
759
334
557
717
316
499
730
311
565
692
297
482
758
356
540
1077
458
528
794
448
571
809
374
577
810
410
623
777
422
975
746
344
575
753
340
499
742
356
592
734
337
492
766
338
579
738
338
488
748
316
461
631
234
434
658
244
427
633
225
433
691
357
587
1283
368
513
803
412
642
788
405
567
738
307
436
694
340
456
701
265
439
634
252
430
721
224
414
617
262
440
619
295
489
612
205
432
617
249
430
627
235
450
621
285
467
629
202
433
633
217
428
631
261
427
619
242
522
851
391
561
754
377
569
740
330
479
756
353
589
686
388
520
759
415
517
682
359
524
757
416
540
813
430
541
788
394
590
850
435
539
685
312
532
824
432
604
795
356
508
737
351
474
631
311
497
326
334
467
677
318
441
325
346
486
342
348
460
738
275
470
691
305
533
782
339
550
389
308
550
726
331
506
718
311
554
322
254
441
651
238
483
743
345
487
715
253
562
743
332
450
616
231
426
618
221
416
621
241
422
615
229
435
267
252
426
231
234
435
221
252
443
611
238
441
632
267
437
276
245
457
628
264
490
237
239
464
209
231
568
338
618
544
678
348
560
826
345
485
290
265
552
696
439
543
783
407
573
817
374
457
312
449
601
693
407
507
331
270
546
852
352
454
641
318
453
787
363
478
332
324
444
377
485
490
682
346
449
331
343
475
319
354
547
770
361
456
617
232
438
635
214
417
612
259
574
696
419
483
363
321
548
308
325
484
677
284
568
719
377
463
347
344
555
419
291
553
782
401
692
396
393
547
362
384
605
405
439
532
362
385
613
369
346
648
384
358
673
453
448
645
397
425
674
445
417
657
406
433
640
427
450
651
399
435
667
412
439
646
409
415
665
448
547
629
421
311
610
367
429
558
432
375
619
359
423
453
330
317
577
306
357
510
326
319
565
317
354
490
388
291
549
348
398
509
373
321
613
371
403
584
388
372
616
348
323
566
381
346
559
365
357
464
384
358
572
349
427
619
344
263
529
305
346
542
306
343
660
399
384
503
323
319
566
306
360
477
509
372
554
306
365
523
324
293
583
288
339
511
417
290
554
298
323
520
326
291
548
308
411
623
533
317
569
301
358
499
315
292
552
284
375
500
358
304
538
299
365
504
347
401
801
296
360
498
358
290
560
313
362
517
363
291
597
292
373
531
376
297
560
282
371
590
361
284
571
290
351
493
359
285
544
252
448
633
476
336
551
264
339
490
356
335
544
335
351
628
488
371
593
254
350
535
337
301
542
224
378
552
523
343
531
295
345
488
370
348
546
330
339
486
354
313
538
243
336
484
374
332
521
309
355
504
355
264
544
291
356
562
431
306
535
302
479
660
555
475
592
332
401
542
401
360
616
299
408
577
410
310
607
309
408
563
388
328
624
296
387
552
399
381
605
252
399
550
417
310
693
333
371
533
339
284
543
310
549
786
512
435
610
316
404
452
378
368
635
304
401
573
437
389
624
248
415
558
385
349
544
287
239
458
206
240
494
301
391
626
405
322
700
365
413
571
427
320
591
443
477
652
486
379
622
242
327
546
348
306
558
299
325
524
340
242
554
307
334
543
345
293
553
284
327
478
345
333
561
313
332
567
344
322
578
283
520
554
365
358
565
324
377
601
358
283
557
273
393
551
342
327
701
313
439
506
414
317
548
333
413
581
390
317
545
232
371
528
319
257
568
371
429
578
351
343
475
282
410
527
402
313
462
287
429
569
412
322
464
308
419
534
415
310
484
319
323
593
349
320
555
286
468
602
443
365
660
247
389
774
328
378
504
302
409
571
406
312
457
239
248
459
272
337
456
266
240
459
247
244
441
238
271
438
259
246
449
230
234
447
258
269
454
265
267
446
242
267
452
243
265
470
228
262
455
276
301
1012
312
380
625
350
431
615
432
424
624
412
379
665
457
528
728
411
571
578
318
312
515
264
305
550
323
340
502
283
310
549
333
306
495
276
324
546
322
319
514
265
318
507
310
425
533
357
433
584
398
379
619
328
432
650
441
369
565
338
331
586
415
349
543
256
348
537
322
340
581
349
427
630
416
419
676
383
495
722
450
433
623
402
482
715
435
441
739
396
465
735
441
423
738
382
414
632
446
426
711
401
434
643
370
344
638
310
451
655
363
362
616
290
419
617
335
351
649
399
379
521
364
452
710
377
488
721
388
449
764
480
475
720
405
508
727
483
404
712
383
509
699
441
527
706
384
504
769
436
499
711
393
476
740
438
491
667
376
541
699
462
488
742
379
547
715
400
493
559
306
505
699
345
481
801
457
528
696
456
474
694
301
282
679
366
500
726
355
527
750
411
509
719
390
510
731
425
512
721
367
472
728
427
512
697
454
525
743
451
523
707
378
531
707
474
492
703
383
520
701
430
517
719
333
519
612
278
289
548
279
320
499
256
301
558
282
313
531
252
285
595
307
489
668
369
523
688
391
375
636
234
460
648
368
433
616
361
456
619
354
353
633
393
603
586
304
324
567
276
448
498
318
332
571
258
423
546
312
320
577
216
410
564
314
315
570
251
434
571
297
285
573
268
407
562
322
326
575
246
392
518
291
355
677
352
535
682
374
380
625
330
363
569
218
251
455
185
259
454
204
244
459
183
255
447
177
267
450
202
321
456
209
242
474
203
241
468
199
258
461
179
276
461
183
264
471
201
262
464
201
267
445
200
258
441
203
262
466
199
272
555
202
264
465
192
245
475
224
339
596
299
393
590
447
362
631
333
443
671
376
335
588
299
440
717
359
346
597
312
446
651
433
496
614
353
453
667
431
426
619
324
439
654
442
361
532
258
343
594
386
427
624
310
394
672
390
422
545
274
416
585
290
352
511
231
277
546
270
303
515
292
335
593
287
324
516
236
275
541
288
309
509
296
281
556
274
306
499
227
353
562
267
330
520
229
272
551
298
297
499
303
332
577
268
300
503
280
337
552
264
332
530
244
357
560
266
412
516
245
310
535
312
592
530
270
368
662
265
327
547
249
336
553
230
283
474
197
283
463
204
276
472
193
292
469
207
281
473
246
331
576
340
350
604
263
405
588
317
368
593
269
398
505
244
278
469
193
273
469
208
274
468
504
343
577
335
372
517
253
331
608
342
355
555
241
364
586
260
372
513
194
316
640
420
441
540
244
279
471
186
263
563
270
349
561
226
340
537
239
303
583
227
365
516
235
307
558
239
378
512
260
308
559
230
355
520
233
293
548
233
368
527
254
335
567
231
398
510
246
307
567
230
381
567
236
301
565
225
419
687
308
448
701
325
422
599
320
403
600
359
366
572
268
425
586
337
377
586
297
404
582
332
375
506
355
397
571
310
384
568
245
371
576
244
374
513
269
309
560
239
390
516
270
310
574
230
379
516
299
312
557
226
354
523
237
307
556
231
417
510
327
343
588
336
369
610
344
380
579
352
363
597
281
390
579
339
321
529
251
281
488
261
296
605
266
469
634
242
367
524
320
325
579
321
561
662
343
435
703
380
517
591
292
470
709
359
519
657
338
382
662
347
515
677
439
471
698
354
522
712
342
332
641
347
517
722
354
490
748
386
454
606
291
346
618
314
486
675
351
400
600
353
414
625
284
413
703
256
488
679
364
333
626
336
484
638
347
430
697
329
491
652
405
417
679
373
511
565
266
344
579
330
375
968
324
388
629
329
380
551
366
465
682
334
487
671
428
419
695
333
497
670
415
464
683
325
476
678
377
464
706
322
400
543
288
318
585
323
400
560
291
320
592
269
383
553
274
312
591
267
400
547
244
315
574
287
483
629
422
512
747
390
577
728
400
525
765
379
584
762
447
543
723
466
503
704
490
495
752
389
540
758
474
509
696
385
480
610
465
529
749
385
570
730
375
474
735
462
559
770
421
515
750
399
502
767
446
512
762
305
490
575
289
522
704
341
437
663
448
470
660
326
442
658
369
473
669
388
453
694
466
477
649
420
506
680
416
451
680
359
445
657
322
445
680
367
460
638
332
443
697
388
468
655
371
467
675
640
442
648
338
441
647
356
448
642
365
471
651
372
401
564
432
365
614
256
393
570
276
384
593
269
410
541
337
385
660
250
362
566
322
353
591
247
419
557
326
367
619
257
381
579
315
392
618
242
416
582
306
346
610
241
429
559
326
352
615
245
409
610
314
355
610
248
400
581
352
366
599
244
401
618
307
442
679
352
423
650
400
455
707
344
350
659
403
451
700
352
520
694
419
452
559
329
403
567
347
468
696
432
498
681
359
454
718
341
501
677
408
458
688
336
495
684
411
463
721
327
492
733
402
481
700
255
437
613
307
391
764
427
584
712
293
506
763
371
589
716
433
458
807
399
479
704
469
496
729
379
458
672
372
439
690
251
436
626
314
376
634
240
424
607
332
401
609
237
443
632
310
374
599
242
444
614
320
375
605
238
404
627
342
379
659
308
410
643
311
376
625
239
411
635
339
422
743
417
563
800
487
415
793
378
514
711
414
441
640
238
400
603
299
373
620
230
406
620
331
381
618
242
410
601
346
364
614
232
405
610
327
396
621
268
398
612
314
377
615
237
416
617
322
360
623
309
410
643
331
403
624
308
428
635
262
521
701
383
483
646
372
472
680
324
582
735
459
523
789
387
548
696
342
517
767
368
592
648
389
519
779
398
487
634
409
515
773
451
574
723
424
413
764
363
584
737
469
526
786
411
572
761
530
481
627
340
436
628
346
448
619
335
440
635
332
451
622
354
429
618
331
431
633
338
440
633
321
419
617
332
432
635
322
438
613
313
418
631
306
423
646
330
430
654
320
418
621
334
462
658
320
439
652
343
415
639
335
431
642
316
440
647
313
450
652
342
443
645
319
431
643
327
443
649
311
453
644
325
440
662
304
441
644
323
442
651
310
429
642
362
441
652
311
446
649
314
434
663
323
439
643
314
433
646
551
456
698
339
442
644
300
439
625
282
535
795
456
526
754
406
576
790
467
545
787
398
578
789
480
514
790
372
558
799
470
509
718
271
481
639
402
430
698
322
478
739
442
410
627
227
463
625
311
408
620
296
434
628
303
411
623
286
427
625
301
386
632
285
451
631
312
428
635
299
459
631
312
387
615
302
436
618
314
407
623
302
445
612
308
416
640
289
431
620
331
393
576
321
481
673
360
444
669
279
499
725
364
500
689
383
473
681
364
512
718
366
487
666
350
492
683
358
482
663
349
483
681
365
474
686
358
477
668
354
468
715
346
482
672
387
486
730
375
512
714
369
464
705
320
348
577
301
462
622
397
388
561
351
360
591
340
388
681
272
490
656
397
455
736
432
547
769
477
428
666
347
462
662
384
440
678
343
450
660
368
417
649
276
474
669
345
440
666
346
473
662
347
407
667
271
379
601
288
404
764
362
438
639
360
384
682
269
472
635
291
426
648
231
551
634
450
471
637
362
572
761
434
565
756
407
574
739
426
555
739
414
562
695
436
537
742
401
564
618
283
387
628
258
474
677
405
433
675
349
483
688
392
445
686
342
478
786
386
466
697
378
491
689
437
466
706
332
491
692
407
459
769
410
554
771
459
532
762
400
594
782
452
535
814
456
552
700
437
398
616
294
528
620
378
458
730
385
476
620
431
502
685
555
392
608
289
366
607
250
412
595
295
387
603
261
436
593
290
347
624
248
411
590
288
355
629
239
422
609
286
397
564
308
495
727
370
431
629
293
393
645
395
502
715
406
533
718
319
458
734
335
536
642
260
460
742
325
452
679
329
398
627
294
438
609
277
401
617
262
438
608
291
383
622
283
437
606
313
394
640
265
435
613
357
407
742
390
544
726
407
408
748
369
591
792
370
463
638
328
592
644
397
470
656
328
509
704
382
548
701
368
511
709
327
525
723
360
521
729
489
394
778
439
521
781
453
537
795
416
586
711
467
526
811
406
581
784
454
513
791
408
585
797
430
524
789
400
565
762
440
538
763
371
520
643
289
420
638
357
432
647
290
494
652
333
454
663
306
492
644
327
458
650
306
473
643
331
456
652
352
391
761
334
535
739
414
494
620
330
446
656
322
462
653
329
469
645
322
461
645
308
464
648
328
411
583
249
423
609
303
374
692
286
416
613
285
377
645
265
439
592
213
351
639
264
477
650
362
537
809
358
593
792
437
498
791
433
603
739
438
524
817
392
604
690
388
528
736
391
532
734
403
513
725
365
496
637
280
402
688
240
451
662
316
426
659
266
458
657
309
420
675
237
548
706
393
511
693
367
554
757
407
529
759
354
547
757
414
497
764
363
543
711
402
502
752
357
556
752
389
499
753
352
549
763
665
549
751
337
495
607
374
486
650
285
432
648
293
383
631
240
420
623
272
396
634
253
434
717
364
444
635
312
436
646
317
430
629
305
436
644
289
433
628
306
418
634
311
428
625
313
416
637
298
435
622
307
446
636
297
445
618
301
453
629
298
548
785
412
552
651
299
477
621
241
454
614
306
428
625
240
433
617
290
405
620
244
436
653
303
413
709
304
495
619
315
456
643
243
440
638
286
361
670
245
457
598
318
348
525
190
346
522
188
332
524
193
333
540
189
336
539
186
345
539
185
331
532
193
333
539
180
335
539
185
327
536
182
328
537
180
350
537
180
323
529
182
325
534
176
327
533
182
338
530
178
349
536
184
348
532
201
344
533
200
340
531
197
346
527
195
347
531
192
341
531
191
345
538
230
345
530
196
347
524
223
343
526
190
336
523
190
330
528
194
326
535
189
351
551
190
323
623
288
439
638
239
491
653
298
432
637
255
442
610
287
434
733
272
487
644
306
450
654
277
497
670
308
473
639
263
483
638
349
472
665
263
480
662
302
449
667
263
469
659
300
466
660
262
488
659
297
445
659
275
466
663
305
462
666
271
464
676
294
439
657
257
477
652
324
457
653
267
461
656
320
442
667
281
455
673
369
434
683
274
451
654
340
464
736
271
543
662
376
476
709
256
495
663
353
473
818
428
497
703
333
577
798
386
618
835
499
626
888
413
651
824
381
586
885
386
685
807
499
550
701
337
509
728
232
542
739
243
522
734
356
571
700
362
430
662
300
449
652
268
477
686
343
404
602
344
496
637
268
472
739
205
418
584
263
435
835
416
573
692
431
622
786
410
535
701
446
607
801
400
624
790
464
581
782
393
629
785
369
463
653
240
458
640
300
462
639
240
452
650
295
451
647
297
530
781
402
505
722
407
562
778
404
579
754
482
630
866
455
572
825
438
614
766
457
629
812
320
479
665
321
451
666
277
462
588
314
465
683
262
461
652
356
460
688
275
458
609
303
461
677
264
448
665
294
444
677
275
487
667
300
449
674
274
476
602
334
449
683
259
446
677
348
470
681
256
472
674
297
468
662
254
466
677
296
484
675
268
470
661
293
435
679
255
469
663
294
478
696
262
473
667
309
458
681
260
469
654
254
482
674
274
470
673
295
484
661
260
469
664
321
466
663
252
467
655
292
459
649
213
718
802
639
473
763
467
623
831
428
582
820
464
569
769
421
600
765
425
592
798
415
603
792
469
633
805
469
562
723
267
537
681
376
431
694
291
476
684
313
485
676
260
484
678
324
464
701
275
466
701
301
496
680
284
437
653
328
467
693
321
483
690
307
460
674
302
486
689
321
466
678
309
481
687
303
466
674
301
473
667
407
563
769
405
566
771
394
561
716
414
566
767
357
567
769
409
578
785
404
576
774
403
547
787
403
537
740
246
536
669
356
527
634
312
521
659
363
448
731
248
521
670
198
469
670
240
452
656
292
462
694
250
413
647
291
454
678
250
470
652
298
441
631
302
467
649
303
481
652
257
476
663
240
463
672
247
484
644
290
463
674
253
410
644
289
440
657
309
470
654
301
464
564
248
465
691
291
462
702
306
498
713
306
517
717
227
479
655
312
488
680
261
471
679
307
517
683
263
486
645
311
488
598
303
461
667
295
497
790
418
587
771
341
588
803
389
582
773
395
557
775
385
588
782
402
585
771
405
576
776
336
464
700
253
466
678
312
491
679
269
468
668
297
458
676
262
465
674
290
474
689
248
466
678
309
474
680
249
485
700
315
480
686
271
461
672
318
474
705
270
477
664
318
483
673
266
459
665
321
467
668
310
477
675
349
571
619
207
377
553
202
388
577
208
367
557
200
352
548
197
387
553
200
373
579
232
373
561
194
376
573
196
378
574
197
347
549
192
373
573
188
370
570
191
369
570
191
352
578
197
371
567
193
366
570
188
369
566
192
377
567
188
364
571
184
366
566
187
367
561
188
365
569
197
401
678
361
469
565
200
366
592
325
558
736
310
521
736
354
379
566
211
533
667
339
518
658
228
521
748
339
376
558
230
414
713
359
470
588
224
478
719
380
479
739
359
584
685
397
502
686
274
505
676
393
490
773
326
568
683
372
452
737
256
512
697
377
445
748
263
516
678
352
492
738
314
548
670
357
477
733
286
545
674
360
482
746
262
552
680
356
509
762
333
515
748
394
507
686
325
553
776
322
474
671
313
534
732
394
596
795
384
583
791
389
594
688
349
585
776
398
574
784
353
584
776
389
593
765
225
541
697
418
506
852
297
557
744
490
592
880
419
583
897
438
624
837
460
631
835
405
623
878
418
592
714
314
477
692
302
485
682
315
472
695
291
472
697
317
470
701
340
565
808
393
482
696
279
461
650
322
468
691
293
476
689
303
462
693
280
470
674
314
488
710
327
675
798
455
595
854
461
637
797
446
604
849
441
653
806
453
596
826
443
530
713
372
548
739
308
558
711
381
563
747
310
572
688
391
503
773
300
577
687
373
484
753
304
584
687
367
488
773
369
644
794
396
570
780
412
571
822
394
560
864
320
496
708
271
464
683
282
502
692
270
484
711
252
545
784
369
593
853
249
551
680
324
452
710
232
495
708
351
443
722
337
439
632
348
602
805
414
615
811
457
595
858
466
632
817
449
651
852
459
657
819
478
655
870
453
632
825
446
627
888
399
550
697
350
551
750
386
574
751
386
581
798
392
592
806
383
538
710
323
484
739
346
496
712
300
500
691
314
491
698
247
502
709
321
492
697
390
507
706
349
498
705
321
490
696
324
487
712
339
480
704
321
496
716
348
482
715
333
486
763
297
501
652
316
503
699
318
505
685
318
495
696
347
517
702
326
506
697
311
514
717
314
504
736
332
499
685
322
500
690
330
500
703
313
511
702
325
501
712
301
491
688
338
496
696
306
500
709
304
499
722
314
501
736
307
507
707
317
500
732
291
514
711
315
513
712
306
513
698
300
490
639
231
536
742
411
601
801
398
579
770
387
527
779
311
567
697
372
488
771
312
565
697
366
516
786
343
565
717
371
485
777
207
464
699
385
521
766
280
514
809
391
602
703
309
515
702
301
520
727
261
519
754
404
563
803
420
607
698
359
517
770
357
581
699
320
529
755
314
541
806
409
561
728
307
533
699
320
517
688
305
522
702
293
492
701
327
521
722
311
524
703
331
529
699
318
504
643
259
513
707
311
511
638
295
550
735
397
608
841
335
602
730
374
505
774
395
592
697
367
513
770
410
588
723
363
418
790
420
615
812
406
585
705
260
518
719
307
510
708
305
525
710
301
475
734
302
512
705
304
494
708
324
500
709
302
493
699
325
506
723
314
498
694
295
512
699
296
510
703
280
502
633
320
489
694
288
491
695
298
494
713
288
523
647
318
509
705
333
498
694
322
495
728
307
507
694
293
480
706
336
526
735
334
433
732
319
491
726
314
491
698
305
520
698
310
531
720
304
551
682
319
508
825
361
648
836
420
629
827
314
470
611
213
414
607
299
515
701
340
501
685
295
536
697
304
531
706
294
508
702
310
500
713
293
515
699
308
518
711
310
535
694
306
527
714
251
514
705
301
531
715
298
514
695
306
458
716
305
525
715
240
506
738
302
544
670
302
511
727
324
517
690
299
504
703
292
514
714
203
400
601
194
407
625
305
533
811
402
595
815
400
621
816
402
592
752
363
508
768
362
583
705
363
517
781
388
585
731
377
552
786
383
594
704
386
511
788
386
619
727
397
541
784
382
577
734
385
561
793
391
607
725
401
536
796
384
589
715
370
552
814
385
595
717
380
540
783
371
582
721
379
531
776
372
587
710
372
537
776
370
580
719
393
528
789
365
584
714
380
549
778
376
576
730
379
521
765
378
573
719
366
543
776
374
708
742
398
515
797
359
562
816
424
630
826
324
503
707
318
521
685
293
494
728
304
511
720
315
494
730
286
521
731
323
517
739
319
530
715
291
480
726
281
523
720
312
539
732
299
504
727
309
503
720
304
551
787
422
612
848
343
619
814
431
600
832
341
639
837
448
538
724
286
520
708
295
509
719
300
545
714
309
528
715
300
570
761
335
568
827
396
544
743
313
506
720
366
551
707
303
503
723
299
515
705
300
535
740
386
523
772
316
594
717
378
511
792
398
605
720
381
516
794
396
585
720
376
539
791
282
647
734
378
565
791
352
533
714
327
625
870
372
631
712
401
528
861
430
691
822
504
644
800
340
689
843
498
637
858
449
657
822
487
611
901
458
707
831
489
504
790
334
591
709
402
521
799
339
526
726
409
530
843
339
519
714
413
528
787
247
555
739
323
512
688
317
516
720
321
512
700
317
504
723
327
518
710
344
593
732
423
525
795
330
587
718
372
501
775
318
608
711
404
539
858
326
668
631
390
660
860
250
550
737
422
549
858
337
547
803
427
581
730
323
509
707
309
546
709
313
576
704
324
520
701
311
515
701
306
520
707
336
508
694
314
529
733
325
521
691
304
528
731
304
518
721
303
584
809
419
624
781
419
586
822
383
690
750
477
1164
900
439
633
757
421
634
813
474
614
808
393
616
745
328
482
733
329
570
839
375
622
731
381
522
790
326
581
726
382
531
791
348
595
720
393
513
779
341
596
765
390
532
767
346
585
734
412
522
821
379
613
727
411
518
793
320
591
330
405
523
821
323
615
730
403
517
802
320
579
718
320
549
772
319
570
737
381
528
777
326
640
754
406
551
779
316
621
718
417
523
419
320
618
717
402
560
853
317
615
729
388
512
774
344
615
749
416
515
767
344
615
292
423
547
360
334
617
291
407
579
813
302
561
312
345
557
302
365
541
308
354
545
843
391
623
369
398
608
434
343
600
790
276
621
345
357
508
279
398
505
843
372
708
877
447
647
450
363
618
426
391
602
782
393
614
798
397
525
400
333
585
297
289
562
314
395
685
774
407
544
387
330
596
717
400
537
796
331
594
295
377
543
410
364
598
300
393
525
369
337
611
305
379
542
770
331
614
325
401
520
395
343
611
291
421
535
367
356
616
301
441
663
375
347
539
405
415
521
383
345
601
340
437
548
410
354
635
339
400
543
468
350
587
424
393
549
432
347
587
294
399
531
438
342
588
334
422
567
432
360
613
386
402
522
357
341
620
331
422
556
408
345
577
326
398
562
429
338
614
367
400
561
425
342
601
346
387
550
393
335
626
374
414
538
391
336
605
329
408
539
370
322
604
316
414
534
372
346
608
339
403
534
367
344
587
318
414
552
366
367
583
334
584
537
361
339
594
315
388
524
373
280
609
309
398
540
354
326
602
340
434
559
429
326
609
405
388
565
377
352
609
405
430
552
417
357
616
384
432
527
465
360
605
398
403
554
392
353
636
351
442
568
437
364
620
394
406
543
386
364
616
387
409
539
416
351
625
400
427
557
398
351
633
389
398
552
467
346
612
400
415
542
421
356
614
334
412
540
371
349
616
364
415
543
427
344
610
357
408
547
394
339
590
329
424
531
401
362
618
325
391
588
373
341
614
343
429
562
395
346
623
308
398
567
435
385
596
389
450
530
420
348
614
366
373
544
345
359
541
377
320
540
357
324
531
383
373
537
370
324
533
381
344
548
339
359
535
318
340
541
325
366
529
364
345
547
387
378
540
329
333
559
359
359
554
332
358
534
310
352
535
334
334
532
376
350
521
412
342
554
332
362
549
373
350
536
319
356
538
330
350
554
355
448
650
354
446
545
378
356
600
306
427
628
403
349
616
326
431
614
400
347
600
393
409
539
389
456
593
341
430
559
365
428
627
335
397
556
360
442
648
301
434
607
385
341
627
481
439
521
395
320
600
366
404
541
399
431
621
304
433
530
442
417
596
397
416
561
431
429
629
381
432
541
374
361
608
260
420
561
398
338
606
412
433
637
421
454
577
331
343
558
320
362
558
315
355
549
302
352
526
352
347
546
306
368
563
315
354
542
292
380
545
317
363
539
303
357
556
314
348
537
298
363
538
320
339
549
337
365
542
302
343
543
302
354
537
308
352
540
288
346
529
306
351
545
314
354
552
302
336
563
299
346
538
301
353
534
318
346
541
360
346
535
377
386
545
388
351
526
339
344
537
326
346
530
305
348
535
323
333
528
336
335
529
321
346
571
310
343
525
316
344
530
312
358
531
322
371
525
318
362
525
324
355
564
313
367
557
306
351
557
314
316
581
325
414
505
421
366
576
282
401
677
462
426
592
379
370
542
424
367
729
433
517
678
496
484
729
428
531
689
487
464
671
353
442
658
417
426
618
336
416
630
375
376
650
375
424
595
421
412
620
376
439
578
404
394
638
451
457
663
473
451
659
416
450
673
497
461
612
336
407
619
384
382
606
313
471
659
450
514
703
397
420
567
352
415
597
290
356
548
392
418
612
335
446
744
524
541
761
366
564
680
510
443
759
391
417
534
321
296
571
265
367
504
331
348
582
257
382
566
333
313
584
254
368
506
324
313
602
249
389
501
336
310
558
257
376
525
341
322
594
243
373
571
314
314
569
330
374
524
309
309
588
266
364
526
304
302
577
268
380
507
416
332
606
270
367
516
354
305
582
261
369
515
325
325
573
273
383
516
340
299
592
255
375
511
322
302
575
280
379
514
347
335
569
277
464
558
336
307
567
354
393
515
326
389
577
256
400
510
393
300
620
300
444
482
276
482
768
465
550
738
529
429
619
333
426
724
403
390
620
426
467
614
346
401
589
315
360
591
338
393
578
343
362
592
411
393
583
346
383
586
325
363
587
322
402
603
422
390
590
310
387
591
309
419
1193
303
504
573
326
389
585
369
382
595
336
385
584
360
452
698
405
483
704
416
460
595
368
392
576
329
374
591
336
382
604
353
373
610
341
382
599
338
374
608
366
377
591
357
386
597
325
370
595
406
387
595
327
381
592
324
379
588
345
369
622
304
379
594
343
407
587
363
438
703
427
514
699
422
457
686
411
497
681
425
509
605
317
421
611
414
479
683
419
490
710
440
478
609
335
394
576
315
422
516
314
385
587
342
385
572
324
390
585
323
383
575
325
383
578
260
362
560
287
385
599
357
520
608
371
405
585
347
385
587
315
383
566
289
379
604
297
374
608
395
479
596
346
353
569
286
318
550
314
404
647
302
414
573
381
406
652
228
448
646
377
454
645
375
464
568
370
282
631
326
432
576
382
386
604
335
454
589
367
458
626
320
459
571
411
449
645
403
464
821
543
511
809
460
610
704
527
542
808
315
459
576
371
384
637
308
452
582
361
392
604
443
505
726
422
520
727
354
489
686
432
496
694
441
497
711
423
498
689
399
510
701
411
486
610
519
533
629
456
437
770
353
415
499
283
375
565
275
361
558
296
383
574
283
370
565
279
363
563
311
383
560
291
372
563
293
372
580
293
367
565
325
374
596
270
369
594
210
369
604
292
359
589
283
367
585
294
349
589
288
372
580
308
357
570
297
363
584
303
382
635
321
387
519
304
385
588
309
378
595
327
378
592
310
369
590
301
376
593
300
380
575
299
380
583
306
369
525
299
393
589
281
373
612
292
396
574
293
459
715
474
475
745
415
478
689
452
469
733
391
476
685
384
389
638
307
435
601
279
348
616
241
401
541
314
330
573
237
381
531
314
322
581
242
387
544
337
317
583
239
384
527
287
319
587
266
389
525
317
335
586
265
381
533
411
512
736
415
423
539
329
395
591
282
404
582
353
392
505
216
288
476
203
289
478
188
315
483
206
288
478
256
296
479
205
302
475
202
289
470
214
286
466
202
284
479
386
385
694
452
504
699
434
512
684
430
421
651
343
402
514
211
282
473
225
283
496
200
281
477
237
417
597
344
399
609
300
485
600
343
422
600
336
421
634
361
425
545
205
281
492
987
343
632
337
408
612
343
418
618
317
414
605
317
428
626
372
408
609
313
421
627
310
410
613
378
397
611
307
424
623
334
397
628
322
445
613
323
409
619
354
406
601
328
396
624
342
402
623
335
386
599
300
398
630
330
394
634
352
289
529
312
484
566
300
471
674
347
363
533
386
382
639
357
417
501
219
295
512
222
305
623
319
418
675
336
380
588
314
397
590
330
396
608
318
405
594
311
419
511
249
382
586
304
404
594
299
392
596
353
409
587
296
501
621
333
400
609
309
421
591
273
413
583
291
390
582
287
377
585
295
386
603
322
388
581
321
514
694
411
398
603
304
392
599
290
406
719
403
449
605
333
393
606
304
396
626
321
399
644
449
528
706
333
423
624
302
392
606
292
315
601
288
408
594
293
381
604
367
409
518
371
407
634
341
438
620
308
412
624
333
420
607
343
419
644
391
419
662
344
415
672
372
471
686
406
473
669
383
413
619
338
406
602
359
430
590
315
411
615
313
420
624
330
425
603
300
429
599
344
416
625
311
431
602
332
407
608
301
425
598
408
497
716
398
535
618
324
412
604
314
422
599
346
421
564
358
442
698
313
418
690
387
354
696
305
470
627
371
337
597
319
418
626
321
412
622
317
414
631
309
401
634
309
427
626
328
414
614
323
406
625
338
403
593
314
410
637
307
415
619
233
360
610
304
349
641
341
402
650
337
526
656
307
416
632
321
384
631
317
408
530
314
414
611
311
387
613
322
387
596
307
404
605
310
395
601
310
368
593
313
380
595
313
406
617
324
407
590
297
402
622
296
411
580
316
400
599
296
412
605
230
476
681
311
399
619
307
393
598
306
419
596
296
374
595
289
387
581
300
403
603
300
401
587
301
392
597
300
393
627
294
407
601
315
396
616
300
379
588
286
402
638
312
413
624
288
386
602
297
386
623
295
410
554
294
387
593
306
381
618
303
461
646
352
422
640
345
437
624
332
439
608
312
431
647
325
430
626
329
425
646
314
419
670
334
446
635
316
425
652
342
434
646
328
433
640
328
420
643
322
431
642
238
435
641
318
425
626
362
422
642
323
415
649
325
421
633
338
426
625
233
1169
554
363
405
702
334
456
723
469
440
643
300
400
618
296
438
602
301
388
620
292
393
608
286
347
632
350
416
606
303
575
628
378
435
617
306
415
688
466
377
719
262
350
688
359
523
635
343
407
623
307
402
609
309
430
618
307
434
629
300
437
620
335
399
643
304
393
599
288
411
602
318
402
588
283
405
596
316
411
599
284
404
518
189
396
609
294
416
588
311
394
589
295
416
618
304
397
591
295
408
610
319
407
657
292
400
613
301
403
594
367
399
625
329
453
694
396
408
655
301
493
752
366
401
694
302
502
698
372
392
609
309
410
686
379
401
610
302
501
549
374
406
606
297
463
681
311
392
690
290
403
716
355
406
673
288
516
517
191
304
505
193
313
505
274
416
599
281
403
581
293
479
825
480
605
801
513
418
690
344
461
699
396
412
691
410
453
664
370
438
668
375
474
668
376
422
659
368
491
681
408
423
645
373
458
694
384
418
688
392
473
662
363
450
682
307
455
661
374
398
675
395
453
668
368
419
672
392
481
651
376
427
678
324
478
677
353
322
510
204
315
515
198
315
506
206
390
558
295
407
606
310
407
545
295
404
612
287
405
546
290
395
601
304
395
560
294
406
608
305
397
561
321
409
624
341
411
633
283
404
620
299
410
539
295
335
622
289
391
550
297
446
621
308
392
616
285
430
614
332
388
626
305
423
629
297
397
549
293
398
623
301
383
622
299
423
635
303
395
541
317
457
624
336
399
539
347
446
620
306
443
533
341
528
689
330
417
566
331
423
625
339
421
546
317
420
602
296
434
584
291
436
627
314
411
562
311
427
604
311
407
554
308
411
597
312
421
552
282
426
603
292
330
668
389
458
690
232
437
654
421
437
712
419
523
580
286
358
632
283
452
653
331
459
664
337
453
650
317
466
648
322
432
641
320
461
636
332
452
560
329
447
653
462
445
683
316
449
638
347
438
645
316
462
623
325
453
662
314
466
651
342
473
631
314
476
658
340
456
556
361
453
607
342
430
585
309
437
633
303
426
588
313
455
673
321
450
601
297
452
641
295
441
602
298
431
618
337
428
593
296
445
621
311
414
582
294
430
616
276
421
588
319
426
626
301
455
779
321
461
648
348
442
630
321
466
634
323
521
704
451
597
783
485
601
654
456
597
771
469
587
676
374
508
815
479
575
763
457
555
801
472
571
719
438
593
810
462
583
769
435
474
706
289
482
673
374
486
718
334
474
647
384
502
676
296
489
675
351
505
702
300
488
686
384
506
709
295
492
671
379
501
689
295
508
661
366
507
699
311
483
690
343
509
707
286
496
670
406
508
699
283
508
719
458
511
741
240
491
730
367
517
715
312
491
652
359
481
695
304
491
656
384
496
715
324
494
665
368
503
682
293
476
673
365
481
694
311
478
654
362
493
685
306
378
590
285
429
755
320
434
576
334
431
647
296
444
585
298
451
647
298
460
570
293
469
627
236
439
544
359
528
705
403
574
802
433
558
792
440
600
812
440
576
772
361
515
633
370
509
692
303
501
638
352
506
722
205
511
637
384
508
707
327
509
653
339
415
694
243
387
595
298
537
749
329
539
626
307
387
624
304
420
598
344
498
730
296
503
634
280
454
646
324
376
604
323
468
641
333
427
608
320
428
580
315
450
598
339
441
635
361
445
627
302
368
652
339
480
568
297
461
647
320
435
612
324
480
674
343
460
616
316
446
650
352
459
617
332
475
651
334
436
612
315
455
632
350
495
567
318
460
649
321
458
606
321
467
667
372
471
616
307
470
661
334
457
606
326
462
699
310
459
572
282
413
617
301
424
567
280
404
627
300
412
565
307
410
644
292
444
587
285
376
608
279
401
576
291
382
658
333
449
612
338
450
646
329
452
614
311
446
672
331
461
614
322
457
720
260
462
677
415
500
706
421
510
671
303
494
633
209
330
561
192
337
528
200
332
532
190
340
528
204
327
532
213
340
613
222
328
525
187
341
544
199
329
537
197
372
526
198
328
545
218
381
543
197
332
551
187
354
699
202
321
544
185
334
540
194
321
549
189
330
546
192
353
543
191
334
541
193
318
541
213
359
567
194
353
550
181
353
535
230
345
538
184
363
542
188
348
538
249
478
705
404
550
667
364
505
735
387
513
634
306
465
727
391
544
679
377
468
750
384
517
679
386
462
701
376
539
654
389
460
732
408
538
696
382
410
729
395
516
693
347
473
712
359
503
578
377
473
734
392
532
684
418
459
669
309
509
684
391
476
718
390
530
676
376
386
723
371
456
665
375
478
698
380
515
557
366
473
727
376
510
683
367
467
737
307
513
691
390
456
730
378
513
683
368
390
677
363
524
698
289
475
625
311
592
703
410
411
613
230
372
563
261
375
653
303
569
619
311
395
643
288
454
600
281
368
648
312
455
598
272
371
644
282
452
652
279
377
634
318
444
604
270
371
644
255
446
593
323
368
644
328
433
591
306
399
646
329
459
597
473
444
636
305
510
715
294
366
652
301
448
654
296
364
669
285
437
650
289
443
680
306
456
594
360
392
754
372
522
696
354
490
746
371
497
698
353
422
745
376
560
692
361
446
725
403
539
736
350
515
740
366
539
713
378
513
741
378
527
757
436
553
817
395
635
647
352
508
726
377
519
690
361
477
727
370
530
682
366
494
805
428
493
642
215
469
792
244
453
678
279
389
652
225
411
627
355
458
669
295
536
817
372
509
584
226
346
574
203
356
558
209
343
558
195
351
549
208
343
560
200
358
593
411
558
711
375
526
733
281
517
702
367
383
555
216
376
565
352
447
659
324
479
676
323
445
675
326
496
661
317
462
668
339
492
632
328
441
671
328
483
634
305
453
661
334
487
665
313
437
666
337
505
632
321
457
671
354
483
632
321
435
680
369
547
664
356
443
659
316
478
637
318
427
666
332
496
683
319
435
681
310
666
876
312
429
690
330
488
696
308
424
684
318
473
678
299
455
703
318
472
659
324
390
697
319
472
690
297
423
680
250
468
672
274
359
638
281
442
648
289
398
649
294
499
1750
294
431
683
313
460
671
407
442
764
385
484
682
379
490
666
297
472
636
311
436
676
306
478
687
301
430
666
311
482
674
313
417
669
304
486
665
306
418
661
298
486
680
293
452
666
315
461
619
256
418
700
294
495
678
304
440
665
304
1292
702
353
478
735
358
511
733
363
463
708
356
540
724
373
480
720
345
507
750
349
497
749
340
552
766
379
478
726
324
549
719
371
478
730
328
550
729
392
475
722
335
530
736
345
487
735
346
522
736
373
477
731
323
527
729
379
506
739
343
541
675
333
417
731
315
526
742
377
476
749
323
512
716
396
462
741
321
531
740
369
464
769
334
512
739
367
473
743
338
551
743
389
475
723
312
555
739
368
492
738
321
582
766
385
469
779
307
509
733
363
506
732
305
562
702
358
496
731
319
563
782
376
512
758
313
474
727
373
483
732
329
562
723
365
459
680
261
600
764
392
521
695
275
593
677
284
430
654
204
470
655
301
424
658
200
494
653
292
420
661
203
493
647
307
412
661
217
467
662
279
420
655
272
475
670
284
411
680
273
469
1519
332
417
681
220
476
668
296
411
678
223
465
695
305
422
711
294
491
658
293
428
679
212
484
649
301
411
671
236
459
646
292
411
685
213
461
674
294
427
671
212
455
654
287
413
680
205
479
674
286
405
668
219
491
663
284
431
670
218
474
714
300
428
677
214
490
699
282
425
669
204
464
661
294
422
752
261
504
669
293
415
664
264
473
663
292
420
673
259
471
663
273
420
673
255
471
652
291
431
654
257
481
659
293
416
670
253
467
657
271
413
658
256
465
657
282
421
667
259
470
615
294
493
673
196
477
658
301
414
663
272
468
654
289
412
691
262
463
654
330
437
683
263
480
697
309
407
692
274
477
649
277
427
689
198
490
685
281
426
677
252
476
691
281
483
689
200
475
688
288
402
680
243
459
679
307
460
689
239
482
681
319
431
680
223
475
677
319
440
809
262
472
676
281
423
707
256
482
683
309
497
684
259
475
681
317
477
684
260
474
673
314
478
675
258
470
678
323
441
685
266
473
671
278
579
780
351
541
745
379
616
790
319
539
735
394
495
758
328
544
745
308
491
680
256
473
666
303
493
689
254
472
685
298
566
687
257
487
693
301
497
689
247
497
664
302
484
735
390
689
837
470
495
857
373
659
819
477
620
856
379
641
810
452
638
852
366
647
750
456
528
846
382
645
957
460
605
842
417
650
842
448
659
811
361
643
817
388
573
848
465
608
895
460
523
704
272
493
685
312
409
695
256
503
747
313
490
679
350
496
626
328
468
713
263
506
689
295
398
930
278
460
775
401
682
860
281
403
705
320
512
859
360
662
829
444
606
846
380
636
844
454
643
841
351
532
742
393
501
796
287
652
820
481
656
915
326
568
771
389
453
779
346
584
785
452
632
847
443
658
732
467
656
866
320
568
665
330
460
647
226
490
722
271
473
707
238
446
724
238
433
598
396
664
737
420
536
743
277
517
705
315
502
711
261
412
675
291
488
702
249
483
695
299
514
695
310
537
708
290
599
812
396
530
778
347
564
766
256
492
693
303
487
693
247
473
1073
307
516
829
252
656
716
297
473
693
259
447
767
445
529
769
284
507
703
297
513
708
266
494
692
295
496
690
243
501
688
291
463
680
265
521
677
311
519
686
406
475
693
314
486
726
259
505
680
311
483
687
263
516
676
296
485
677
264
498
706
324
511
711
253
474
674
312
501
881
302
533
704
302
511
687
262
513
692
318
502
714
258
525
712
301
507
701
256
515
696
302
499
725
253
509
696
312
530
703
244
501
685
298
499
706
249
511
693
301
503
700
249
546
694
292
494
691
263
510
723
298
543
695
260
615
805
399
642
857
340
620
720
259
475
801
279
627
819
454
548
864
353
612
814
430
565
804
359
545
677
263
515
761
355
461
723
410
539
826
445
654
804
400
570
654
349
570
794
389
567
817
322
572
741
295
538
763
287
428
622
226
400
668
228
427
778
358
552
796
252
580
777
409
757
678
356
502
783
405
574
714
343
582
797
232
410
676
330
558
797
357
569
801
319
466
766
368
567
845
306
597
803
318
499
652
318
515
718
306
528
716
328
539
719
238
508
713
251
526
720
335
501
718
281
424
719
307
503
714
248
516
694
303
548
647
281
508
704
312
511
720
248
504
729
321
519
720
313
530
726
335
525
814
279
529
730
318
528
747
303
535
730
296
521
751
342
542
738
319
530
742
242
525
727
332
521
735
238
543
741
319
522
725
281
501
754
330
528
753
292
539
741
339
447
750
324
640
824
410
625
854
375
614
823
403
532
827
337
606
831
425
600
833
366
629
765
415
595
819
395
609
815
426
573
822
380
603
806
408
618
826
368
615
775
417
588
834
356
632
819
430
591
828
327
602
801
399
593
818
360
606
818
415
486
809
405
608
805
428
599
835
379
606
743
384
526
721
350
547
715
343
514
736
347
531
730
366
558
757
342
530
740
341
516
726
343
544
745
376
568
744
300
536
741
358
543
765
304
582
735
355
526
749
303
516
755
1278
556
707
350
547
809
453
653
823
359
530
746
335
521
742
352
532
734
346
525
733
332
520
725
344
514
744
351
520
725
338
512
697
348
536
708
312
491
727
293
504
711
327
493
709
261
501
1191
537
530
686
342
561
768
331
522
754
278
519
760
334
544
753
317
534
750
336
514
776
460
639
814
372
560
802
381
588
776
380
592
673
368
524
725
344
612
841
420
568
742
311
578
899
346
691
727
421
473
722
280
519
717
322
519
728
308
524
736
315
532
717
295
534
712
315
536
718
296
533
727
331
527
715
348
553
720
349
529
688
324
532
699
271
442
612
245
427
646
235
437
631
244
436
641
239
434
632
246
431
867
234
438
643
237
430
630
235
437
634
240
434
629
278
427
632
242
432
630
231
432
629
239
425
634
270
431
632
229
426
627
240
435
634
238
484
691
401
626
750
312
574
816
418
584
764
386
606
798
393
519
794
387
533
783
389
576
645
233
423
645
225
420
616
250
416
627
244
414
680
223
468
624
246
422
615
246
422
643
242
438
646
244
453
641
303
592
806
434
614
795
414
619
807
422
634
795
395
599
728
252
678
640
242
455
635
250
445
341
419
625
322
351
558
725
354
548
736
345
548
742
329
575
748
332
545
724
337
545
746
331
551
749
332
544
727
359
537
750
332
547
728
331
542
736
323
541
738
332
550
740
337
542
332
257
448
655
232
446
675
331
534
294
315
453
372
332
501
387
448
654
821
493
611
315
392
560
263
298
545
344
337
559
649
352
644
406
348
537
747
325
529
315
338
533
317
323
528
744
326
542
732
376
536
744
321
554
317
335
566
368
342
528
741
322
522
354
337
573
406
263
518
329
413
607
744
484
575
298
406
536
762
319
504
723
331
538
346
325
554
741
321
529
736
324
504
731
328
531
328
329
525
320
334
534
322
319
522
311
317
531
324
307
526
327
318
511
382
331
536
317
313
554
300
317
530
714
362
522
1024
343
450
1755
279
545
337
395
559
750
311
515
329
286
559
355
344
541
290
299
525
248
358
644
362
278
417
241
303
453
303
300
591
418
385
575
447
365
587
387
360
525
345
349
540
334
303
540
350
343
532
340
384
551
338
337
537
346
326
539
340
307
533
345
342
556
311
259
567
332
319
541
283
441
619
392
400
600
370
382
625
440
342
488
293
326
514
265
338
545
334
342
501
334
333
496
336
286
555
321
365
554
329
347
540
344
343
532
326
320
536
322
346
541
339
319
548
292
290
490
276
355
610
346
322
547
367
269
470
311
323
558
386
381
606
421
396
601
366
420
587
483
444
618
440
423
610
