78747
511
581
756
451
465
781
657
657
1529
440
594
871
568
616
885
423
650
776
424
550
752
453
614
771
525
577
866
559
574
759
499
563
759
598
1428
1544
1292
1352
1630
1145
1034
1233
1454
1409
1701
1554
1524
1109
922
1318
1327
1379
1095
1193
1187
1136
1261
1347
1119
1525
1422
1177
1509
1232
1338
1565
1318
955
1627
1140
1198
1364
1139
971
1751
1343
1221
1402
978
1142
1493
1585
1318
1559
992
1471
1505
1317
1307
1371
1129
1088
1353
1144
1162
1407
968
1327
1522
794
1628
1616
1442
1187
1395
1130
1195
1119
1296
1235
1620
1262
1245
1629
1185
1520
1465
954
1227
1379
1015
1636
1759
1117
1550
1589
1425
1532
1634
866
1558
1265
1028
1349
1352
1113
1018
1410
1223
947
1546
881
1012
1763
1068
1022
1237
1111
1548
1175
1228
1234
1621
1229
1683
1722
1331
1305
1117
1256
1582
1608
1391
1492
1278
1230
1467
1554
1014
1061
1382
1169
1416
1659
985
1085
1285
1067
1351
808
383
568
863
373
719
964
514
591
751
382
643
819
400
559
814
372
1533
1465
1206
1102
1611
1215
1463
1250
1193
1244
1431
1359
1455
1265
1320
1572
1769
1145
1158
1821
1153
1322
1313
1124
1424
1417
1048
1221
1244
1418
1611
1623
1022
1141
1252
1299
1284
1440
1234
1180
1696
986
1382
1350
1155
1020
1291
832
1272
1307
1343
1557
1377
1149
1638
1525
1327
1186
1751
1154
1566
1512
1268
1292
1560
1232
1412
1791
869
1434
1557
1223
947
1653
1005
1471
1774
1126
1109
1669
1270
1127
1544
825
1197
1573
1067
1146
1361
1138
1076
1447
1022
1189
1548
1256
1317
1588
1187
1247
1285
1213
1551
1657
858
1372
1545
1195
1080
1735
994
1008
1764
1154
1366
1208
1146
1335
1559
487
663
864
394
650
961
432
631
872
410
706
767
369
655
874
515
648
831
422
666
853
457
767
943
445
656
861
497
733
869
402
779
886
432
821
906
540
631
1149
539
773
1750
497
776
895
572
1007
1090
1273
670
945
444
711
589
566
772
1897
821
884
957
1170
1636
1125
1582
1095
1307
1271
1377
1065
1149
1168
1894
1456
1290
1334
907
1257
1430
1113
1486
998
884
1531
1260
1391
1511
861
1399
1042
1144
1219
1758
1138
1490
1741
962
1146
1591
1146
1429
1247
1624
1025
1617
1140
913
1111
943
1409
1006
1056
1240
1376
1434
1195
1140
1354
1367
1662
965
1391
1615
1281
1031
1150
1114
1199
1155
1003
1046
1714
1039
906
1544
1134
1472
1321
997
1876
1327
1158
1105
1631
1409
1384
1114
905
930
1507
951
1000
1300
892
1016
1386
1008
1014
1739
1616
1341
1508
1242
1298
1524
1240
1058
1477
1073
1447
1588
1184
1012
1348
964
1060
1347
1109
1429
1609
921
1299
1392
1215
1156
1447
1247
1442
1249
1588
971
1193
1302
1177
1131
1004
1285
1423
1045
912
1534
1274
953
1123
1334
1134
1208
1093
1305
1525
1531
1173
1243
1150
1436
1281
936
1432
1141
843
1128
1643
862
1264
1482
1069
1287
1596
1114
1279
1167
999
626
802
476
700
957
382
552
751
557
527
765
565
542
795
389
553
855
633
586
768
378
524
779
403
548
778
515
697
881
387
543
764
465
625
815
440
558
1505
1369
1595
1205
1244
1164
1245
1316
1382
1316
1268
1510
1231
978
960
1485
1278
1660
1660
1111
1460
1476
1420
1049
1259
1071
1125
1223
1197
1291
1329
1302
1363
1484
879
1273
1531
1241
1511
1470
940
1385
845
368
641
766
488
573
762
434
716
877
406
667
766
540
611
752
460
674
1126
1187
979
1395
827
1151
1148
701
1180
1035
1049
1240
1371
656
1130
1201
849
1269
1112
731
1134
1439
1106
1042
1217
762
1163
766
413
670
855
371
592
810
464
746
905
559
622
865
487
580
818
461
623
817
509
624
797
487
740
923
656
707
825
442
588
826
478
757
839
395
591
799
510
613
811
393
675
865
543
634
876
978
930
1247
805
1074
1404
1111
1411
1106
1059
1204
1451
968
1182
1466
896
1419
1186
793
881
1434
900
868
1232
818
1338
1259
1195
1039
1473
1054
1388
1489
882
1331
1359
868
971
1155
853
905
1379
710
1323
1448
1004
985
1404
741
971
1018
1003
1268
1348
1126
1292
1057
984
894
1427
920
1077
1153
724
1239
1503
898
1327
1488
1049
1044
1404
1140
1009
1445
768
1522
1563
1500
1773
1237
1113
951
1403
1097
1175
1597
853
1170
1346
1215
1450
1563
1236
1400
2187
1235
1443
1366
1227
17480
1602
1224
1266
1661
1079
1109
1025
1287
1682
10941
653
912
944
661
691
1392
551
964
1151
733
818
986
585
1571
795
593
759
985
1348
2050
1295
1101
1398
1159
921
1273
907
1932
2623
1353
758
8238
448
486
666
723
572
822
777
741
747
543
480
674
615
478
863
429
584
716
421
458
796
443
486
730
455
443
713
973
783
1278
932
720
1275
769
1191
1300
1009
1031
1148
977
1028
1287
1103
1076
1079
814
1121
1321
839
1200
1334
838
1230
1420
1149
790
707
388
479
722
370
561
1078
1225
1326
960
693
1231
1240
845
1135
1311
804
1169
1371
1148
999
1417
1094
1281
1265
755
1106
1002
1048
906
1050
1038
1055
1168
889
1140
1471
741
1007
1010
699
805
1044
1106
794
1035
835
1060
1062
681
808
1401
651
1273
1106
969
763
1393
832
784
1050
848
807
1176
747
1104
1342
1391
811
1169
717
1349
1138
1108
761
1346
1063
1218
1309
918
1177
1446
770
838
1043
784
1157
1167
846
1076
1317
869
1178
1336
1116
847
1424
987
868
1436
1083
1101
1144
849
956
1085
720
1297
1158
1010
902
1160
1071
1152
1141
1019
895
1463
776
1299
1355
911
1083
1445
1134
836
1180
1000
1105
1112
1003
1192
1359
1030
1208
1187
805
924
1162
1034
876
1433
1140
1177
1132
840
954
975
968
933
1230
1074
1193
1126
655
823
1440
1198
880
1133
1026
1312
1514
686
941
1155
810
889
1063
974
1235
1030
838
1089
1060
1086
815
1436
1195
1300
1090
707
991
1241
698
1010
1162
909
1279
1016
845
1020
1432
653
1321
1005
794
1094
1557
931
1272
1054
1085
1024
1355
797
1201
1054
1123
1311
1333
819
1228
1407
817
1191
1455
1065
1275
1405
799
1139
1209
708
934
1530
938
1258
1413
982
1146
1595
1028
1405
1093
838
912
1511
519
681
873
450
636
824
400
556
786
350
606
778
417
591
839
471
623
830
425
613
814
357
585
781
654
654
906
1089
903
1148
867
1247
1176
904
1137
1113
1013
857
1088
830
1243
1220
978
880
1112
1250
1304
1124
1143
1260
1563
725
996
1159
1031
1047
1431
1007
1197
1395
928
876
1499
933
1271
1147
782
803
1538
841
1115
1179
955
1148
1212
1039
1160
1301
1052
1215
1239
929
1189
1386
1163
842
1301
629
825
1328
673
896
1322
1039
1182
1120
961
1184
1123
1122
1268
1212
1057
1132
1333
1091
1171
1238
644
1221
1560
747
990
1212
821
1096
1271
943
1381
1237
1160
1092
1106
1060
637
929
384
733
775
431
594
949
524
724
844
441
600
843
524
625
893
624
640
1042
517
744
450
421
658
481
493
813
400
369
695
394
465
615
798
492
685
356
490
673
1045
894
1335
1035
870
1209
664
907
1100
778
713
1093
707
746
1143
822
1236
1377
881
1022
1322
855
1152
977
1148
885
1049
808
826
1174
885
855
889
1134
715
1242
819
1110
1265
903
927
1253
997
886
910
1022
732
1007
737
1043
1158
721
894
1029
1074
1115
1352
886
1149
1317
834
721
1039
1012
924
1255
842
906
965
759
668
962
858
1128
952
1111
1078
1196
892
823
1349
987
1013
1413
751
800
953
736
749
1108
759
906
1277
685
785
1318
799
775
1323
990
806
1017
892
847
1019
844
953
1281
994
1178
932
771
788
1382
1180
1233
1162
686
1125
1146
805
557
917
465
599
828
491
687
1276
574
654
823
553
602
1485
1188
819
1353
1108
859
1263
815
1233
1418
1020
1378
1423
960
1162
1473
811
1064
1073
852
927
1049
712
836
1474
970
971
1215
765
1291
1134
412
618
804
485
721
967
491
614
952
528
587
1426
1043
868
1115
789
1164
1179
1034
1025
1593
1193
1285
1196
780
1133
1398
969
1143
1275
1278
2154
1502
929
1232
1244
925
1377
1851
1425
890
1220
1173
1191
1225
790
840
1372
865
1115
1433
1114
1004
1589
1527
1331
1122
1086
1078
1129
1135
1422
2190
1518
1230
1383
850
1039
1495
1390
2405
1233
820
979
1271
1080
1521
1474
793
673
954
606
615
801
508
572
960
383
697
906
470
612
939
502
706
803
458
690
937
565
653
902
494
1314
1400
1176
1134
1331
1358
1312
1839
1541
1626
1518
935
1590
1390
1524
1342
1598
1026
1206
1912
950
1670
1583
903
1261
1329
1178
1400
1734
1535
1343
1460
1022
1599
1759
1349
1232
1291
1396
1417
1485
1232
1358
1251
889
1421
1528
1503
1373
1519
1229
1456
1541
1433
1408
1481
818
1182
1720
1008
1216
1518
1217
1523
1608
1097
1454
2445
992
1234
1535
1250
1454
1273
1047
1400
1405
957
1542
1721
852
1114
1673
1039
1237
1630
1049
1274
1830
1239
1479
1512
1468
1200
1584
1014
1594
1437
539
716
917
664
690
977
649
682
1032
539
757
1650
1404
1453
1596
1114
1372
1284
1406
1396
1825
1094
1688
1449
989
1652
1852
1262
1415
1413
1276
1659
1627
1174
1508
1665
1344
1636
2390
1460
1510
1645
974
1491
1461
967
1792
1456
1079
1308
907
590
691
811
494
777
970
518
762
956
754
819
859
544
847
892
516
829
853
496
792
1244
548
825
998
614
776
412
588
790
552
552
789
1322
1050
1505
4235
1387
1240
1068
1114
1630
3696
871
1375
1299
1266
1358
1016
1237
1336
1069
1319
1179
949
1080
1067
571
810
845
423
696
883
730
476
661
491
510
778
483
833
1561
441
577
723
412
483
736
1088
631
714
574
719
785
473
932
756
488
1114
1217
1236
1267
1343
942
624
843
413
489
881
366
545
675
367
418
703
444
484
711
410
1446
779
453
608
788
751
545
1172
1370
512
780
500
553
811
759
1325
710
387
518
1661
836
1059
1507
1354
874
1047
1232
1500
1190
1205
1219
1095
535
529
722
444
591
1651
1402
1000
1279
1331
1193
1465
941
2167
1655
1304
1508
1469
1269
805
1550
1475
1425
1800
1301
1328
1303
1153
1351
1177
846
1113
1416
1428
1212
1432
874
1243
1395
1402
1485
1498
1048
1169
1521
1381
1392
1584
1466
1039
1530
1297
1009
1149
882
1500
1429
997
1475
1474
1400
953
1386
1327
1377
1503
1311
1357
1059
1075
1227
1369
1181
1041
1146
1153
1031
1394
1362
1057
1275
891
1299
1548
929
1007
1722
932
1098
1694
852
1194
1761
1024
1421
1663
857
1073
1413
830
1331
1345
1346
1001
1461
1334
1312
897
665
643
694
463
880
816
516
616
878
1669
967
937
456
680
949
514
637
1501
1539
1564
1620
1200
1215
1707
1333
1414
2357
1459
1109
784
531
1065
1017
965
604
796
1319
638
739
1141
939
1475
1099
1262
1271
1381
1331
1747
1802
1715
1599
1066
1028
1511
1025
1539
1585
1066
1054
1245
1136
1503
1477
1625
1103
1572
1224
1088
1728
1098
1308
1555
1033
1227
1255
917
1268
1559
527
715
1591
1240
1555
1683
1375
1553
1346
1096
1072
1683
1355
979
1423
1198
1289
1732
1470
1335
1795
1247
1400
1251
1081
1279
1279
1384
1170
1364
1002
1231
1606
1035
1405
1665
1068
1301
1529
1062
1319
1579
1021
1431
1186
1203
1115
1310
1199
1613
1426
1408
1365
1317
1198
1350
1816
1198
1294
1643
1545
1319
1369
840
1281
1386
1262
1269
1332
1081
1338
1555
1072
1706
1558
1129
1515
2186
1409
1720
1709
1395
1162
1451
1160
1430
1692
1119
1087
1283
980
1328
1844
1174
1144
1395
983
1627
1704
1320
1602
2490
1316
1492
1291
1337
1396
1565
1212
1657
1654
905
1445
1679
1267
1845
1433
978
1115
1748
1149
1470
1654
1110
1198
1326
1178
1631
1004
973
2112
939
519
683
859
654
784
1333
523
726
1589
1665
1189
1383
1387
1102
1874
1201
1242
1644
1401
1234
1524
1690
1313
1439
1236
1161
1514
1317
1462
1673
1391
1165
1245
1247
1439
1189
1179
1038
1707
1482
1652
1552
1044
1064
1321
921
1231
1541
1381
1296
1573
1365
1096
1800
1094
1050
1790
1009
1321
980
1407
1588
1231
1104
1708
1383
1375
1072
1269
983
1209
766
1299
1100
990
1405
1444
1057
951
985
919
915
1373
1125
1020
1030
985
1202
1404
1147
1186
1497
1100
1349
1038
1282
1146
1202
1077
1106
1403
839
1310
1149
1205
910
1513
1260
850
1355
1025
976
1672
1043
1305
1134
1209
1067
1701
1379
1461
1647
1285
1118
1252
972
1408
1743
902
1206
1464
1352
1413
1257
901
1115
1456
1378
1170
1284
1171
918
804
971
1117
1306
1259
974
1184
1066
887
1358
707
844
984
897
940
1141
1136
1229
1503
671
1153
1339
1169
833
1311
990
985
1011
1052
1119
1354
746
1174
1372
676
836
1059
754
878
1137
1028
852
1450
793
1152
1049
1182
890
1353
1019
1243
1228
1099
1136
1371
1141
705
1193
708
969
1296
794
1326
1018
1030
1128
1118
1055
993
1089
702
1029
1102
928
833
1117
987
1096
1133
1075
864
1482
687
1140
1178
1214
1157
1355
1071
787
1366
795
855
1158
780
1106
1203
907
1164
1156
1115
1253
1143
931
884
1437
716
783
1247
964
1087
1286
762
1167
1160
778
980
1317
755
1161
1106
820
1237
1427
370
518
775
335
602
756
534
629
894
435
522
821
400
759
1176
444
646
787
525
584
847
350
705
797
478
543
791
363
531
758
347
531
841
354
1278
1346
1117
829
1355
953
992
1449
665
798
1064
948
1037
1352
592
838
1248
1086
980
1090
799
1366
1589
1134
964
1251
1531
1649
1076
1130
1097
1326
1188
1094
1054
935
1178
1189
926
1175
866
723
1511
806
402
1081
1417
957
1303
1406
1158
1459
1289
1218
1037
1626
1142
1395
1039
419
687
802
635
1698
1396
1172
2493
1286
508
719
1106
557
731
872
421
612
893
396
701
819
456
722
866
434
615
1251
551
614
1328
813
911
1244
793
1030
1121
846
1130
1157
1040
1019
1356
768
904
1289
1145
1354
1302
964
1061
1464
882
1194
1374
792
954
1190
906
1261
1215
1165
1282
1315
745
1079
1505
1045
1281
1168
846
1350
1077
653
1134
1116
1102
1287
1335
1073
1057
1262
1094
1341
1117
1104
956
1167
521
716
965
718
666
905
1031
1130
1349
1219
1473
1682
977
1336
1476
1111
1261
1637
1437
1395
1528
1206
1481
1646
929
1464
1658
1363
1210
1338
1352
1467
1550
907
1343
1442
940
1433
1313
1205
1131
1526
888
1554
1336
1310
1070
1219
1489
1442
1649
1449
1328
1772
1250
1572
1426
1414
1467
1309
1349
1535
1260
1392
1097
995
1432
1365
1364
1554
1406
863
1400
1114
1377
1161
801
371
479
676
369
524
678
444
400
642
340
488
655
345
453
624
353
486
646
442
558
659
434
476
649
408
535
657
489
510
712
384
461
688
358
470
660
374
513
745
463
498
784
380
583
678
367
462
692
348
509
728
472
492
706
411
506
685
1142
533
690
425
527
700
473
536
699
462
467
706
395
616
652
397
489
776
391
530
697
411
1170
1033
387
491
687
558
512
677
547
517
730
396
512
723
484
494
694
383
565
757
441
539
718
377
523
676
396
496
671
547
550
704
558
486
799
410
504
1142
1445
1375
1529
1541
1140
1730
1323
1229
1136
1219
1106
1566
1357
1217
1164
1202
998
1543
819
1585
1167
1293
1353
1154
1071
1267
1602
799
1069
1365
894
1257
1214
925
1152
1485
1299
1560
1477
1128
1202
1343
1029
915
1170
767
1326
1378
1009
1121
1087
1156
1478
1297
808
1178
1376
788
927
1674
1385
1364
1138
1122
1236
1518
1241
1172
1136
1145
1017
1271
998
1434
1504
1148
1130
1291
952
1383
1388
1196
1041
1526
1093
1133
1625
838
1293
1154
865
1380
1200
1061
1202
1382
901
1105
1084
846
1027
1770
1343
1500
1307
1403
1552
1339
1207
1054
1390
1133
1383
1245
911
1093
1676
1332
1449
1322
903
1328
1175
1098
1379
1657
1258
1456
1326
824
1385
1592
1383
1016
1265
1351
1090
1534
785
862
1097
1215
964
1655
867
1118
1591
1347
1364
1143
908
585
765
377
960
745
496
681
862
497
607
794
391
679
766
433
668
811
427
712
905
368
703
759
381
604
814
368
573
902
417
672
878
408
673
859
489
632
786
449
641
801
368
638
778
413
664
815
488
656
792
451
545
732
379
575
825
466
634
734
590
633
796
374
601
712
389
584
799
360
1300
1300
879
964
1359
827
949
1082
650
1074
983
819
1000
1297
637
1194
1356
679
899
1447
692
1010
1181
1021
831
1357
780
1278
1469
639
578
784
568
598
760
526
614
814
417
602
809
444
659
816
1097
906
1354
1038
874
1330
888
1299
1489
1155
1017
1049
845
947
1173
918
1075
1254
1044
998
1117
905
1221
1411
635
1188
1284
621
1190
1446
1133
1193
1063
968
1318
1050
936
991
1120
479
597
780
439
737
895
406
697
840
464
669
845
402
596
948
460
556
866
489
1112
1287
1274
1310
1661
911
1010
1086
791
1226
1201
673
1230
1481
637
1222
678
1108
1092
636
1124
1189
1125
749
951
1035
713
983
890
941
1278
731
869
806
1134
1039
1137
694
1110
920
896
477
634
349
480
645
734
492
683
369
470
682
367
462
641
393
515
702
488
551
732
427
448
661
558
548
854
394
422
752
366
453
707
364
470
799
469
418
706
409
430
695
425
511
854
394
496
769
401
528
777
366
514
680
386
579
721
889
495
687
424
510
641
362
589
803
355
524
721
549
496
648
334
543
736
349
506
702
407
498
1361
766
926
1023
628
798
1327
1066
713
1114
1093
1138
1256
649
896
1278
914
733
1255
1111
1055
1316
824
866
1259
681
1203
1220
712
1281
1198
1072
1071
1119
698
1026
1115
662
1182
1122
711
853
906
1101
1140
1190
926
858
1112
1110
782
1211
883
1002
1139
1089
1039
1239
1135
875
1179
1107
841
1224
1104
894
1426
859
1350
1116
687
947
1275
988
783
1271
1023
720
1270
991
831
965
926
827
965
656
1043
906
1081
1224
1406
997
1087
1686
845
925
1063
743
1174
1266
1433
1910
1319
1005
865
1426
1141
1179
1125
2303
833
1449
998
764
1046
810
1652
2294
1080
1140
1376
1220
1243
1319
1707
751
1423
1011
926
1441
1116
1236
2282
950
1042
1579
700
1209
1360
1518
2015
1526
741
875
1358
1090
810
1764
1985
1144
1138
1143
1269
1208
1019
1907
949
775
1068
1193
1141
1227
1163
867
1068
1126
1027
1289
1016
1089
884
1538
971
864
1090
1125
1138
1102
706
548
801
860
1254
1541
621
872
1249
907
1245
1177
775
1092
1165
658
970
1369
739
946
1209
742
980
1203
821
1016
1191
717
1169
1476
860
841
1203
1164
1379
1144
1036
984
1244
980
1269
1138
896
899
1317
790
1650
1827
980
1327
1329
676
964
1217
1144
1013
1232
870
909
1172
650
921
1334
719
1039
1460
721
1026
1496
801
980
1518
1017
814
1137
1158
836
1121
1087
1040
1626
1010
1271
1415
913
1336
1269
1133
1177
1046
991
1176
1146
804
1207
1216
1181
1214
1493
1056
1571
1797
1097
855
1494
1055
1364
1441
1322
915
1525
1065
890
1573
1055
1238
1012
1000
1309
1077
1071
885
1267
881
843
1117
1205
725
952
517
900
1161
497
742
840
521
699
860
474
658
853
492
693
976
469
659
873
562
698
883
622
763
972
496
1518
1760
1285
1481
1145
1406
1480
1270
1061
1649
1748
995
1445
1627
918
1623
1532
1187
1437
1547
1433
1099
1658
550
697
784
438
628
857
474
695
