1510
612
354
513
686
334
514
595
293
490
660
358
486
692
797
513
669
384
501
657
520
478
735
396
549
693
399
540
692
317
550
661
372
494
728
398
523
682
318
532
721
389
531
671
389
555
714
389
445
674
339
490
665
348
428
697
348
496
684
462
540
725
455
561
721
309
516
682
392
544
749
454
483
684
383
502
682
329
427
697
364
491
669
348
484
673
337
480
665
335
484
659
345
478
669
355
476
664
321
509
660
356
474
676
343
505
688
335
469
692
307
478
691
346
460
693
337
480
705
343
439
685
331
483
696
361
495
690
339
485
674
353
501
684
377
541
770
358
513
685
401
467
688
350
472
681
348
491
677
339
409
669
353
467
702
259
420
681
352
475
749
486
499
675
334
541
729
337
529
747
400
558
740
350
482
741
451
485
721
335
441
694
355
480
684
351
474
681
367
485
684
348
477
688
490
525
689
349
470
675
328
475
666
330
467
669
331
478
671
330
470
680
318
475
666
352
466
618
346
530
635
424
435
656
286
443
624
294
432
644
302
436
615
317
433
622
282
452
629
304
443
678
268
452
667
293
415
671
273
443
670
307
445
664
347
458
710
348
447
650
299
467
668
316
476
666
293
455
662
320
452
691
295
457
663
329
473
664
294
465
629
329
454
671
310
455
652
319
463
669
219
462
661
313
481
671
258
455
660
317
386
662
256
455
673
321
457
669
362
470
672
329
480
687
370
480
670
309
454
663
270
455
665
327
457
671
287
459
677
310
463
682
260
464
653
303
468
668
256
449
670
307
445
685
269
444
693
310
442
682
273
446
678
306
445
657
246
466
666
321
466
679
309
470
703
360
481
672
276
461
674
317
471
678
339
480
672
343
484
672
283
475
675
316
463
664
267
469
663
315
459
681
275
450
679
326
482
677
303
476
669
328
474
656
265
457
674
322
474
670
258
471
660
327
451
666
273
463
670
310
476
671
282
486
656
323
482
670
263
455
702
325
494
669
274
517
657
328
470
671
260
461
664
312
478
653
258
446
660
329
491
674
258
498
665
318
505
678
256
502
666
316
482
692
258
483
676
302
469
676
262
469
668
340
484
663
255
491
681
332
471
693
280
470
677
344
499
684
267
480
659
334
479
687
267
511
674
331
467
679
264
476
676
317
486
683
274
470
664
333
460
656
264
467
660
316
450
660
274
473
671
312
422
668
243
461
653
326
468
654
257
456
668
308
461
672
243
457
663
305
465
700
422
470
685
297
416
650
249
454
640
310
462
659
262
477
689
315
459
665
258
497
669
298
461
664
279
472
653
327
453
663
257
478
651
309
498
694
255
481
664
326
463
665
259
448
682
315
503
678
254
507
669
311
478
680
253
496
685
295
500
664
250
482
660
304
493
684
267
487
663
346
501
675
265
528
678
331
499
677
275
488
677
321
486
676
244
489
669
310
487
694
267
499
660
317
495
674
283
484
712
337
480
669
272
486
662
317
474
678
262
485
667
339
483
668
273
492
682
318
485
678
278
490
659
319
489
694
270
501
668
335
500
661
262
506
677
312
470
669
268
492
655
308
456
686
260
481
666
320
474
663
268
473
651
311
496
663
260
483
660
309
446
665
259
484
673
301
482
676
310
476
689
313
478
699
306
477
683
307
496
683
255
474
671
310
483
666
248
491
687
231
464
784
268
611
777
425
604
681
260
496
667
207
432
563
259
425
697
367
483
627
261
564
761
447
402
709
346
494
761
343
433
843
338
541
742
379
494
755
340
553
746
385
505
755
333
564
759
422
494
773
334
550
745
387
491
742
366
566
730
391
430
734
336
504
744
385
432
659
274
466
670
303
413
678
311
492
691
318
481
670
276
489
669
325
381
553
353
544
746
381
488
733
342
533
730
405
548
743
344
535
736
366
557
731
373
547
774
383
485
788
324
540
761
392
507
778
378
544
752
383
487
767
324
574
768
398
522
752
353
542
746
380
528
752
354
565
766
373
498
753
330
544
730
381
503
742
360
550
738
370
493
754
340
543
710
352
499
709
346
572
759
417
512
750
328
583
796
410
605
802
392
593
792
419
596
795
384
601
806
447
597
795
379
582
799
434
584
790
414
591
792
339
599
780
394
602
791
417
600
789
390
579
787
416
577
790
397
577
786
428
596
784
393
523
811
428
492
789
367
575
835
400
573
615
395
577
804
414
590
787
369
605
814
457
625
807
385
605
815
424
597
798
391
602
832
410
597
795
406
597
794
407
608
825
396
587
779
416
591
787
372
612
787
421
592
803
387
595
809
384
612
879
314
593
806
419
612
791
398
587
790
414
600
805
407
586
739
437
582
797
416
589
806
429
581
799
412
593
799
426
590
795
398
585
829
409
629
805
400
603
812
429
591
791
415
585
783
395
617
800
392
598
785
412
605
826
394
609
800
402
526
800
382
600
811
341
544
799
350
628
813
401
636
819
377
610
819
402
586
789
385
620
794
390
622
799
416
634
769
402
610
818
390
563
791
398
572
822
339
618
797
412
613
754
380
627
808
419
565
802
372
604
813
428
606
801
392
615
752
439
608
811
401
593
790
429
623
804
376
592
820
427
573
812
401
593
797
429
519
810
396
603
806
433
620
791
393
631
743
426
650
822
395
593
792
434
540
817
360
623
807
416
624
801
391
649
722
421
544
808
384
631
806
426
631
827
379
637
812
418
620
817
420
601
826
403
640
795
351
633
817
430
634
806
389
612
820
408
595
815
396
639
819
415
597
800
390
611
815
410
587
806
384
604
810
416
591
790
403
600
805
401
586
794
388
620
777
430
590
801
371
602
817
398
598
802
386
620
796
398
588
797
407
631
802
423
580
812
386
587
796
420
596
790
406
597
799
418
543
732
389
591
776
399
559
804
374
520
803
392
533
797
308
585
799
385
524
801
327
628
762
427
595
821
401
606
826
432
597
824
386
612
812
429
592
808
405
642
824
411
571
816
422
604
809
415
599
818
382
612
816
413
595
817
391
592
819
426
615
811
427
616
794
407
577
798
396
608
814
419
602
811
338
634
794
411
629
814
402
634
822
408
541
816
406
620
808
404
568
838
396
597
805
436
614
818
389
626
805
405
576
826
342
609
812
442
530
785
345
523
817
426
574
804
360
611
763
356
540
804
430
633
824
434
524
817
418
562
825
427
532
797
358
611
787
433
547
755
356
626
852
410
623
823
418
625
794
424
549
804
425
609
812
443
548
810
456
601
781
408
573
802
375
611
846
430
541
808
455
608
769
430
571
834
374
602
840
433
534
797
431
609
757
417
573
841
364
598
790
431
560
831
382
626
815
417
546
851
427
617
794
433
536
835
377
594
822
423
550
822
348
611
780
414
584
827
374
617
819
423
541
824
378
613
823
426
561
831
369
615
821
413
551
830
376
615
795
416
591
819
374
607
805
414
493
819
400
609
830
457
603
827
386
608
821
419
503
819
376
599
781
436
541
828
445
618
818
444
499
827
403
629
766
386
545
718
341
637
770
409
486
772
374
425
696
367
457
717
358
514
703
313
482
738
353
444
698
360
474
710
351
531
730
332
533
751
349
525
613
206
399
599
206
406
608
204
396
605
206
390
582
197
399
600
205
391
577
196
395
592
208
387
602
196
390
598
330
486
652
296
405
704
297
509
704
303
424
605
205
383
600
196
385
591
201
386
723
323
406
703
312
507
697
301
477
702
300
484
644
305
404
699
302
519
648
289
479
703
296
499
649
295
405
708
312
521
645
284
482
682
308
495
657
302
490
717
297
500
687
294
429
701
303
500
660
287
496
731
289
510
656
296
502
725
305
516
663
305
422
698
305
516
654
285
426
708
304
509
653
311
479
712
306
506
664
285
437
708
307
503
648
276
430
710
314
503
721
320
458
706
314
501
653
298
434
710
297
497
647
305
430
699
314
494
649
310
429
700
270
500
648
300
434
693
302
501
649
299
472
703
296
497
651
278
437
703
304
501
702
300
437
699
297
543
608
305
462
696
329
487
652
305
439
720
310
481
670
299
452
718
293
521
701
293
452
682
312
486
645
351
441
644
330
529
659
319
453
687
298
510
669
287
458
704
319
526
667
308
451
709
309
532
660
312
465
717
312
529
655
335
456
724
289
512
658
310
472
696
315
520
655
294
451
701
309
509
656
304
457
705
305
512
664
296
457
711
304
514
653
359
461
711
347
522
657
304
465
704
315
515
654
306
466
709
311
502
678
334
462
699
310
509
667
307
551
728
295
514
645
300
485
705
317
507
650
323
479
723
292
516
646
315
482
704
322
503
664
321
479
694
329
525
642
326
475
725
320
503
655
321
474
694
324
505
663
332
494
706
328
504
666
319
492
709
311
497
667
309
493
715
310
500
670
308
508
753
315
522
677
315
505
709
331
514
674
299
501
715
330
510
668
324
503
711
318
532
649
303
494
720
311
522
662
302
495
711
311
516
661
303
502
711
312
512
667
301
529
715
311
521
661
299
524
710
306
516
672
301
523
724
322
509
667
297
518
705
326
516
656
307
515
704
304
518
664
329
524
722
368
600
748
392
524
740
340
510
651
332
519
730
300
515
656
307
538
712
310
505
652
298
511
699
292
502
649
337
513
699
310
498
651
308
539
765
317
533
657
344
511
702
343
503
681
337
511
726
336
494
675
297
512
731
328
493
680
306
534
731
334
554
679
318
520
730
332
530
675
327
534
725
317
509
687
320
536
724
341
513
676
310
520
734
337
520
673
339
528
691
327
504
674
311
528
727
323
507
682
300
519
741
251
509
667
311
510
716
319
528
674
323
466
729
336
514
671
311
506
720
316
568
715
314
505
713
317
511
690
306
511
716
215
500
709
309
510
725
305
507
321
329
470
735
305
506
341
300
522
326
301
501
324
303
533
709
339
501
337
334
508
314
337
529
324
330
569
333
333
522
321
327
543
292
331
525
335
327
531
369
361
532
294
336
529
325
357
509
290
331
528
285
333
517
387
335
530
328
331
521
352
333
527
292
325
517
327
323
529
340
325
520
354
332
529
330
343
516
332
331
528
330
335
509
357
317
528
337
337
517
315
319
519
334
342
516
335
322
528
320
327
521
333
325
523
288
321
536
320
329
524
452
445
659
426
442
600
428
457
627
436
447
597
427
483
632
431
425
602
417
459
656
435
422
602
471
441
638
424
424
588
560
479
657
445
438
631
418
442
650
420
406
714
423
459
651
440
449
596
408
445
1772
458
414
601
405
460
630
449
450
601
424
459
640
420
441
611
406
438
654
444
434
593
425
461
646
431
449
605
430
460
670
499
369
446
266
382
664
469
461
705
322
294
621
398
408
519
399
454
596
372
361
579
353
459
703
462
474
607
335
358
587
276
351
575
320
345
553
330
327
569
369
353
576
363
329
565
393
338
558
340
339
562
334
330
579
344
317
574
305
335
556
333
352
559
313
365
589
348
344
624
337
377
574
331
363
596
349
389
661
398
357
663
425
376
641
398
433
684
409
362
640
323
424
638
397
369
620
402
420
659
426
308
669
485
475
647
473
461
659
457
458
638
439
460
650
477
448
640
461
449
662
442
436
667
467
474
651
452
443
667
448
480
664
474
489
649
450
474
642
455
463
598
441
456
647
464
458
653
434
469
664
428
350
657
408
470
654
484
467
656
439
482
653
434
438
654
408
462
635
429
468
650
437
460
678
420
460
672
422
458
649
439
460
666
404
453
665
494
461
680
456
452
667
444
468
653
425
473
658
447
478
672
450
482
695
498
471
678
441
391
660
1736
447
610
432
469
674
452
454
605
386
459
668
452
443
665
441
449
666
360
424
686
430
454
661
436
441
693
434
451
659
428
435
657
431
473
696
432
485
605
444
470
653
428
598
662
430
489
642
472
466
668
425
460
646
426
478
655
422
467
648
456
464
665
407
459
662
451
461
629
434
447
643
412
457
666
436
486
670
420
475
693
428
466
679
410
469
692
417
473
670
425
462
676
357
468
674
411
474
673
422
466
671
457
477
678
440
469
675
468
461
673
441
462
642
433
457
684
446
476
662
429
458
678
448
457
689
432
463
687
423
447
667
437
459
675
471
451
658
429
463
674
432
446
675
476
460
670
430
458
693
462
461
665
433
465
661
467
481
690
424
509
657
427
453
671
495
457
688
436
468
688
478
516
662
468
493
671
459
432
650
461
471
701
453
490
663
456
483
653
420
484
655
425
513
675
440
484
680
412
465
664
414
470
653
439
478
673
481
483
679
438
466
674
434
481
669
501
495
696
468
472
667
454
485
691
452
467
670
432
481
705
428
492
672
463
494
682
425
463
677
1303
478
679
415
466
560
425
476
676
427
475
661
438
494
684
467
474
674
410
484
678
419
479
667
394
466
652
357
409
642
404
477
672
404
503
667
442
464
592
412
468
684
427
478
656
408
445
682
428
472
704
419
453
680
388
467
665
453
495
663
448
404
696
392
463
561
415
457
685
387
482
675
402
471
697
347
472
690
406
448
693
417
470
683
410
464
693
390
464
672
424
479
679
418
480
680
416
452
689
419
470
683
440
479
682
415
385
686
431
460
700
423
446
690
399
457
681
409
454
691
410
448
708
417
461
674
406
487
679
441
464
667
413
444
686
417
464
680
474
480
684
415
466
670
410
457
659
421
478
658
413
479
674
447
464
675
415
482
662
407
478
685
427
458
661
402
478
699
407
486
681
456
466
681
406
474
720
409
481
687
415
491
688
501
495
888
455
595
811
434
521
657
436
468
722
394
490
694
402
492
706
438
440
704
395
449
699
341
381
686
443
483
704
375
456
698
467
468
729
453
553
759
429
600
735
493
503
794
554
496
707
404
468
695
428
487
679
433
503
678
419
518
713
499
492
703
449
606
828
434
486
696
418
502
673
425
477
680
436
471
680
444
473
694
403
492
689
416
466
687
397
471
685
410
482
674
482
475
685
303
469
674
432
505
734
412
552
799
483
476
695
444
492
659
424
500
696
446
482
671
453
438
665
395
517
693
408
480
686
489
432
661
418
479
651
406
505
696
423
512
697
416
487
694
433
488
702
427
490
702
428
477
710
374
491
683
413
510
733
402
508
689
444
527
710
434
500
714
420
490
686
429
370
609
409
482
721
567
594
709
373
501
614
318
402
616
327
448
591
301
393
598
325
373
706
428
374
523
219
266
484
208
273
472
207
259
477
205
264
467
216
278
466
240
283
467
202
264
470
194
269
462
198
278
465
199
283
461
205
276
463
228
283
460
201
277
621
411
505
689
418
488
681
402
489
706
455
498
680
444
479
694
465
462
724
410
465
706
404
481
693
401
461
681
392
490
691
404
489
689
417
482
742
375
494
669
419
478
700
376
515
702
390
484
701
380
484
672
408
471
690
419
466
679
399
487
693
419
489
672
324
541
700
404
491
678
419
471
690
394
480
671
424
477
693
402
492
675
443
482
679
407
481
660
417
453
687
393
450
653
399
617
672
381
503
656
393
474
663
391
482
677
403
496
666
388
455
689
401
458
657
394
455
663
399
502
665
383
508
648
402
499
666
388
510
682
392
488
647
377
480
651
382
475
663
368
495
673
394
484
656
386
497
661
374
487
695
385
497
628
413
505
695
390
497
698
390
420
709
375
508
698
412
500
695
403
519
686
465
486
701
407
504
693
413
476
687
398
497
672
408
478
707
404
504
694
410
478
719
355
500
703
472
653
708
410
507
683
449
458
675
396
508
678
414
487
724
400
504
639
414
485
698
398
499
702
405
471
666
341
475
655
424
471
676
381
486
655
405
472
664
379
501
678
395
476
701
412
486
696
406
483
695
401
494
707
426
498
657
395
484
663
426
473
717
377
485
708
410
466
672
396
501
684
391
494
697
383
497
682
398
495
685
385
499
696
388
463
679
388
491
677
389
453
693
270
472
687
384
456
704
401
489
679
436
452
676
396
500
673
388
489
699
409
480
686
418
501
710
408
469
693
408
492
706
389
479
663
396
487
687
398
481
701
412
498
679
382
474
675
422
479
667
389
489
686
405
467
727
389
495
679
404
484
656
392
507
676
410
492
689
387
481
689
417
483
665
389
475
709
418
476
721
383
486
675
396
498
720
393
488
704
383
466
698
396
474
716
375
498
724
383
485
721
378
464
699
395
482
693
387
487
707
381
497
698
295
377
594
277
378
601
285
366
602
274
379
584
271
386
594
282
386
606
280
370
584
276
387
585
295
379
586
362
380
587
301
377
579
292
374
586
297
387
594
287
378
585
291
373
582
331
375
582
274
374
585
329
381
590
290
404
588
283
376
578
288
359
587
282
377
593
283
400
594
278
401
587
291
369
578
279
399
573
289
391
581
289
371
568
294
368
587
278
396
571
287
374
567
288
382
570
292
380
570
275
318
573
279
395
577
280
368
567
331
395
574
279
388
604
282
401
579
261
379
592
278
378
598
276
404
596
283
379
592
269
389
582
284
376
592
297
404
577
296
377
603
281
371
606
285
390
608
302
395
619
310
399
593
282
397
595
302
386
599
300
393
586
333
400
597
307
402
590
301
377
595
289
408
591
303
404
608
294
401
598
311
408
592
291
423
589
305
409
584
287
398
591
296
401
589
301
390
575
302
420
601
213
454
590
296
399
593
284
403
575
298
386
586
283
387
609
293
385
625
292
413
596
290
329
602
280
406
589
302
410
617
271
389
574
280
392
586
273
403
588
272
393
581
281
407
565
281
402
600
274
408
590
282
382
605
272
396
605
275
387
592
269
390
578
287
401
594
274
393
586
285
377
597
268
385
616
272
388
594
276
393
586
293
382
579
272
393
586
290
377
580
277
384
588
297
381
587
296
396
578
295
376
595
261
393
605
300
368
585
279
398
607
287
416
598
280
380
582
292
369
588
300
385
579
323
404
608
353
418
573
291
427
586
291
415
625
350
455
594
297
397
626
422
440
655
351
461
697
312
449
755
448
429
680
278
532
783
526
475
609
327
351
621
297
423
617
310
419
624
284
412
605
284
411
611
281
411
600
298
411
596
290
413
604
292
402
610
315
411
597
282
404
606
281
412
597
287
395
601
279
319
488
208
415
626
272
318
494
184
300
575
311
420
592
296
400
618
286
406
592
276
303
505
195
312
492
208
304
495
202
294
484
189
295
494
193
299
498
192
290
489
196
295
529
193
296
485
185
291
512
198
288
505
228
292
480
191
290
513
191
297
501
189
387
519
213
308
503
198
293
492
193
296
508
194
308
514
195
299
503
195
314
506
188
317
518
217
288
489
192
294
515
191
290
507
198
299
515
190
296
508
191
312
509
192
627
516
190
293
506
210
291
506
185
310
523
196
308
512
210
322
509
186
365
539
212
324
509
212
309
507
209
309
502
204
321
503
205
312
504
200
310
514
213
307
514
208
308
505
209
305
505
201
302
512
207
309
496
204
301
502
187
293
522
192
298
535
193
294
524
187
294
521
195
295
517
234
287
526
188
292
524
185
364
551
192
290
521
190
288
523
186
287
518
201
292
522
189
285
519
188
287
536
186
295
519
204
391
527
184
309
525
188
291
547
193
303
521
186
316
532
213
317
518
188
316
518
187
318
519
182
308
518
197
316
522
226
309
525
216
310
525
209
463
1120
240
321
517
207
333
520
206
311
517
208
305
517
201
303
516
209
306
520
231
309
521
208
302
539
212
312
516
203
302
517
200
330
511
204
306
514
204
303
514
209
305
511
199
321
510
211
322
509
197
352
511
197
323
536
198
323
534
221
1433
544
202
331
534
198
324
531
200
317
531
195
330
546
219
325
531
200
317
527
189
320
532
202
315
525
194
323
522
195
315
525
185
323
524
201
317
518
194
319
523
191
336
522
188
343
529
191
330
521
185
319
524
182
306
525
182
334
517
187
376
550
217
338
523
209
331
515
215
337
518
269
349
526
181
334
515
202
333
532
210
333
515
205
328
535
208
329
514
204
319
518
199
323
517
204
348
524
203
339
510
200
318
535
202
314
543
209
313
532
201
337
534
200
309
534
199
329
525
201
341
604
222
336
536
201
335
534
200
331
529
205
333
531
194
331
523
194
328
549
230
331
523
208
333
526
215
332
526
191
327
525
187
337
528
190
327
521
192
320
521
195
329
525
196
324
524
191
332
523
189
336
524
187
316
521
185
333
519
187
319
585
196
325
520
194
316
521
210
332
537
189
322
542
182
322
535
182
358
526
183
325
538
185
316
516
202
365
522
207
344
549
200
350
550
204
348
533
198
345
538
202
347
535
195
346
532
201
345
531
209
340
533
198
342
540
205
348
530
211
349
1872
239
355
529
194
348
541
196
341
532
204
333
531
195
337
527
206
340
527
194
340
530
199
355
528
248
345
528
199
343
533
194
336
526
192
337
526
193
336
524
186
331
529
214
338
525
188
340
538
229
336
518
192
332
524
185
334
537
192
332
595
200
342
515
206
331
521
217
379
540
195
330
523
220
333
518
205
326
518
185
331
520
196
336
539
205
331
513
206
329
518
182
332
516
188
329
514
204
333
536
205
341
525
202
327
540
206
320
536
197
325
543
204
321
540
195
328
527
206
322
565
245
329
542
198
323
548
199
346
538
200
318
532
194
346
523
197
322
537
194
320
534
201
319
534
197
356
514
201
320
538
192
347
518
194
342
529
192
342
539
190
340
531
195
338
530
188
336
533
184
333
531
193
342
537
195
343
534
190
337
593
251
364
569
185
352
530
195
341
540
197
445
659
307
552
743
396
542
728
434
563
774
431
538
650
331
679
724
329
440
653
392
501
758
330
525
689
570
616
783
428
514
744
442
537
721
441
537
784
421
545
756
422
556
760
418
543
766
432
536
1050
405
535
757
401
534
750
411
552
758
388
475
775
396
524
741
326
427
666
285
456
646
295
429
656
282
454
671
299
453
569
303
447
654
299
448
787
498
633
843
477
606
762
412
622
745
508
549
760
477
607
827
483
600
759
409
614
754
452
552
786
463
634
746
482
584
769
476
617
831
487
607
767
496
604
738
476
620
770
365
626
757
516
597
778
487
642
746
490
503
771
477
580
815
487
565
762
427
634
734
294
610
757
428
641
750
495
538
782
501
542
828
500
630
785
499
659
774
484
568
798
473
640
844
421
631
772
506
568
739
480
614
765
482
572
843
419
611
776
501
572
854
490
610
777
467
572
831
428
541
769
477
635
849
419
614
768
469
571
843
420
601
770
499
613
804
419
599
756
407
622
809
414
622
790
480
576
781
476
599
781
529
550
829
494
604
769
466
572
825
466
649
778
491
583
831
412
563
776
458
583
784
418
625
771
451
573
739
487
635
767
447
560
831
485
618
769
488
596
883
516
646
803
480
633
802
420
619
763
478
579
744
504
578
768
474
566
753
497
616
778
501
578
750
476
548
754
412
635
800
484
614
763
408
656
816
407
548
757
501
593
755
504
649
780
416
579
732
478
558
768
464
579
838
513
617
765
476
568
824
413
609
762
403
583
756
394
570
754
499
560
754
490
611
778
464
575
815
412
655
787
384
609
839
485
557
773
392
545
855
496
575
784
470
660
827
429
544
785
483
556
737
484
582
783
403
628
760
471
570
779
345
572
758
499
645
757
399
598
734
395
590
764
479
597
742
391
636
755
491
690
747
419
649
774
472
587
840
484
650
748
495
606
759
427
574
777
488
594
767
413
554
773
466
583
751
468
572
779
472
581
730
437
556
788
468
594
818
511
632
778
424
653
856
439
577
765
481
590
766
488
570
779
470
573
760
419
571
783
472
576
758
402
624
792
400
584
743
474
644
778
487
574
747
487
630
783
389
642
842
398
657
772
483
558
841
409
552
775
472
568
780
421
623
773
470
578
810
477
553
778
466
548
850
473
605
767
458
584
746
453
610
768
398
563
828
469
648
773
402
649
857
391
557
786
412
629
776
483
553
772
409
647
764
473
551
779
502
631
784
493
580
768
419
630
739
484
545
771
469
649
848
470
566
795
467
628
765
474
585
791
495
591
761
421
576
777
402
668
850
419
631
775
408
584
764
379
567
783
474
584
824
398
643
776
470
591
867
486
626
765
419
579
754
405
558
784
464
580
770
484
656
783
498
579
847
406
569
778
454
571
858
494
636
770
466
574
819
408
637
770
449
576
765
472
505
750
476
594
744
506
620
808
518
440
799
490
548
758
489
610
844
437
652
808
483
588
807
508
636
819
420
564
796
502
606
793
476
584
758
509
675
795
403
641
839
436
567
809
478
586
791
501
576
802
485
565
790
482
550
797
473
583
784
471
637
724
518
566
849
427
640
800
391
640
846
401
664
786
402
646
897
415
648
793
394
654
844
412
635
779
403
583
768
470
596
802
483
577
788
422
571
804
477
636
839
411
644
799
409
590
831
414
644
774
464
628
864
419
640
787
399
579
797
429
571
774
446
573
781
512
632
786
398
585
783
507
636
801
486
570
861
489
626
798
497
621
871
426
664
796
493
600
858
502
650
794
485
598
782
489
666
790
485
582
851
484
670
791
489
655
899
416
648
801
474
585
856
487
645
792
463
590
843
411
642
829
446
580
873
309
480
695
301
556
711
381
479
621
206
458
724
341
451
655
233
516
750
206
388
565
189
381
558
180
388
559
179
371
553
180
366
563
188
371
555
182
372
555
187
377
554
178
344
560
174
351
552
197
354
565
176
361
548
180
379
605
203
386
568
214
380
579
197
374
592
261
473
715
421
511
710
300
504
730
298
439
621
271
454
636
231
399
599
238
382
595
226
404
597
229
465
679
305
492
685
313
497
760
303
495
691
313
474
680
303
491
692
312
477
694
301
483
695
310
472
699
301
488
672
320
492
675
297
476
685
312
498
690
301
487
679
306
477
677
291
481
671
311
468
677
294
479
673
307
474
686
303
475
672
302
476
685
335
492
667
299
493
675
297
510
671
305
605
688
332
522
665
302
467
664
280
522
672
304
472
733
287
507
691
257
506
672
289
464
651
299
494
747
283
466
661
299
500
687
298
515
672
303
502
652
288
510
685
326
495
692
318
524
684
318
504
693
299
514
694
312
497
696
302
504
677
320
496
681
221
388
563
197
390
573
193
381
577
200
383
569
192
388
564
192
384
567
188
375
563
187
377
568
194
376
583
198
375
584
184
382
560
193
369
586
182
377
580
189
373
572
182
372
560
189
373
562
186
377
589
193
373
564
180
378
558
230
389
588
190
375
584
188
372
562
183
371
582
188
368
570
178
365
562
184
374
575
177
375
572
191
370
576
176
371
576
183
378
583
178
370
579
196
365
565
203
362
573
196
363
573
200
385
578
200
366
567
195
361
558
177
363
580
196
361
554
193
361
582
202
387
559
198
375
590
217
374
590
207
396
582
204
403
588
211
382
584
197
387
583
199
379
584
199
408
576
198
388
589
197
400
592
202
387
582
195
384
610
240
386
585
204
387
578
196
379
576
196
386
576
196
380
575
203
383
588
196
383
576
203
376
576
204
376
575
199
383
569
195
387
574
188
373
586
185
377
579
197
385
569
208
373
607
196
374
603
203
373
607
220
383
607
191
367
610
185
393
595
204
372
604
195
378
610
199
406
601
192
396
596
203
390
642
412
505
660
207
395
597
195
394
611
189
403
595
179
388
592
222
381
608
192
384
594
183
383
592
213
451
607
219
383
585
221
378
588
180
375
585
211
381
591
218
375
583
221
383
581
214
387
587
208
381
585
211
369
586
208
378
594
219
372
579
262
405
587
213
370
593
243
386
584
210
375
606
206
379
580
208
370
598
205
368
609
206
372
598
209
377
598
206
369
605
212
395
609
209
385
595
203
395
594
202
387
597
197
386
595
204
383
594
200
387
596
202
388
595
201
386
597
206
396
597
281
392
594
204
382
600
237
417
607
198
381
596
198
390
587
210
383
590
196
388
597
197
394
595
191
388
597
206
377
593
188
383
590
199
375
587
192
406
587
193
407
590
190
397
586
187
399
599
192
387
585
186
395
582
189
403
586
205
388
587
235
416
588
195
407
610
193
405
606
188
383
609
198
414
606
198
409
607
185
403
606
189
467
732
192
422
609
197
410
603
191
411
612
219
395
604
200
439
603
204
403
604
204
508
611
235
402
635
224
434
601
205
398
601
196
406
598
200
404
604
1136
432
621
216
400
608
204
414
598
207
405
605
204
412
595
210
394
600
208
401
596
197
395
606
210
404
600
204
401
597
204
401
618
198
392
621
202
393
591
207
398
623
200
429
611
197
427
621
197
428
613
200
427
626
199
426
611
201
425
623
264
595
713
345
530
747
296
532
721
330
544
744
311
607
756
312
515
752
351
584
751
340
544
747
307
557
734
338
529
733
541
650
696
312
483
701
246
427
746
322
550
737
341
534
727
318
558
726
246
434
625
240
459
631
219
445
619
221
416
624
238
453
607
214
420
605
230
414
612
206
416
593
198
413
594
199
400
595
195
401
587
191
398
610
193
409
593
198
398
588
196
400
589
209
398
608
214
437
618
217
411
636
200
441
628
204
414
615
223
401
609
216
399
609
190
400
607
229
422
612
218
457
617
213
391
604
208
405
601
208
718
623
210
424
591
215
390
603
204
402
607
211
393
614
208
421
614
231
419
594
205
415
587
204
408
591
200
418
592
203
407
605
198
414
587
205
408
587
227
413
602
200
409
614
204
412
605
202
408
609
199
444
620
205
407
606
195
410
599
199
407
604
194
432
605
207
406
596
202
402
600
194
401
638
200
404
597
206
404
606
246
401
602
218
401
600
200
403
626
199
398
592
209
402
595
215
422
598
215
411
594
487
412
632
209
401
596
204
398
592
200
448
606
237
402
615
195
401
630
195
399
634
205
394
594
219
394
630
197
412
585
219
394
590
211
400
630
217
406
621
217
392
620
217
393
623
209
389
616
217
392
615
212
386
620
217
406
617
213
414
625
217
404
627
214
412
618
210
408
617
207
445
643
216
406
620
207
417
610
205
402
611
205
404
620
204
405
622
217
408
612
201
402
611
205
409
610
203
421
607
199
401
637
252
404
617
198
421
624
230
402
608
195
417
607
234
401
613
244
405
608
205
400
604
195
401
607
199
395
607
198
448
613
204
420
605
252
427
621
232
400
601
229
423
605
228
424
600
228
398
624
225
407
618
228
415
624
224
418
597
228
416
622
232
418
619
219
411
597
228
406
621
229
417
620
221
414
618
218
414
618
224
407
621
223
419
617
220
436
618
216
429
641
227
417
192
222
432
185
224
417
618
222
415
642
224
419
180
221
430
618
219
406
636
221
414
237
218
401
227
220
440
221
223
402
614
213
408
229
213
424
261
216
420
214
223
422
204
213
435
236
216
420
198
214
427
629
214
396
223
207
441
604
226
412
229
212
402
611
208
439
602
206
408
205
207
430
214
209
428
188
210
415
236
202
406
225
205
411
209
207
402
187
207
425
227
225
423
186
220
401
215
203
398
623
225
421
214
198
421
239
227
433
245
276
443
187
223
421
181
231
458
640
230
437
189
229
434
236
227
423
258
233
422
240
224
421
254
224
420
224
222
408
238
218
416
236
222
416
256
247
423
191
228
415
267
218
423
219
221
414
235
217
413
613
216
408
217
215
461
238
213
413
219
224
411
228
211
437
218
209
446
266
245
445
216
219
451
210
239
446
208
232
445
243
228
437
217
226
455
186
227
438
191
224
442
234
205
440
192
228
442
214
235
440
485
244
442
229
211
442
194
232
440
240
226
435
241
226
438
222
227
428
181
230
431
181
219
469
212
222
436
202
244
431
200
254
440
184
243
433
270
253
431
203
224
430
241
219
425
241
222
428
227
220
433
195
227
422
195
214
430
240
217
443
198
223
424
199
238
818
337
300
431
248
238
425
207
237
430
238
234
417
220
218
421
195
240
420
233
211
435
236
263
418
231
251
421
194
231
415
189
237
426
194
230
470
231
258
419
272
234
417
192
253
430
197
236
439
195
233
440
246
244
438
184
230
411
182
231
414
188
236
416
185
230
435
189
231
456
244
232
433
192
226
416
237
224
428
240
225
439
281
236
430
208
226
433
201
224
426
275
225
436
222
229
431
244
223
431
229
238
429
210
215
429
200
239
437
199
226
428
228
241
425
200
238
425
208
282
427
202
241
422
195
240
425
199
237
430
212
234
442
282
358
576
342
364
514
340
398
559
361
348
525
273
411
661
400
393
567
329
383
645
378
288
565
320
309
570
337
359
555
328
367
543
356
381
504
328
371
592
352
342
559
328
399
564
318
361
543
351
363
566
334
366
539
363
313
581
386
381
562
344
371
568
336
370
495
363
323
537
292
351
533
335
370
571
370
506
679
495
468
681
487
467
658
286
271
565
306
354
528
315
360
532
351
371
527
306
381
537
323
362
523
333
370
547
325
362
559
330
352
528
306
354
538
323
318
536
273
337
504
424
359
572
269
360
520
320
315
520
223
348
519
324
374
549
333
342
548
346
251
554
367
374
561
372
316
557
373
337
505
353
385
560
377
354
538
345
335
563
263
389
546
325
322
548
388
282
530
294
303
566
347
385
498
339
370
555
375
357
503
396
340
538
238
354
532
326
333
544
265
351
542
393
273
560
413
361
544
393
352
569
335
345
500
388
372
560
624
360
541
387
308
563
253
364
561
340
324
559
378
348
569
385
343
541
382
377
541
376
385
553
347
364
547
404
334
525
393
350
543
358
339
539
371
353
529
380
338
578
346
350
557
397
304
555
399
352
563
379
333
539
325
375
545
381
304
550
345
345
534
332
327
569
384
367
532
348
323
568
391
372
566
357
303
577
291
360
565
375
307
565
291
356
571
376
307
562
347
347
559
325
331
556
283
356
561
363
303
492
372
367
561
357
328
561
407
367
581
385
322
574
415
373
555
311
353
592
284
382
588
306
350
609
262
357
591
315
357
597
252
357
582
300
319
587
256
353
583
284
346
595
289
346
533
316
312
584
269
404
587
332
348
585
267
352
577
310
304
654
268
408
578
313
313
615
268
351
596
309
315
592
262
360
577
317
318
584
307
314
592
310
363
601
336
377
574
332
318
569
264
385
577
308
329
582
273
368
593
365
348
513
276
390
583
359
333
587
401
375
578
321
372
571
275
372
568
313
336
584
262
382
588
316
384
592
261
382
573
311
330
574
268
361
575
311
328
592
265
435
586
309
430
584
246
407
569
312
337
582
265
384
579
320
355
591
262
399
561
305
342
568
274
387
579
333
340
576
278
388
557
311
349
577
305
374
558
311
347
592
271
375
571
311
346
573
266
388
557
310
337
583
304
385
571
321
332
573
269
380
580
357
318
586
280
383
580
345
340
621
261
384
627
321
339
578
255
365
577
308
321
585
267
367
583
328
321
576
263
370
579
296
324
574
260
389
574
300
322
571
262
361
571
323
323
585
339
360
564
305
328
569
259
376
587
322
320
569
258
396
576
347
345
572
250
414
568
317
357
568
243
376
604
301
328
572
242
366
601
313
355
561
253
380
563
286
346
575
257
357
574
305
326
559
272
372
569
308
320
572
308
374
585
387
312
584
274
392
572
319
353
590
259
371
578
307
336
573
263
380
568
343
354
581
299
393
570
302
346
573
259
385
567
308
333
572
258
377
591
301
327
564
311
387
583
331
345
578
249
372
570
302
330
569
256
369
578
286
330
586
260
378
573
300
343
623
278
377
577
324
355
562
260
382
534
296
346
577
331
372
555
312
350
556
261
373
574
308
351
577
242
374
569
314
367
571
247
418
556
283
371
565
267
386
670
321
351
571
274
389
593
314
353
553
277
392
568
371
354
571
265
385
556
333
406
565
262
417
568
374
364
580
285
394
614
331
363
580
260
392
590
315
348
575
281
389
574
305
367
568
261
387
583
315
357
619
265
417
577
307
342
589
270
395
566
310
347
571
280
393
574
304
352
581
265
394
586
298
362
578
293
386
586
333
344
580
263
380
576
328
368
725
354
408
596
324
316
465
181
439
616
341
367
545
264
411
669
255
329
570
242
359
563
232
343
608
292
385
558
275
368
555
276
357
567
283
358
574
288
366
571
266
357
568
280
354
577
273
355
565
284
342
573
337
357
569
301
350
627
316
382
582
278
373
595
327
339
634
570
418
623
297
340
593
245
325
488
203
263
480
200
257
475
197
280
521
208
264
513
215
267
489
209
280
490
203
265
480
205
289
483
216
280
487
201
288
489
207
292
482
203
284
476
208
293
485
199
277
491
199
287
474
232
282
481
199
278
472
262
279
477
190
273
465
192
270
494
184
267
507
195
267
498
188
269
498
195
267
495
183
270
493
187
265
501
179
267
495
206
266
496
185
265
492
192
264
493
180
265
485
182
259
492
184
263
489
177
260
494
183
256
489
176
275
496
217
277
503
295
323
504
212
292
502
217
277
502
202
290
498
213
290
500
204
297
496
207
281
503
224
295
487
197
290
512
219
280
482
317
284
510
203
288
498
211
292
494
194
272
479
195
278
488
185
297
503
195
273
483
199
276
477
191
274
480
215
268
478
258
278
485
185
275
488
199
269
477
207
289
479
191
287
482
183
297
476
188
290
477
207
285
471
180
282
475
318
365
605
287
408
596
296
360
599
255
422
592
317
368
609
284
419
594
309
389
612
288
410
600
325
362
655
296
403
616
345
379
612
308
432
623
313
364
621
305
395
599
313
343
627
284
378
595
304
336
597
288
379
585
296
346
594
215
372
589
302
333
606
289
390
594
305
357
611
279
409
606
323
375
617
277
397
604
319
357
610
323
403
615
306
368
614
249
393
597
320
358
607
307
352
605
316
370
601
229
405
597
326
403
596
247
402
607
312
374
596
224
408
619
299
370
609
232
410
605
313
359
598
291
402
623
315
362
606
221
420
616
314
371
599
235
395
610
308
367
619
232
420
646
308
381
607
241
421
619
302
376
630
308
469
629
317
393
619
240
423
616
325
395
611
249
414
613
328
368
623
302
407
614
331
369
632
239
414
618
323
370
603
244
414
606
318
366
632
310
428
623
317
324
626
249
399
620
312
383
611
249
403
652
315
365
592
255
403
613
316
363
604
243
479
618
317
376
604
259
443
637
318
395
602
252
434
611
311
407
611
240
434
632
307
413
607
256
438
607
332
399
605
319
428
602
314
376
620
256
430
594
303
401
596
257
429
626
347
388
667
276
436
634
293
403
626
269
418
630
306
386
609
330
452
598
306
393
643
349
428
627
312
384
624
269
432
580
325
387
634
293
512
684
430
478
752
469
585
829
442
395
644
373
489
685
329
526
595
277
438
688
358
392
686
479
565
589
308
359
615
271
472
636
323
437
672
267
424
651
341
417
674
281
483
621
358
418
657
266
456
633
338
405
652
289
455
655
384
360
605
273
389
581
286
358
602
268
451
554
304
380
664
352
440
595
317
368
616
289
414
597
301
399
609
287
414
647
329
369
626
289
420
616
296
383
628
281
422
612
313
414
601
289
442
629
290
387
643
296
409
616
323
376
643
293
413
611
336
369
629
295
407
551
337
400
627
289
398
606
329
397
629
290
411
599
317
376
628
292
422
570
325
391
624
293
429
568
321
383
635
320
419
612
345
392
623
308
427
600
439
420
621
303
468
576
314
381
615
321
428
626
321
409
608
341
443
597
326
372
631
308
417
580
237
414
595
303
398
544
292
368
628
299
399
544
283
403
630
320
410
623
306
403
640
318
417
602
306
404
649
332
448
627
319
398
649
334
406
619
343
347
634
307
423
626
303
408
655
352
431
620
333
420
642
333
422
589
322
415
634
382
483
670
309
448
643
470
510
736
402
402
674
379
467
678
444
468
586
403
511
701
473
417
736
391
523
693
426
391
733
391
512
631
389
458
761
339
515
640
429
412
732
381
462
653
398
445
742
386
544
628
476
401
729
388
531
679
414
491
631
331
425
575
336
376
623
359
486
580
237
378
551
226
352
527
229
329
538
215
373
532
232
349
552
216
353
533
227
342
531
214
354
524
235
348
556
217
351
544
222
342
559
211
366
579
231
341
555
244
356
562
226
337
559
219
344
543
240
342
545
206
362
545
249
341
545
232
346
539
265
331
542
269
337
539
259
333
557
226
341
540
283
328
545
226
473
608
328
440
654
377
452
581
366
426
646
371
493
578
275
448
649
385
466
595
357
416
663
340
393
571
342
436
667
391
465
589
341
458
585
391
476
577
337
437
676
331
459
585
366
440
658
338
481
561
344
452
659
378
465
580
337
456
664
334
451
556
353
425
692
345
467
564
310
437
664
366
450
557
342
451
678
340
469
641
342
432
659
356
435
610
302
446
654
354
466
610
321
446
668
346
433
584
351
451
658
348
466
554
353
466
646
348
462
562
348
436
670
401
474
599
453
514
757
443
494
578
342
465
723
403
443
580
340
463
630
365
455
589
422
440
642
356
448
630
351
471
664
355
458
582
365
456
660
386
494
568
337
460
656
338
499
554
344
466
649
362
490
579
333
487
634
361
485
569
338
489
632
330
493
569
328
482
651
353
467
582
357
480
691
325
466
570
343
487
695
348
454
554
340
470
659
332
497
627
331
473
682
354
478
619
332
465
650
367
472
580
338
417
598
306
504
599
375
492
669
345
465
605
345
484
658
386
469
605
274
385
684
371
489
586
363
486
690
347
470
573
330
512
626
450
483
563
375
473
679
348
479
567
326
499
667
361
447
581
325
514
655
312
469
574
333
492
678
376
458
582
341
487
661
376
483
582
322
519
643
367
468
570
322
471
662
362
443
585
351
481
674
327
453
587
344
485
677
320
434
589
323
488
707
324
452
599
330
453
669
348
461
576
322
496
665
385
471
576
336
487
662
337
400
599
308
467
638
325
441
618
268
477
667
320
480
580
331
483
659
389
436
602
376
505
658
358
458
584
358
479
684
344
458
594
330
476
701
333
490
596
335
459
674
298
456
608
352
492
690
318
456
586
354
381
677
352
468
617
354
517
687
345
449
580
374
461
625
376
464
598
363
472
682
269
484
627
357
489
693
323
461
619
350
415
701
321
469
614
349
513
670
358
440
642
327
513
678
327
448
619
390
476
668
351
445
671
350
510
700
311
478
601
334
484
671
340
498
623
315
477
715
365
459
612
343
437
690
337
483
609
336
496
705
357
480
612
308
512
674
356
465
623
302
498
669
334
442
611
442
475
678
281
477
619
341
450
680
312
468
695
544
565
732
371
460
646
414
534
718
371
526
610
361
481
662
377
501
586
365
484
670
385
466
597
328
514
672
351
448
588
334
470
672
335
463
590
345
577
722
384
456
626
343
520
669
329
473
587
320
482
658
351
500
622
320
509
690
333
465
572
336
520
687
369
472
625
323
522
678
330
475
624
322
489
693
329
471
599
333
527
656
339
587
608
341
497
680
327
474
627
349
539
672
341
487
603
317
549
665
329
490
661
337
525
677
337
495
609
336
518
671
292
481
602
335
535
676
353
510
600
346
439
673
347
482
608
325
479
655
345
503
622
338
501
702
355
451
618
370
508
677
285
489
607
351
495
671
344
465
601
340
458
674
343
479
603
332
497
687
333
476
629
326
519
682
327
473
597
311
484
694
378
591
648
454
603
690
369
414
606
285
491
694
356
396
580
339
476
673
320
475
746
401
650
765
307
523
711
365
562
700
357
514
637
370
555
730
301
549
675
361
547
730
372
532
617
382
530
731
348
524
630
357
530
715
358
531
651
363
532
737
366
519
732
396
478
796
353
476
904
307
494
725
334
512
839
346
570
711
360
484
877
361
688
707
389
557
998
374
564
703
381
515
875
382
661
724
388
575
834
400
489
709
385
497
709
452
630
722
389
520
709
460
638
706
343
613
695
442
520
712
370
494
691
373
502
702
381
531
620
321
527
712
586
513
623
322
512
690
332
481
628
335
508
687
358
526
671
314
495
708
382
498
625
327
508
678
357
485
630
328
537
690
334
491
638
318
532
691
338
513
647
325
503
684
335
518
649
348
506
695
333
498
629
345
575
714
329
507
635
337
531
684
366
503
645
326
498
694
405
500
643
383
527
665
364
509
644
372
494
706
339
508
626
331
506
695
351
474
618
344
508
733
399
532
634
381
480
728
340
508
632
356
533
741
516
460
618
342
505
696
339
527
624
318
502
689
322
488
640
366
493
699
339
512
650
341
492
686
347
487
635
327
513
702
336
516
645
347
511
665
340
504
660
329
472
733
318
487
671
316
480
714
376
516
647
328
518
673
364
493
665
340
476
704
326
476
663
337
522
734
343
482
642
331
497
681
332
517
651
369
515
683
322
486
659
352
516
696
381
513
645
308
494
670
344
507
674
346
490
733
373
496
668
351
521
669
362
490
649
323
522
659
335
584
677
368
522
856
393
528
673
455
509
709
335
511
676
342
476
738
376
503
678
334
545
710
390
505
692
478
505
718
330
550
681
336
502
733
354
532
699
356
489
707
336
481
687
321
549
722
368
504
684
358
623
737
346
518
676
364
550
734
375
524
674
357
515
684
326
509
680
316
519
706
346
499
684
316
512
694
319
473
686
337
493
690
344
507
691
352
543
692
361
519
703
355
575
696
357
463
681
360
497
718
369
500
688
335
504
698
335
516
693
353
518
677
355
474
687
376
547
693
370
