1650
1620
1635
1594
1582
1624
2532
2517
2491
2485
1625
1885
1646
1599
1616
1591
1633
1616
1604
1597
1615
1603
1906
1622
2013
1597
1650
1598
1940
1585
1615
1598
1616
1620
1630
1949
1602
1937
1646
1617
1649
1653
1951
1585
1603
1591
2006
1611
1621
1609
1588
1596
1587
1597
1621
1628
1663
1610
1647
1583
1589
1884
2517
1900
1638
1593
1585
1600
1586
1626
1667
1596
1597
1619
1935
1610
1584
1596
1633
1615
1618
1587
1684
1593
1634
1915
1962
1734
1581
1616
1576
1591
1626
1619
1601
1623
1638
2557
2505
2551
2515
1663
1845
1632
1594
1597
1628
1630
1612
1600
1604
1592
1663
1910
1657
1612
1590
1605
1586
1597
1626
1635
1627
1609
1646
1621
1972
1595
1599
1619
1596
1585
1584
1586
1607
1627
1627
1629
1610
1646
1594
1609
1603
1630
1621
1633
1753
1569
1595
2556
2547
2514
2523
2567
2508
2548
2530
2521
2509
2511
2499
2542
2519
2518
2514
2542
2528
1631
1593
1593
1587
1916
1927
1662
1949
1597
1596
1624
1962
1960
1941
1592
1590
1588
1601
1622
1600
1927
1737
1619
1629
1627
2131
1595
1604
1606
1643
1629
1586
1624
1793
2267
1603
1916
1659
1593
1598
1771
1646
1727
1864
1666
1598
1597
1929
1609
1663
1615
1605
1879
1764
1718
1597
1601
1857
1644
1943
1668
2288
1680
1593
1591
1655
1593
1608
1636
1609
1623
1899
1784
1746
1631
1591
1653
1620
1614
1615
1594
1629
1595
1610
1590
1599
1904
1628
1606
1589
1584
1641
1620
1666
1596
1620
1621
1593
1867
1639
1626
1591
1893
1811
1589
1620
1595
1917
1620
1624
1637
1627
1598
1589
1618
1619
1603
1594
1617
1599
1589
1865
1633
1619
1840
1618
1588
1590
1625
1607
1646
1852
1601
1588
1597
1628
1621
1646
1599
1589
1612
1588
1932
1592
1639
1581
1591
1614
1625
1587
1595
1598
1604
1865
1629
1608
1616
1617
1662
1626
1605
1609
1615
1627
1614
1592
1944
1667
1594
1585
1593
1612
1634
1614
1620
1600
1580
1601
1632
1584
1892
1599
1605
1588
1596
1645
1643
1856
1701
1597
1870
1601
1622
1602
1593
1908
1633
1607
1928
1675
1631
1632
1643
1927
1606
1607
1839
1861
1653
1638
1611
1900
1597
1624
1909
1865
1640
1597
1596
1970
1862
1634
1596
1626
1616
1911
1621
1600
1614
1945
1619
1912
1608
1627
1919
1906
1592
1720
1684
1860
1892
1949
1576
1820
1624
1723
1617
2599
2556
1885
1620
1666
1656
2516
2565
2511
2502
2509
2508
2524
2513
1930
1603
1594
1579
1603
1591
1615
1597
1613
1641
1661
1711
1655
1611
1634
1584
1618
1621
1614
1597
1663
1808
1885
1844
1646
1923
1661
1623
1644
1594
1935
1604
1605
1984
1820
1644
1617
1674
1664
1597
1983
1634
1594
1637
1595
1644
1613
1622
1599
1964
1623
1644
1600
1602
1608
1610
1961
1601
1646
1906
1925
2004
1599
1629
1633
1873
1882
1852
1869
1928
1622
1964
1598
1602
1668
1602
1602
1886
1619
1598
1616
1624
1937
1599
1599
1622
1614
1600
1667
1607
1607
1867
1602
1860
1894
1869
1873
1625
1620
1932
1617
1604
1611
1603
1691
1870
1606
1618
1585
1604
1615
1623
1862
1663
1611
1622
1634
1601
1590
1604
1680
1625
1696
1643
1640
1614
1895
1697
1635
1637
1665
1722
1639
1640
1593
1593
1643
1604
1626
1664
1640
1636
1639
1629
1651
1667
1630
1618
1650
1615
1658
1643
1866
2479
1602
1783
1630
1653
1891
1597
1638
1643
1609
1653
1659
1624
1621
1944
1629
1611
1643
1886
1626
1948
1702
1910
1605
1605
1898
1625
1610
1601
1614
1588
1845
1612
1618
1604
1609
1634
1611
1623
1628
1607
1872
1616
1609
1639
1621
1634
1941
1602
1795
1880
1619
1724
1589
1616
1609
1746
1614
1635
1654
1588
1602
1600
1628
1623
1614
1603
1629
1774
1868
1593
1879
1937
1702
1711
1677
1623
1654
1604
1608
1620
1599
1613
1675
1658
1772
1587
1765
1604
1635
1966
1894
1601
1607
1605
1600
1636
1928
1647
1625
1603
1622
1602
1620
1969
1605
1605
1600
1637
1645
1654
1634
1624
1643
1625
1644
1609
1965
1708
1601
1856
1601
1645
1604
1631
1625
1848
1599
1662
1634
1605
1723
1649
1597
1591
1749
1620
1640
1689
1586
1623
1863
1599
1602
1633
1605
1599
1972
1598
1620
1668
1606
1605
1640
1633
1608
2550
1644
1832
2013
1636
1638
1785
1892
1625
1596
1861
1614
1624
1930
1613
2464
1603
1661
1594
1703
1865
2530
1631
1808
1917
1835
1724
1873
1631
1596
1682
1647
1613
1622
1656
1611
1610
1654
1679
1684
1866
1651
1679
1664
1669
1611
1606
1615
1715
1670
1768
1597
1610
1898
1661
1610
1608
1772
1595
1628
1656
1691
2136
1634
1613
1636
1711
1942
1678
1594
1603
1887
1892
1601
1622
1601
1595
1605
1638
1603
1597
1644
1614
1654
1902
1647
1608
1665
1643
1606
1639
1621
1607
1586
1600
1597
1603
1624
1946
1595
1615
1598
1601
1634
1610
1632
1629
1866
1596
2558
2501
2549
2552
1621
1853
1619
1646
1611
1626
1608
1600
1638
1592
1605
1613
1613
1614
1658
1626
1663
1701
1610
1626
1637
1617
1602
1654
1608
1611
1966
1949
1869
1606
1606
1596
1615
1896
1656
1647
1970
1607
1608
1651
1602
1593
1634
1626
1591
1607
1650
1601
1620
1621
1616
1631
1659
1606
1956
1619
1633
1607
1614
1856
1631
1652
1602
1963
1597
1971
1932
1919
1617
1642
1642
1597
1649
1616
1640
1633
1601
1923
1929
1618
1874
1609
1609
2139
1867
1593
1604
1669
1630
1708
1656
1629
1884
1600
1623
1601
1686
1627
1625
1798
1842
1936
1904
1932
1610
1600
1957
1601
1871
1613
1637
1969
1690
1626
1943
1619
1620
1596
1592
1621
1585
1871
1649
1636
1928
1604
1609
1627
1917
1611
1673
1607
1616
1623
1869
1885
1592
1628
1604
1610
1614
1631
1607
1622
1595
1633
1598
1619
1607
1658
1744
1605
1628
1636
1971
1590
1630
1614
1604
1607
1623
1627
1765
1626
1637
1607
1613
1582
1624
1614
1923
1631
1603
1942
1615
1611
1637
1603
1915
2147
1662
1628
1639
2519
1603
1616
1607
1964
1919
1974
1639
1606
1625
1621
1614
1620
1612
1694
1611
1967
1648
1654
1681
1609
1599
1590
1655
1656
1611
1624
1634
1941
1593
1949
2553
2565
2552
2499
2511
2557
2508
2490
1610
1592
1605
1645
1876
1616
1624
1663
1603
1797
1956
1631
1593
1594
1623
1639
1595
1604
1957
1930
1605
1664
1904
1938
1601
1583
1856