1643
1631
1637
1630
1639
1654
3151
1637
1635
1634
1658
1640
1630
1636
1635
2435
2432
2483
2434
2428
1621
1655
2422
2428
1616
1616
1631
1610
1605
1621
1612
1627
1614
1617
1605
1614
1622
1624
1621
1613
1634
1607
1621
1618
1617
1611
1621
1606
1632
1635
1614
1630
1642
2435
1612
1610
1621
1618
1649
1612
1616
1614
2416
2439
2408
2432
2429
1609
1597
1613
1607
1642
1617
1614
1618
1615
1627
1620
1620
1608
1619
1622
1636
1606
1637
1610
1635
1616
1650
1608
1618
1618
1609
1616
1627
1617
1646
1620
1621
1617
1604
1645
1613
1636
1624
1622
1617
1611
1617
1614
1620
1620
1654
1626
1651
1635
1612
1610
1606
1613
1615
1624
1606
1619
1621
1625
1616
1614
1609
1622
1610
1605
1613
1609
1625
1613
1632
1644
1637
1620
1610
1629
1617
1635
1621
1614
1608
1630
1608
1603
1644
1631
3257
1622
1659
1779
1616
1620
1619
1612
1631
1634
1635
1640
1615
1621
1639
1620
1682
1611
1609
1618
1641
1683
1617
1618
1661
1615
1628
1608
1615
1618
1613
1611
1623
1609
1614
1624
1610
1608
1613
1613
1624
1615
1631
1622
1622
1616
1618
1614
2430
1632
1611
1625
1624
1618
1788
1624
1615
1623
1635
1635
1633
1619
1706
1623
1619
1642
1633
1609
1621
1618
1614
1609
1612
1991
1632
1629
1620
1623
1611
1615
1614
1814
2434
1620
1670
1681
1683
1616
1680
2462
1660
1613
1660
1633
1723
1630
1635
1631
1639
1619
1619
1641
1618
1636
2454
2426
2434
1621
1613
1603
2468
1637
1632
1662
1647
1615
1622
1648
2422
2478
1620
1619
1624
1625
1625
1618
2427
2428
2433
2440
2427
2436
1617
1698
1626
1610
1610
3940
2430
2427
2420
2414
2416
2423
2435
2423
2444
2432
1613
1612
2455
2427
1606
1624
1606
1613
1626
1611
1621
1617
1622
1632
1610
1614
1620
1603
1628
1634
1613
1612
1612
1620
1616
1655
1640
1611
1625
1628
1614
1612
1627
1621
1622
1623
1628
1627
1615
1611
1627
1621
1661
1619
1619
1613
1611
1613
1614
1639
1608
1608
1618
1627
1608
1618
1609
1616
1606
1612
1613
1641
1614
1610
1606
1636
1612
1605
1606
1628
1611
1632
1616
1611
1611
1616
1611
1622
1605
1611
1619
1624
1645
1611
1633
1611
1609
1607
1608
1609
1614
1612
1611
1637
1610
1613
1608
1634
1622
1614
1614
1636
1614
1617
1623
1635
1611
1639
1616
1784
2427
2425
2427
2432
2408
1633
1623
1616
1616
2418
2434
2430
1614
1597
1623
1614
2434
2446
2429
2425
2435
2425
2426
1621
1615
1606
1615
1622
1626
1606
1620
2442
2438
2430
2434
2433
2422
1611
1617
1619
1608
2428
1611
1608
1616
1615
1641
1608
1616
1608
1646
1626
1605
1620
1613
1625
1610
1620
1608
1606
1626
1605
1617
1606
1606
1613
1632
1607
1606
1614
1647
1614
1622
1631
1607
1608
1610
1615
1620
1631
1612
1627
1889
1608
1620
1622
1620
1624
1671
1614
1614
1616
1661
2433
2436
2432
2436
2429
2438
2425
2435
2228
1617
1611
1624
1637
2427
2440
2429
2432
2435
1615
1614
1619
1634
1626
1611
1628
1607
1612
1635
1609
1626
1628
1614
1614
1611
1609
1610
1608
1609
1615
1613
1619
1661
1611
1621
1623
1641
1644
1617
1615
1619
1607
1614
1616
1623
1613
1617
1650
1612
1617
1615
1625
2426
1613
1612
1612
1625
1630
1617
1633
1621
1623
1619
1610
1610
1637
1609
1630
1622
1623
1615
1622
1611
1607
1623
1609
1609
1620
1614
1629
1619
1606
1608
1606
1651
1640
1612
1625
1626
1619
1630
1629
1625
1648
1622
1616
1644
1607
1608
1713
1664
1631
1615
1628
1617
1611
1613
1614
1610
1624
1625
1610
1612
1608
1614
1607
1619
1609
1619
1608
1611
1611
1605
1607
1622
1626
1618
1609
1622
1615
1608
1615
1607
1608
1633
1740
1620
1615
1611
1607
1630
1614
1609
1617
1644
1614
1613
1606
1621
1610
1613
1651
1625
1641
1609
1612
1615
1615
1634
1614
1613
1612
1626
1637
1623
1614
1625
1607
1643
1620
1613
1607
1614
1632
1615
1615
1604
1606
1608
1640
1646
1629
1626
1622
1620
1626
1622
1634
1619
1607
1607
1653
1606
1611
1607
1637
1619
1608
1609
1634
1606
1616
1619
1628
1621
1616
1612
1630
1628
2453
2428
2426
2436
2747
1628
2311
1644
1653
1911
1614
1615
1620
1620
1636
1649
1711
1643
1618
1608
1689
1822
1658
2162
1654
2485
2436
1626
1613
1616
1615
1607
1613
1691
1622
1638
1613
1618
1606
1611
1607
1607
1608
1611
1617
1619
1608
1607
1620
1605
1612
1611
1634
2454
1620
1609
1607
1622
1634
1622
1622
1624
1621
1625
1624
1642
1646
1609
1619
1635
1621
1643
1665
1674
1639
1652
1676
1637
1625
1619
1740
1687
1919
1725
1702
1682
1650
1622
1621
1647
1628
1630
1617
1666
1629
1623
1615
1622
1618
1642
1640
1638
1617
1647
1643
1624
1650
1625
1623
1614
1608
1642
1612
1619
1639
1711
1667
1650
1624
1652
1635
1651
1697
1623
1618
1616
1621
1625
1609
1621
1622
1622
1622
2429
1617
1631
1611
1606
1613
1622
1630
1611
1631
1625
1620
1621
1627
1635
1617
1612
1612
1619
1620
1620
1626
1619
1628
1611
1610
1631
1622
1637
1621
1631
1611
1620
1609
2416
1622
1617
1617
1610
1679
1613
1609
1616
1611
1607
1624
1612
1622
1622
1611
1624
1610
1609
1611
1616
1631
1658
1633
1621
1613
1612
1611
2020
1694
1629
1610
2432
2437
2431
1611
1629
1611
1625
2429
1658
1619
1662
1639
1611
1613
1608
1612
1615
1646
1615
1613
1615
1636
1611
1613
1612
2440
1621
1607
1613
1627
1623
1617
1610
1614
1625
1634
1614
1620
1606
1609
1647
1618
1626
1633
1610
1608
1611
1611
1609
1623
1631
1615
1724
1615
1613
1628
2448
1613
1615
1614
1632
1614
1621
1605
1613
1629
1612
1623
1617
1604
1606
1617
1633
1607
1608
1626
1627
1622
1664
1622
1695
1624
1613
1623
1619
1620
1612
1605
1615
1623
1619
1625
1619
1612
1624
1625
1612
1641
1621
1729
1610
1619
1618
1666
1637
1647
1621
1620
2437
2426
1607
1629
1649
1608
1653
1625